0.6105573331631463,0.6664523992073061,0.6223694332527993,0.6324319850812993,0.0,0.0,0.6447772704103107,0.0,0.0,0.0,0.5985930500409746,0.0,0.0,0.0,0.6330498806125232,0.6613355734295643,0.0,0.0,0.6590275247398655,0.0,0.0,0.0,0.0,0.0,0.6440443368582067,0.6416174807513495,0.0,0.0,0.0,0.0,0.0,0.0,0.0,0.0,0.0,0.0,0.0,0.6397721605139872,0.6592410240240163,0.0,0.0,0.0,0.0,0.0,0.0,0.0,0.0,0.0,0.0,0.0,0.6718612357726576,0.0,0.630359699078233,0.0,0.6796773377550517,0.0,0.6448514299180839,0.0,0.0,0.0,0.627725536086522,0.0,0.0,0.0,0.0,0.0,0.0,0.6463773026051886,0.0,0.6498122357782206,0.0,0.0,0.0,0.6620644045480374,0.0,0.0,0.6476481834321057,0.0,0.0,0.0,0.6147140994644935,0.0,0.0,0.6645743815388706,0.0,0.0,0.0,0.6503981751143012,0.0,0.0,0.0,0.6236800543877781,0.0,0.627375230495357,0.6672619849262269,0.0,0.0,0.6314090924122983,0.0,0.0,0.0,0.0,0.6378787041661185,0.6768850997268819,0.652618330863198,0.6090062972367939,0.6489366435714599,0.0,0.0,0.6551354377851304,0.6273721789260894,0.0,0.6552252183565408,0.0,0.6616661499004342,0.0,0.6194553781403809,0.0,0.0,0.0,0.6562682215210041,0.6293000792724966,0.0,0.0,0.0,0.0,0.0,0.670981803158163,0.0,0.6291780579029062,0.6455225553995132,0.0,0.0,0.6305609498135608,0.0,0.0,0.0,0.0,0.6543532389586132,0.0,0.0,0.0,0.6299946343390965,0.0,0.0,0.0,0.0,0.0,0.0,0.6617000449721728,0.0,0.6417827971619409,0.0,0.0,0.0,0.0,0.6277530618462197,0.0,0.0,0.6380797005329591,0.6535128525780809,0.0,0.0,0.0,0.0,0.0,0.0,0.6406614149914366,0.0,0.6389176562403319,0.0,0.0,0.0,0.0,0.0,0.6549823729337838,0.0,0.0,0.0,0.0,0.667530063169008,0.6522421349660225,0.0,0.6166715821478602,0.6183688789450812,0.0,0.651528125539557,0.0,0.0,0.0,0.0,0.0,0.6093626860343976,0.0,0.0,0.0,0.0,0.0,0.0,0.0,0.6562855947024431,0.6450510798573039,0.0,0.0,0.6557173616023894,0.0,0.0,0.0,0.0,0.0,0.0,0.6433619118356512,0.6290306886862322,0.663658932667993,0.6405508243024638,0.0,0.0,0.6665193006289619,0.0,0.0,0.0,0.6468059822647126,0.0,0.0,0.6574684967750856,0.6683374162190309,0.6474018901069495,0.6662194210603478,0.6721218416561225,0.6298048276354911,0.0,0.0,0.0,0.0,0.0,0.6387651179176448,0.644072613566812,0.0,0.6554144327659173,0.0,0.6666452437464172,0.0,0.6831164073523833,0.0,0.0,0.6365313241250491,0.6323227222381029,0.0,0.6495955106509059,0.0,0.0,0.0,0.0,0.0,0.0,0.6644333318505589,0.0,0.601447396405628,0.6484682232502337,0.6213613643184827,0.0,0.0,0.0,0.6523927204564538,0.0,0.0,0.0,0.0,0.6648706992809745,0.0,0.0,0.0,0.0,0.0,0.0,0.0,0.0,0.0,0.6273064017439318,0.0,0.0,0.6520530873090147,0.6548994341772298,0.0,0.0,0.0,0.0,0.6663265211302694,0.6601200010722665,0.6234520309735018,0.0,0.0,0.0,0.6414504231091076,0.0,0.0,0.0,0.0,0.6266179142235944,0.6408362193120444,0.6667384752097824,0.0,0.6153858154503675,0.0,0.6494748009133432,0.6502772977303959,0.0,0.0,0.0,0.639131406236736,0.0,0.6319122984886316,0.6520064837105403,0.0,0.6305645987540338,0.0,0.0,0.6512903283683696,0.0,0.0,0.0,0.6383441773331475,0.0,0.0,0.6305189607850763,0.0,0.0,0.0,0.0,0.646175061851561,0.0,0.0,0.647970841961044,0.643514491957718,0.6357154431225922,0.0,0.6883930184246355,0.0,0.0,0.6261044195244096,0.0,0.6459586905221372,0.0,0.6206203319802338,0.0,0.0,0.6379165398623424,0.0,0.0,0.6433766663814675,0.0,0.0,0.0,0.0,0.0,0.0,0.0,0.0,0.0,0.0,0.0,0.0,0.0,0.0,0.6439892238351854,0.0,0.0,0.0,0.6556635646560037,0.0,0.635453636115664,0.0,0.0,0.6056742835472858,0.6538142930447354,0.0,0.6483874083189003,0.6176458076696854,0.0,0.0,0.0,0.6411955695061986,0.0,0.0,0.0,0.0,0.666819133070331,0.0,0.0,0.6699868694855702,0.0,0.0,0.0,0.0,0.0,0.6277650986591886,0.0,0.0,0.0,0.0,0.0,0.6039342322022777,0.0,0.6450023342632837,0.0,0.6514052659633994,0.6253207508371074,0.0,0.0,0.0,0.0,0.6476646512160436,0.0,0.6418132655162065,0.6413730164498694,0.0,0.0,0.0,0.0,0.0,0.0,0.5997929640141112,0.0,0.6297325855583821,0.0,0.0,0.0,0.6108860207515757,0.0,0.0,0.0,0.0,0.6456509030387498,0.0,0.0,0.0,0.0,0.624269447420646,0.6696278227253596,0.0,0.0,0.0,0.6524873174868085,0.6333324189009464,0.0,0.0,0.0,0.0,0.6241758258663964,0.0,0.0,0.0,0.0,0.6549450168535994,0.0,0.6513511781632401,0.0,0.0,0.0,0.0,0.0,0.0,0.641694043166433,0.0,0.0,0.0,0.6830212403370284,0.6739273020007688,0.6385840626657612,0.6451371428396871,0.6306598817457949,0.0,0.6773204402307946,0.0,0.0,0.6291619758209435,0.0,0.6431730942035625,0.0,0.6314631129535155,0.0,0.0,0.0,0.0,0.675175207921073,0.0,0.0,0.0,0.0,0.6458945566886104,0.631380449960844,0.0,0.0,0.0,0.6692013985402114,0.0,0.0,0.6415716823251478,0.6397990620364228,0.0,0.6371988015715432,0.0,0.0,0.6391910420199728,0.0,0.0,0.0,0.6408576731486236,0.6126023811000335,0.6532863693287688,0.0,0.0,0.6521544917255144,0.6002051374350588,0.0,0.0,0.0,0.6360664849302848,0.0,0.0,0.0,0.6393069533221039,0.0,0.0,0.0,0.0,0.6388623162749631,0.0,0.0,0.6203723064279374,0.0,0.0,0.6564670599567578,0.0,0.0,0.6406118808838769,0.0,0.0,0.0,0.6401235499887974,0.0,0.6427855315591694,0.0,0.6321802109181868,0.6473342501257521,0.0,0.6365410982652234,0.6379130086413654,0.0,0.0,0.0,0.0,0.0,0.0,0.0,0.0,0.0,0.0,0.6562950927778504,0.0,0.0,0.6559974175104663,0.0,0.0,0.0,0.0,0.6616589270033305,0.0,0.5998831368342797,0.0,0.0,0.0,0.0,0.6457243669507883,0.0,0.0,0.0,0.6322157203215867,0.6308392773166168,0.0,0.6415543519481037,0.0,0.6489870689440331,0.0,0.0,0.0,0.6394218344375617,0.0,0.0,0.0,0.0,0.0,0.6333736985368394,0.6572282678295498,0.0,0.0,0.6527443532803391,0.6634828940796864,0.6242697554747395,0.0,0.0,0.0,0.0,0.0,0.0,0.0,0.0,0.6478830756516739,0.6209387912595696,0.0,0.0,0.0,0.0,0.0,0.6393505249371672,0.0,0.0,0.0,0.0,0.6068111899347659,0.0,0.6366388251341695,0.0,0.0,0.0,0.0,0.6590539650795472,0.0,0.0,0.0,0.0,0.0,0.6513818674686067,0.0,0.0,0.6375950684752365,0.0,0.647101224842332,0.0,0.0,0.0,0.0,0.6711834768270077,0.0,0.0,0.0,0.0,0.0,0.660887809952219,0.6570217878512186,0.0,0.6543809973480814,0.6248050364773078,0.0,0.0,0.0,0.0,0.0,0.0,0.0,0.0,0.0,0.6420252932881324,0.0,0.6285906015857002,0.6670453375061957,0.0,0.0,0.0,0.0,0.6092697545683352,0.6488946305462103,0.0,0.6549588283015958,0.0,0.0,0.6546151965972742,0.0,0.0,0.6711150313989998,0.6296284681356484,0.0,0.0,0.6484117895685755,0.650095297208807,0.0,0.0,0.6323377427526174,0.6514444798894224,0.0,0.0,0.0,0.0,0.0,0.0,0.6489128706567374,0.639986917715231,0.0,0.0,0.6296273551938706,0.0,0.0,0.0,0.6623397454815092,0.0,0.0,0.0,0.61683509251738,0.6453228308261635,0.0,0.66326902275791,0.0,0.0,0.6402681287217382,0.6329725345134526,0.6541881478989092,0.0,0.0,0.0,0.0,0.0,0.0,0.6315133304723162,0.0,0.0,0.0,0.0,0.0,0.6213278360442663,0.0,0.0,0.0,0.0,0.0,0.0,0.6232771586129913,0.0,0.0,0.0,0.0,0.0,0.6465655841048725,0.0,0.0,0.0,0.0,0.0,0.0,0.6261479627238224,0.6327093129146554,0.0,0.0,0.6397801994590387,0.6372949599375545,0.0,0.6528556458385572,0.6213405064315518,0.0,0.0,0.6470566038827961,0.0,0.6671873542725123,0.0,0.6322551575641404,0.0,0.0,0.6524658111750121,0.0,0.0,0.0,0.6626519846201229,0.0,0.0,0.0,0.6291987902037437,0.6435122498587901,0.0,0.0,0.6259602007126538,0.0,0.0,0.6251679057218317,0.0,0.6288395421732457,0.0,0.0,0.0,0.0,0.0,0.0,0.0,0.0,0.0,0.6412736031640432,0.6171639239986716,0.6349197402324314,0.0,0.6356355063249813,0.6439789391022429,0.6558184953208044,0.6597915066493656,0.0,0.0,0.6805956244375717,0.0,0.6574677255702871,0.6550663989579663,0.0,0.0,0.0,0.0,0.0,0.0,0.6443552969564176,0.651697541978507,0.0,0.0,0.638285050010238,0.6474156503511485,0.6547004875488526,0.0,0.0,0.0,0.6388546010915215,0.0,0.0,0.0,0.6673517325192588,0.0,0.0,0.6683240801883799,0.6243903563256872,0.0,0.6623693667342075,0.0,0.6440695702564386,0.0,0.660321167163786,0.6589361770776548,0.0,0.6569924117640967,0.0,0.0,0.0,0.0,0.0,0.6553492508679855,0.6372397960701748,0.6333540930438982,0.0,0.6664300228264867,0.0,0.0,0.0,0.0,0.0,0.0,0.6553572665149814,0.0,0.0,0.0,0.6344341358790514,0.0,0.0,0.0,0.0,0.0,0.0,0.6140998141557518,0.6375979584898325,0.6774581475987109,0.6494811701431389,0.6458920339592135,0.0,0.0,0.0,0.6218362009397368,0.659302389782522,0.0,0.6541339758785314,0.0,0.0,0.0,0.0,0.0,0.6527084833190891,0.0,0.0,0.0,0.669509388233529,0.0,0.0,0.0,0.0,0.0,0.6527137903666532,0.6488674158640106,0.0,0.6665118234567161,0.6582764656374195,0.0,0.0,0.0,0.0,0.647206989420792,0.6124355431670585,0.6403107367604515,0.0,0.0,0.0,0.0,0.6398964046996385,0.6381484637973276,0.6230660012471527,0.645516702559114,0.0,0.0,0.6565881465932973,0.6622498322741063,0.0,0.0,0.0,0.634233434695902,0.0,0.0,0.0,0.0,0.0,0.0,0.6300892779895146,0.6066249866168452,0.6448949307778618,0.6580619817597736,0.646756257935269,0.6391368769479254,0.0,0.6266448425257807,0.6224701003596141,0.0,0.0,0.0,0.6314960462744827,0.0,0.6175884172881239,0.6156889563570769,0.659100780513063,0.6440158407109684,0.0,0.0,0.0,0.6707423421461234,0.0,0.0,0.6193375205121372,0.0,0.6503348020400126,0.6221586410963067,0.6515181087735114,0.0,0.0,0.0,0.6313749333540386,0.0,0.6539327794801952,0.6456216441161675,0.0,0.0,0.0,0.0,0.0,0.0,0.6249660907424213,0.0,0.0,0.0,0.0,0.6547519760717427,0.0,0.0,0.0,0.6270443380932927,0.0,0.0,0.0,0.0,0.0,0.0,0.6300009219362726,0.6375510263026251,0.0,0.6292639936147422,0.0,0.0,0.0,0.0,0.6479965212196904,0.0,0.6215362177106621,0.6655408651669609,0.0
0.6887096840993451,0.7115680506968081,0.0,0.0,0.0,0.0,0.0,0.7140055984384458,0.0,0.0,0.704596462095446,0.6960168800620292,0.7057093418644658,0.0,0.7304747127052641,0.7204575260878365,0.0,0.7541373212426201,0.0,0.6899413606415116,0.0,0.0,0.0,0.0,0.0,0.0,0.0,0.0,0.6909272103618224,0.7025304770586097,0.0,0.0,0.0,0.6897062965000089,0.7196773721578107,0.741289070162286,0.0,0.0,0.0,0.0,0.7229408734613344,0.0,0.0,0.0,0.0,0.0,0.0,0.7113625763813846,0.705054757204461,0.7119947238408852,0.0,0.0,0.7190097728092104,0.0,0.7176680043291681,0.0,0.7011027513092721,0.7216846149934171,0.0,0.0,0.6961889135888273,0.0,0.0,0.7429693346865475,0.678436745558149,0.0,0.0,0.707831292151392,0.7120250176244186,0.0,0.0,0.0,0.7094791548719686,0.6935388496215176,0.0,0.0,0.7090946820538387,0.0,0.0,0.0,0.0,0.6879699519189365,0.0,0.0,0.0,0.0,0.7058197755690845,0.7331127353752395,0.0,0.0,0.0,0.0,0.7172736033311792,0.0,0.0,0.0,0.0,0.7154663532293002,0.0,0.0,0.7068788085336178,0.0,0.7281135203422856,0.0,0.0,0.6952986251286987,0.0,0.0,0.6882306586618456,0.0,0.0,0.0,0.7141292826020965,0.0,0.0,0.7151035400112783,0.0,0.0,0.0,0.7097339331938958,0.7164819596203795,0.7137263534027067,0.7177554106844882,0.0,0.7358176241084755,0.707459422795109,0.0,0.724640600044965,0.0,0.6867109959497265,0.6950954376009179,0.0,0.0,0.7012397315830462,0.0,0.0,0.0,0.7194545394575954,0.7336445931999837,0.7322154420035835,0.0,0.6941606451050536,0.702206605897782,0.0,0.0,0.6889852933277208,0.0,0.0,0.0,0.6953115893968778,0.0,0.7067289583598251,0.0,0.6961824920414897,0.0,0.0,0.681557153976899,0.0,0.6811569843712504,0.6877844849737051,0.0,0.0,0.0,0.6962011388269495,0.0,0.7211317857507729,0.0,0.6929832188004708,0.7074433107184359,0.7363262409294401,0.0,0.0,0.0,0.7186135518431462,0.0,0.7289968493685558,0.0,0.7460579302913032,0.7095084221665614,0.0,0.6905178725378737,0.705258881618633,0.0,0.6794855405501359,0.0,0.6967919969723049,0.0,0.0,0.6799867554215382,0.0,0.0,0.0,0.0,0.0,0.0,0.0,0.0,0.7231543299404223,0.0,0.0,0.0,0.7112759426648994,0.7172122320607701,0.0,0.0,0.0,0.0,0.0,0.698857159828878,0.7160331260188192,0.7074577256168015,0.7240842119335784,0.7432155393507484,0.7343760006754847,0.7311808630613198,0.7296652553334203,0.7424553689377914,0.0,0.0,0.0,0.0,0.0,0.0,0.0,0.0,0.0,0.0,0.0,0.7242960787384484,0.0,0.0,0.0,0.0,0.6953383658929043,0.0,0.0,0.6985245193596692,0.7158087955988431,0.0,0.6859623162919546,0.7051334374266004,0.7065667876937753,0.0,0.0,0.6864399633963146,0.0,0.7119455925225275,0.0,0.0,0.681232873339092,0.0,0.0,0.0,0.0,0.7083554436613722,0.6931722637603919,0.6839587475016433,0.7164707860779111,0.0,0.7119666243290579,0.7285366987397145,0.0,0.7365907449622352,0.7398412257773563,0.7171305687641759,0.7111071556860193,0.0,0.0,0.7246396607731291,0.0,0.0,0.0,0.7181917047315516,0.7077123779430939,0.0,0.0,0.0,0.0,0.7039185683694092,0.0,0.0,0.7056528360331941,0.0,0.6978145897304205,0.0,0.7284483003372436,0.0,0.0,0.6990296386152554,0.6996859523333143,0.7354579304656231,0.7024233984224496,0.0,0.6774769849969924,0.0,0.7008011137260874,0.6947871106536199,0.0,0.7033241223081701,0.7024955368259419,0.7164565382652428,0.0,0.0,0.0,0.0,0.6793349449309293,0.0,0.7024088988774014,0.0,0.0,0.0,0.0,0.0,0.7318034965429512,0.0,0.0,0.7361551527912594,0.7200178490047234,0.7032292304356222,0.0,0.7150260673622717,0.0,0.0,0.0,0.0,0.0,0.7289259043660835,0.0,0.6915265392749077,0.0,0.6985239666225629,0.0,0.7023758594548897,0.0,0.7248336670760824,0.0,0.0,0.0,0.6916766797239496,0.709728402029519,0.0,0.0,0.0,0.0,0.7126744870686256,0.0,0.0,0.7087068756562159,0.0,0.6962664486474556,0.6944228472083144,0.0,0.0,0.698337607742118,0.0,0.0,0.0,0.0,0.7345104448523341,0.0,0.0,0.7034246340360069,0.695334128420856,0.0,0.714687511657696,0.7205445047633751,0.0,0.0,0.7082763064909827,0.0,0.7148794004129881,0.0,0.0,0.7310837028751895,0.6857267257794348,0.0,0.0,0.6757264652838798,0.0,0.0,0.6839219211014068,0.7203778016536522,0.0,0.0,0.0,0.7092178933739491,0.7076936838319866,0.0,0.7125657079861775,0.0,0.0,0.7158505521951184,0.0,0.0,0.0,0.0,0.0,0.0,0.0,0.7000275933494055,0.0,0.0,0.7005075316837014,0.0,0.0,0.0,0.7191257756134118,0.0,0.7307753997317609,0.0,0.0,0.0,0.0,0.0,0.7092932200165016,0.7040574613631388,0.0,0.7279464866297691,0.0,0.0,0.0,0.0,0.0,0.0,0.0,0.0,0.0,0.7304678687122076,0.7303978807538414,0.0,0.0,0.0,0.0,0.0,0.0,0.6861845546211931,0.7197719303173348,0.0,0.7189574009988575,0.7096517998124101,0.0,0.7339635709006487,0.0,0.7508519267280037,0.0,0.0,0.0,0.0,0.0,0.0,0.0,0.0,0.0,0.0,0.0,0.0,0.0,0.0,0.0,0.0,0.7022358403795258,0.0,0.0,0.0,0.0,0.0,0.6775242932806661,0.0,0.0,0.0,0.7240888801889591,0.0,0.0,0.6907898732241867,0.0,0.6844478713918386,0.7206593799704138,0.0,0.0,0.6878745370342273,0.7227834974184486,0.0,0.0,0.7148472158183621,0.0,0.0,0.0,0.0,0.7393244665138741,0.7126735168391992,0.7086483787332276,0.7139175893423378,0.7269010368852542,0.0,0.0,0.0,0.0,0.736153471745298,0.0,0.741932192233506,0.7101573644716423,0.6834955013856784,0.0,0.7260075098289028,0.0,0.7415776923314435,0.0,0.7043387955782036,0.7210926890043509,0.7302071248837,0.0,0.6859374467035277,0.6958615508927607,0.6975142687384243,0.0,0.0,0.7199542347245722,0.0,0.0,0.0,0.0,0.6803442267612099,0.0,0.0,0.0,0.0,0.7130551998177238,0.0,0.0,0.0,0.0,0.7016033158447875,0.0,0.0,0.0,0.7280080855466565,0.0,0.0,0.0,0.0,0.0,0.6999838446437886,0.0,0.0,0.0,0.0,0.696568119490733,0.0,0.0,0.0,0.0,0.0,0.7155469787693765,0.0,0.6937347418140254,0.0,0.0,0.0,0.0,0.0,0.0,0.6903103372358212,0.0,0.0,0.0,0.7100010012901471,0.0,0.6890287421851022,0.725341926624952,0.0,0.0,0.7185444039982063,0.0,0.6930671958913668,0.0,0.0,0.0,0.6907715835423088,0.7005844341364212,0.7305548479037839,0.6843636515229499,0.0,0.0,0.6985601234978955,0.0,0.0,0.7274392440625236,0.0,0.0,0.0,0.0,0.0,0.6939914325443466,0.0,0.0,0.0,0.6969799936168258,0.0,0.0,0.0,0.7111101606076271,0.0,0.0,0.0,0.0,0.7098698822293141,0.0,0.7092223614227928,0.0,0.0,0.0,0.0,0.6895055932359939,0.0,0.0,0.7277544183044268,0.0,0.0,0.0,0.0,0.6949403824204375,0.0,0.0,0.0,0.0,0.0,0.0,0.0,0.0,0.0,0.0,0.0,0.7263686090006525,0.0,0.0,0.0,0.734898322150714,0.7110737988614064,0.7173210411805152,0.0,0.0,0.0,0.731669548555112,0.6926030077800314,0.0,0.0,0.0,0.0,0.0,0.0,0.73851098924019,0.7149811532929339,0.0,0.0,0.0,0.7123218933464038,0.6914246755086711,0.7311700904886218,0.0,0.0,0.0,0.0,0.0,0.0,0.6838159963117894,0.0,0.0,0.7054600838701246,0.7465689689007693,0.6955314441456838,0.7172847087688853,0.0,0.0,0.698362192061006,0.0,0.7199461037877883,0.0,0.0,0.0,0.6925551429787593,0.7560144079226152,0.729648523157864,0.0,0.7175337178499698,0.0,0.0,0.7298708851307277,0.6824775810433227,0.0,0.0,0.0,0.717272302039984,0.0,0.0,0.0,0.0,0.0,0.0,0.0,0.0,0.0,0.7229558179888135,0.7204795856882887,0.712186677250494,0.7047429262821361,0.0,0.6946137855340507,0.0,0.0,0.0,0.738506839119253,0.0,0.7244113117897713,0.0,0.7086902011516383,0.7043560210966507,0.0,0.0,0.0,0.0,0.7124650740417273,0.0,0.0,0.7308180843578187,0.0,0.0,0.0,0.7071104289913085,0.0,0.6902277781107169,0.0,0.0,0.0,0.0,0.0,0.0,0.7242070639873,0.0,0.7068874698541269,0.6818660468658657,0.0,0.7465443259614761,0.0,0.0,0.0,0.0,0.0,0.0,0.7096145771694579,0.6978030932591859,0.0,0.0,0.0,0.7010631896913075,0.6919954681648621,0.0,0.7428590060839795,0.0,0.0,0.0,0.7070819802137711,0.7047380877370868,0.0,0.0,0.0,0.7114411066570306,0.0,0.7236707198743505,0.0,0.7290502393011666,0.6835416012391096,0.0,0.0,0.7234515823233507,0.0,0.7363331093203487,0.0,0.709952047515812,0.0,0.6747486981188825,0.0,0.0,0.0,0.0,0.0,0.0,0.684555045615294,0.0,0.0,0.0,0.7292685341784032,0.0,0.0,0.0,0.7045263117272966,0.0,0.0,0.7396081874975793,0.0,0.0,0.6960234234794027,0.0,0.0,0.0,0.6949393341501295,0.0,0.70279135491644,0.0,0.0,0.0,0.0,0.0,0.6934799459033372,0.0,0.0,0.0,0.7219123667603736,0.0,0.0,0.0,0.0,0.0,0.7240510826742713,0.6742508564407924,0.0,0.0,0.0,0.7039981481319832,0.0,0.7018935688161889,0.0,0.6806635752981993,0.0,0.0,0.7160230331109508,0.0,0.7156865689077905,0.0,0.7200915282196058,0.707279095719327,0.7176816222647592,0.0,0.0,0.0,0.0,0.0,0.0,0.0,0.738184747229269,0.0,0.727795831898515,0.7236988206658397,0.0,0.0,0.7454468157761392,0.0,0.0,0.0,0.0,0.7100818563345819,0.6980641922380709,0.0,0.6837610856313265,0.0,0.0,0.0,0.0,0.0,0.0,0.0,0.0,0.0,0.7430958584000849,0.0,0.0,0.7012729014450655,0.0,0.7103142204459971,0.0,0.0,0.0,0.0,0.0,0.0,0.0,0.6987475646292173,0.0,0.0,0.0,0.0,0.6941660756867554,0.0,0.68776523955672,0.0,0.0,0.7182844060380158,0.7277524649492977,0.7310845248104457,0.6931912667590164,0.0,0.0,0.0,0.0,0.0,0.7028788162414324,0.7227874999636238,0.0,0.0,0.7161064905878004,0.7036812915352838,0.0,0.0,0.7144840937534804,0.0,0.7003271056093564,0.0,0.0,0.7182404741421504,0.0,0.0,0.0,0.0,0.0,0.7236804211432876,0.0,0.0,0.7013882965268027,0.7163925767502091,0.0,0.0,0.0,0.0,0.0,0.0,0.7134079013016668,0.0,0.0,0.0,0.0,0.7178878488495901,0.7426649618625034,0.0,0.0,0.7012376218322949,0.0,0.0,0.6582835963694142,0.0,0.0,0.7150823599882667,0.0,0.7181621199167753,0.0,0.0,0.0,0.0,0.7218640505353462,0.0,0.0,0.7393935073873046,0.0,0.695797773119129,0.0,0.0,0.7351871199500553,0.0,0.0,0.7127848436497946,0.0,0.69848181265698,0.0,0.7001557776204975,0.0,0.0,0.0,0.0,0.7124488420489059,0.0,0.7002780509916027,0.0,0.6892172904626497,0.7149603280873073,0.0,0.0,0.730139275059655,0.0,0.7099014209715543,0.7234943804090673,0.0,0.0,0.7250938322230357,0.0,0.7397440152249555,0.71604858022059,0.7126706047249688,0.7164943392078049,0.698355839343048,0.0,0.0,0.7047652586453984
0.1321163468326173,0.0,0.1708551187658663,0.16365695486480022,0.0,0.1532994447245618,0.0,0.0,0.12248297456410823,0.16297929332141434,0.1802786059047584,0.14332552044373323,0.15981370890814525,0.0,0.15550956871424484,0.0,0.0,0.0,0.0,0.0,0.0,0.0,0.0,0.0,0.0,0.14747996771311536,0.0,0.0,0.0,0.14611711052751827,0.0,0.0,0.14439337447797282,0.0,0.14588303315935777,0.15001861553720156,0.0,0.0,0.0,0.0,0.0,0.15247960640683786,0.15651858802577975,0.0,0.0,0.13342314328777963,0.13521866557052256,0.09357736816650812,0.15469281580098054,0.0,0.0,0.11644196690995647,0.1652435349812564,0.0,0.0,0.15499618971520343,0.0,0.1401356554562706,0.1680722005747628,0.0,0.0,0.15015745009724618,0.1494981947899504,0.0,0.15776011909870122,0.0,0.15152626914452952,0.0,0.0,0.13845401568087953,0.0,0.0,0.0,0.13897848310172445,0.0,0.0,0.0,0.15382029209316606,0.0,0.14557910418716113,0.0,0.0,0.0,0.17431129045428248,0.0,0.0,0.1314458629837298,0.11982812761428357,0.0,0.17270442807447292,0.0,0.0,0.0,0.0,0.0,0.0,0.0,0.0,0.0,0.0,0.0,0.0,0.0,0.14507902610306,0.0,0.0,0.0,0.0,0.15127610636725736,0.16758893063912267,0.0,0.0,0.0,0.0,0.15180838789952733,0.0,0.0,0.0,0.16927185516746718,0.13368316094458113,0.11789975617974834,0.17822909541522514,0.16815879224745675,0.11546742713294234,0.0,0.13582661048317343,0.0,0.0,0.1510267422117007,0.0,0.1374497874214729,0.15498491081195015,0.1712356431621075,0.0,0.0,0.0,0.0,0.0,0.1401505090241402,0.0,0.0,0.14941522245528252,0.189618797807436,0.13675127505096965,0.0,0.13863226740159812,0.0,0.17011329679076864,0.0,0.0,0.0,0.1628960443892163,0.0,0.0,0.15660734778092242,0.0,0.11725038870436026,0.0,0.13936435660612626,0.11970610044148469,0.0,0.0,0.0,0.138974034159731,0.0,0.0,0.13639855442994048,0.0,0.0,0.0,0.12947974760055872,0.0,0.0,0.1427550179607432,0.0,0.0,0.0,0.0,0.13626923956980125,0.16663141839152754,0.12996198074407417,0.0,0.0,0.14088584868868967,0.0,0.0,0.0,0.0,0.11656224326257132,0.0,0.16573695085405543,0.16708718137211337,0.19326726223616372,0.17212553743632553,0.0,0.13746381594032406,0.0,0.1305555092992135,0.0,0.0,0.15526884657052548,0.12927681262559715,0.0,0.0,0.15561460007599795,0.0,0.0,0.0,0.13612415210558115,0.0,0.1614867023368627,0.14186693367216266,0.1464083866564702,0.0,0.1270026731845067,0.0,0.0,0.0,0.0,0.0,0.0,0.0,0.0,0.12109865114918501,0.0,0.13066318029264412,0.0,0.0,0.15572462871412251,0.0,0.0,0.15185108338706776,0.0,0.0,0.0,0.14522709203373077,0.13900140905144448,0.0,0.15817389000314855,0.15179567062237387,0.0,0.0,0.13318946202941961,0.16977723706691847,0.0,0.0,0.13809412206431645,0.0,0.0,0.13932797975241576,0.15092444744698214,0.0,0.13828004658134754,0.14504792090559185,0.0,0.11832418687961153,0.0,0.16087812942448837,0.13994172837846228,0.12795281094452213,0.16078619088450127,0.0,0.0,0.16858251788761408,0.0,0.15319809824731168,0.0,0.0,0.0,0.0,0.0,0.0,0.0,0.0,0.0,0.0,0.0,0.139704401798823,0.0,0.0,0.0,0.0,0.0,0.0,0.0,0.0,0.0,0.0,0.14788649114253807,0.0,0.16964903116289823,0.15542982050580734,0.0,0.0,0.1831328462581465,0.0,0.16951795324460325,0.0,0.0,0.15675227555435794,0.0,0.11633294537564712,0.0,0.0,0.1668122675834683,0.0,0.14558299478369316,0.1546455897787403,0.1542546661607944,0.16430990651817157,0.0,0.0,0.0,0.0,0.0,0.0,0.0,0.15485014043998616,0.0,0.0,0.0,0.0,0.0,0.0,0.0,0.0,0.09717308083636465,0.0,0.0,0.14208153159449718,0.0,0.15913635124680797,0.13405257797949396,0.0,0.150379073129419,0.0,0.0,0.0,0.0,0.0,0.0,0.0,0.0,0.18067949731600957,0.1362406104113572,0.0,0.0,0.1234663750459062,0.0,0.14532561742663666,0.0,0.0,0.0,0.11396006078405374,0.0,0.0,0.0,0.0,0.0,0.0,0.0,0.12959940964987807,0.14257582727347137,0.10341559649721999,0.1377706240498892,0.0,0.0,0.12524709483888993,0.0,0.0,0.14791711188943138,0.13338004456896857,0.0,0.0,0.0,0.0,0.0,0.13399192595691958,0.0,0.10622690311070383,0.12563458810221415,0.13470433904134277,0.0,0.0,0.0,0.0,0.0,0.0,0.0,0.0,0.0,0.0,0.0,0.0,0.0,0.0,0.0,0.1761144963904178,0.0,0.11873790967568015,0.0,0.148736836492078,0.1514944495885212,0.15282702001574397,0.0,0.15697600005483112,0.0,0.0,0.0,0.0,0.0,0.13199782825505052,0.13629752017624186,0.0,0.0,0.0,0.0,0.15320003145497804,0.0,0.13662383853532895,0.16177456236120505,0.15415999470992475,0.0,0.0,0.12458323535048522,0.15161933633663643,0.0,0.0,0.0,0.0,0.10729411117371145,0.0,0.0,0.0,0.0,0.17211425594911692,0.0,0.0,0.15173183999713813,0.0,0.0,0.1668509094462576,0.0,0.13232693446807825,0.0,0.0,0.0,0.0,0.11297869739476804,0.14027176994231788,0.14616884221449186,0.163940388719119,0.0,0.156240228758041,0.0,0.13046185299324492,0.0,0.0,0.0,0.0,0.14500272857833796,0.0,0.0,0.0,0.0,0.0,0.15389073385790658,0.0,0.0,0.0,0.11671510262755108,0.0,0.1654701263561516,0.1757239817349956,0.0,0.1286417269343615,0.0,0.0,0.0,0.0,0.18200974375675538,0.0,0.0,0.0,0.0,0.0,0.0,0.0,0.17990280689388066,0.0,0.1326487168823692,0.13243082514828092,0.0,0.1520893199682313,0.16041969367847525,0.0,0.0,0.20006000821225361,0.0,0.0,0.0,0.0,0.0,0.0,0.0,0.0,0.16739659244399635,0.0,0.15034071958855694,0.0,0.14656478399320547,0.10851856885262513,0.0,0.0,0.0,0.15025171514311847,0.0,0.14505585865468226,0.16572065078622653,0.10919985986006428,0.0,0.0,0.0,0.0,0.1556119544424214,0.0,0.17809226423679173,0.0,0.0,0.0,0.0,0.17363849600577116,0.0,0.0,0.08964375232298634,0.0,0.0,0.0,0.0,0.0,0.0,0.0,0.0,0.0,0.1674541815074781,0.0,0.0,0.18514633149243273,0.0,0.15724182798498978,0.0,0.0,0.0,0.0,0.10984731297077868,0.0,0.0,0.13664429688972074,0.0,0.16122795064106038,0.1275854456219333,0.12123147577015991,0.14795550202533148,0.1391018775586557,0.11512502597777753,0.0,0.0,0.13388196136529767,0.10641429439007404,0.0,0.0,0.16036444517635862,0.0,0.1416721170108014,0.0,0.13925482631246475,0.0,0.12970819315285773,0.14878993138253555,0.0,0.12860594727298813,0.13064334456135765,0.0,0.0,0.0,0.0,0.0,0.0,0.0,0.0,0.0,0.0,0.1413130382445689,0.0,0.16244364176698473,0.0,0.0,0.0,0.10688960476453745,0.14901758209649604,0.0,0.0,0.0,0.12200955284616558,0.0,0.0,0.0,0.0,0.0,0.0,0.0,0.1023648412605308,0.0,0.0,0.0,0.13559330487067306,0.0,0.0,0.0,0.0,0.0,0.0,0.0,0.0,0.0,0.0,0.0,0.16871290421085988,0.0,0.0,0.12192439039194425,0.0,0.14601118906539676,0.0,0.0,0.0,0.0,0.0,0.0,0.0,0.0,0.1623439621068211,0.12267593954543703,0.0,0.0,0.14796070582091372,0.0,0.16191311293413027,0.0,0.15693583920466517,0.12591402394634485,0.0,0.1408767479686788,0.17181059715997798,0.18118342616405425,0.14171991509816698,0.0,0.12968795950445863,0.0,0.16726245621702493,0.0,0.0,0.15481612054959892,0.0,0.15700287754181422,0.0,0.0,0.14121785208278617,0.0,0.0,0.0,0.15245837635482973,0.0,0.13539519559912624,0.0,0.15015571320806292,0.14686933072393263,0.16356086397730685,0.0,0.0,0.16434390214645983,0.0,0.15825717636340367,0.09677770895819426,0.0,0.16492484423361803,0.0,0.0,0.1887196135542993,0.0,0.1628362772904581,0.0,0.0,0.0,0.0,0.14527974046596545,0.0,0.0,0.1664758178719099,0.1435033203296321,0.0,0.0,0.16569114798408205,0.13682289779831086,0.0,0.0,0.0,0.16336303681568887,0.0,0.0,0.13865791378222259,0.0,0.0,0.0,0.0,0.0,0.0,0.0,0.0,0.0,0.15988171495098144,0.1379444938800366,0.0,0.13332567778132473,0.15112390890348043,0.0,0.0,0.0,0.0,0.13386510826379228,0.14010822892167832,0.14259048177140693,0.0,0.0,0.0,0.17887593250140946,0.0,0.0,0.0,0.12627669281622267,0.0,0.0,0.0,0.15689133909235556,0.0,0.152095898299443,0.15094348090698126,0.16629784556507532,0.0,0.1624913035276232,0.0,0.11386365428669236,0.15907707119151498,0.0,0.0,0.11800805719622555,0.0,0.1371594552381524,0.0,0.0,0.0,0.1485128268882634,0.0,0.1715177349108314,0.0,0.15645199056260514,0.0,0.0,0.0,0.0,0.0,0.0,0.0,0.0,0.0,0.12902683330328457,0.0,0.1332582033067374,0.15085150186811055,0.16652633732780137,0.151844909551573,0.14998794403689886,0.0,0.0,0.0,0.0,0.14240734468791338,0.0,0.0,0.15650306885576476,0.0,0.0,0.16968639602722507,0.0,0.0,0.0,0.13140971705557808,0.0,0.14877333842988955,0.1353869179218213,0.0,0.11873470103068942,0.17427682970124708,0.0,0.0,0.14238782356873647,0.14384662085738947,0.0,0.0,0.0,0.0,0.0,0.0,0.0,0.0,0.12688262443943532,0.12566398690944275,0.119212689409278,0.1277162311393731,0.14412202055016982,0.0,0.0,0.0,0.15324147830630935,0.0,0.0,0.0,0.0,0.0,0.15404751004267095,0.0,0.17590063875664416,0.0,0.0,0.16161489092836917,0.16143384522067583,0.0,0.0,0.1261345817165307,0.14617235298209835,0.15318074996400144,0.0,0.14781040781250812,0.0,0.0,0.15826943924403292,0.0,0.0,0.1449275920220236,0.0,0.10849127630515193,0.0,0.11211729339176578,0.16798292327556796,0.16669370101699857,0.0,0.14210070542037148,0.13487254776923666,0.0,0.14230826055924028,0.0,0.14247821957543555,0.16051880466915622,0.0,0.17085505853607183,0.0,0.0,0.0,0.1331630954070366,0.0,0.12537265771721348,0.0,0.0,0.0,0.17103174499598314,0.1800491527206315,0.1361198306161052,0.14766878983019954,0.13490739716696695,0.1667724727955055,0.0,0.0,0.15522960913913378,0.0,0.15516369736237506,0.0,0.0,0.0,0.1642754757717257,0.1603234907649104,0.1509763000628059,0.0,0.0,0.0,0.19290724240210122,0.16627176243011269,0.14968438338008977,0.13290879134052627,0.1138678305758593,0.0,0.0,0.0,0.1540565823690721,0.0,0.12722989097814916,0.0,0.0,0.0,0.0,0.15464120345939633,0.0,0.0,0.0,0.0,0.0,0.0,0.15832393357729166,0.0,0.11423473860182715,0.0,0.0,0.14026491006943587,0.1410223260433452,0.0,0.1299854636093776,0.0,0.13882232600704034,0.12491501084266414,0.0,0.1667008753042519,0.1293897938472863,0.0,0.0,0.1728510017938238,0.17235472248010372,0.15020192642243205,0.0,0.0,0.0,0.0,0.15535681054781506,0.14149585383432603,0.0,0.16972226068500562,0.14994785991871398,0.15953378432147872,0.0,0.0,0.0,0.17671086292713103,0.15458743856340498,0.16781705063164706,0.0,0.1698997924392377,0.1524198225411669,0.0,0.12953202047601028,0.12895193022714585,0.0,0.0,0.0,0.13495839449867922,0.1450070779708274,0.0,0.11246559650845869,0.1397674276147437,0.0,0.0,0.0,0.1825380937964282,0.0,0.1203681328040369,0.17261013844637602,0.0,0.17605936523059343,0.0,0.0,0.0,0.0,0.0,0.0,0.0,0.0,0.0,0.14083007689368982,0.1558585522802816,0.13259707780357577,0.15003410880472948,0.16036097892855405,0.14724470970656234,0.14463782911892928,0.0,0.0,0.0,0.0,0.14307489485464153,0.0,0.0,0.0,0.13783851765438582
0.0,0.7597905017074382,0.0,0.0,0.0,0.0,0.0,0.0,0.0,0.8282404197978886,0.0,0.0,0.0,0.0,0.0,0.7929704005758842,0.0,0.7759251151564786,0.0,0.0,0.0,0.7608382431220138,0.7964830163918281,0.0,0.0,0.0,0.7975925847409868,0.0,0.0,0.8184549020940914,0.0,0.7815049748295176,0.8143525103722468,0.7919448002588129,0.0,0.0,0.0,0.0,0.0,0.7922735196229521,0.0,0.7808052254810282,0.8322378329148784,0.0,0.7831882829117529,0.0,0.0,0.8182103294189678,0.7743750022338262,0.0,0.0,0.8165200706980473,0.0,0.0,0.0,0.776083522648045,0.8149839224443932,0.0,0.0,0.0,0.7810688572085388,0.0,0.7801097553802966,0.807342705817596,0.7867569446665177,0.0,0.0,0.0,0.792291997060312,0.7908762713757829,0.0,0.0,0.7957412172317097,0.7604597018770306,0.0,0.0,0.0,0.7977295585600617,0.0,0.0,0.0,0.7820832753042721,0.7817045430322853,0.0,0.0,0.0,0.7986307494361538,0.0,0.8056139949682452,0.7985085025088982,0.0,0.0,0.7893935760583637,0.0,0.0,0.0,0.0,0.7907723347426072,0.0,0.0,0.0,0.0,0.7828918434999917,0.0,0.0,0.7661410235772732,0.0,0.0,0.7697009653400729,0.0,0.0,0.0,0.781530283031179,0.0,0.7897085751517205,0.0,0.0,0.0,0.0,0.7671398982856541,0.8033388499428378,0.0,0.7855712039815468,0.7922796206623943,0.0,0.7935181267434706,0.0,0.842721597679804,0.0,0.8404894641771916,0.0,0.0,0.0,0.0,0.0,0.0,0.0,0.7820808225950754,0.7758677215734088,0.8222524325725036,0.0,0.0,0.0,0.0,0.837006923867484,0.7751234715053634,0.0,0.7825377164880442,0.7924311173182673,0.0,0.0,0.0,0.0,0.8016077064938967,0.7691309223462868,0.786200753727617,0.0,0.0,0.7987574558509285,0.7953546213266104,0.8126021997367122,0.0,0.0,0.0,0.0,0.0,0.792736902569971,0.7592926205143891,0.0,0.7842280732706849,0.0,0.0,0.0,0.0,0.7928114057836448,0.0,0.0,0.0,0.7839493326546835,0.0,0.8033028839699244,0.8028490514426808,0.0,0.8203036410835407,0.8265795273397333,0.7925793219203956,0.7759257779620966,0.760789754921145,0.8009901843342296,0.0,0.0,0.0,0.7855162723496898,0.0,0.0,0.7465069432428205,0.7818449333412378,0.0,0.0,0.8134891129764551,0.8090780037177783,0.7806190535073375,0.8078291826290906,0.0,0.0,0.7631646900333566,0.7958347691661392,0.0,0.7997444292669621,0.7899211357126893,0.0,0.0,0.7937196466254466,0.0,0.7938624702004189,0.8360399225935286,0.0,0.0,0.0,0.8170881046452426,0.0,0.0,0.0,0.0,0.7735480393631126,0.7962688058766592,0.7788136472480542,0.7619474434144442,0.7996593331951158,0.0,0.8194541123210146,0.7996689579419212,0.0,0.0,0.0,0.0,0.7609940155940854,0.0,0.0,0.0,0.7626588341302751,0.0,0.7812913345952458,0.0,0.79875748710298,0.0,0.7802982979934454,0.0,0.0,0.7944579287244136,0.0,0.8079936108758153,0.7928266841148243,0.0,0.7732514014984683,0.780112949246946,0.7740055033429809,0.0,0.0,0.8096896853778724,0.0,0.0,0.0,0.0,0.0,0.0,0.0,0.0,0.0,0.0,0.818396384950985,0.0,0.806749721371852,0.0,0.8070802106285481,0.0,0.0,0.7673086013635406,0.0,0.0,0.0,0.0,0.0,0.0,0.8320959114227331,0.0,0.0,0.0,0.0,0.8002291550957755,0.0,0.8101224119414169,0.0,0.771204895810839,0.0,0.8007070369513479,0.7784761324539191,0.8009130506429327,0.0,0.7867384466042888,0.0,0.0,0.7434722095887203,0.0,0.0,0.0,0.0,0.8189548641179581,0.0,0.0,0.0,0.0,0.0,0.80037029335132,0.0,0.0,0.0,0.7688490911353921,0.0,0.0,0.0,0.8149104564778425,0.8298596341362281,0.0,0.0,0.0,0.0,0.0,0.0,0.0,0.7741743480200112,0.7759193694480545,0.0,0.0,0.7722992044975424,0.0,0.7754612563170423,0.0,0.7860795582506652,0.8206248664281017,0.0,0.8157989447010818,0.0,0.7544604184869016,0.0,0.7992326589547641,0.79117953184247,0.0,0.0,0.0,0.7828765588008753,0.0,0.0,0.7799586593467358,0.0,0.0,0.0,0.0,0.0,0.0,0.0,0.7949110040434576,0.7629326868165374,0.0,0.7771616416899577,0.0,0.0,0.0,0.8138712731498084,0.0,0.0,0.7885096491756896,0.0,0.0,0.0,0.0,0.0,0.7748754101456965,0.767407387943975,0.7635687903297812,0.0,0.0,0.752562370519946,0.7965317068094341,0.0,0.0,0.7843514532510429,0.0,0.8047840016023269,0.7970690628299307,0.0,0.0,0.8102171042787722,0.0,0.0,0.0,0.0,0.0,0.7958469955887635,0.7772049591172318,0.0,0.0,0.8023945256351491,0.0,0.0,0.7865499678791513,0.7677395738257431,0.0,0.8075077461439145,0.8163982163565466,0.0,0.0,0.7666897845371584,0.0,0.0,0.8390926213003793,0.0,0.0,0.0,0.0,0.7880760145066986,0.7932957201027545,0.0,0.0,0.8064525995585808,0.8059422117033234,0.0,0.7917225145808096,0.0,0.8210026951419346,0.7975142945471306,0.0,0.0,0.0,0.0,0.7988468638117263,0.0,0.0,0.0,0.8139269532347688,0.8004647557062539,0.0,0.0,0.0,0.0,0.0,0.0,0.0,0.7961565726206737,0.7518968178448273,0.0,0.8019648165361426,0.0,0.0,0.0,0.0,0.0,0.8322719933017768,0.0,0.0,0.0,0.0,0.0,0.8102941383706055,0.0,0.0,0.7901231631411794,0.7960402805904272,0.8328771610478143,0.0,0.0,0.7783472264776337,0.0,0.7771717928114524,0.0,0.8242922368424681,0.7844421019623583,0.7586742667364272,0.0,0.7949626565957291,0.7965416431978967,0.0,0.0,0.0,0.0,0.0,0.0,0.8073567451444896,0.0,0.0,0.0,0.0,0.0,0.0,0.0,0.0,0.0,0.7683937714804172,0.8164600355857177,0.0,0.0,0.0,0.0,0.8187652548312166,0.7792932103727145,0.7802306224749094,0.0,0.7964183645581507,0.0,0.7937017971839591,0.0,0.7834476081225772,0.0,0.0,0.0,0.7957817277309954,0.0,0.7854964880332687,0.0,0.0,0.0,0.7918742218771894,0.764744420733014,0.0,0.0,0.0,0.0,0.0,0.0,0.0,0.0,0.0,0.0,0.0,0.0,0.0,0.0,0.0,0.0,0.7931447176776429,0.0,0.7683012624089056,0.0,0.7679646179392215,0.7743864473082692,0.0,0.0,0.0,0.0,0.0,0.7666538029681654,0.0,0.0,0.0,0.0,0.0,0.0,0.7660718647446284,0.0,0.0,0.0,0.8211613175467788,0.0,0.0,0.0,0.0,0.0,0.7942473901306614,0.0,0.0,0.0,0.0,0.0,0.7874135409675761,0.0,0.7762969544404773,0.0,0.7759812244409329,0.795977821878879,0.7933504447615244,0.798429187423051,0.0,0.0,0.0,0.0,0.0,0.0,0.7907425853999522,0.0,0.0,0.0,0.0,0.0,0.798714782535884,0.0,0.0,0.0,0.7989764652674634,0.804976305586562,0.0,0.0,0.0,0.765609699450927,0.0,0.0,0.8015447463292167,0.0,0.7618503590934159,0.7828059743613733,0.7647110785019526,0.0,0.7649503902814918,0.7875983565102731,0.8314742320780155,0.0,0.0,0.0,0.8102915605887921,0.0,0.8131371106881657,0.8159642099628623,0.0,0.7806389561413223,0.7994404674755317,0.0,0.0,0.0,0.0,0.0,0.0,0.0,0.8093712215921629,0.7824284828887478,0.0,0.0,0.0,0.7689330448997904,0.0,0.0,0.0,0.0,0.0,0.0,0.0,0.0,0.7896277283342968,0.0,0.0,0.0,0.8008304999418948,0.7893178411022792,0.7814728608525433,0.0,0.7895146153311277,0.0,0.7852645328509851,0.7981750093565894,0.0,0.0,0.8039645849121868,0.0,0.0,0.8198239500708437,0.0,0.0,0.8077471285203819,0.0,0.0,0.0,0.0,0.0,0.8076556602835278,0.0,0.0,0.0,0.794354178258079,0.7924569631938874,0.0,0.0,0.7989129962373491,0.0,0.0,0.0,0.7940048410985575,0.0,0.7776050012040582,0.0,0.7976607005983856,0.8142060126384512,0.0,0.7894462342829754,0.0,0.0,0.0,0.0,0.8060920762726603,0.7864090575543045,0.0,0.0,0.7682407820204257,0.0,0.7963436912120332,0.7798377233462818,0.7759271769267415,0.0,0.0,0.0,0.0,0.0,0.0,0.0,0.7962726668955338,0.0,0.7571519087168261,0.0,0.7792311782621907,0.0,0.0,0.7958940434930593,0.0,0.0,0.0,0.7901943775003316,0.0,0.7890051216600512,0.0,0.7748099124953058,0.0,0.0,0.7837811710852186,0.0,0.0,0.0,0.0,0.0,0.7877508135934126,0.0,0.0,0.7978138704676614,0.0,0.7851419253582186,0.0,0.0,0.0,0.0,0.0,0.8181306125603434,0.0,0.808360791302924,0.7657352030498785,0.0,0.0,0.8028574733253288,0.0,0.0,0.0,0.8010723260433922,0.8015695529442373,0.0,0.7790888807039121,0.8056850683613491,0.0,0.8276828216080104,0.7988234601206526,0.0,0.7982857994630035,0.8143146738169822,0.0,0.0,0.0,0.0,0.0,0.0,0.0,0.0,0.0,0.0,0.7703657127643414,0.0,0.8028896119782042,0.0,0.8025860174735059,0.8087876226960053,0.0,0.7870347599651238,0.0,0.7718114425184134,0.0,0.0,0.0,0.0,0.0,0.0,0.0,0.7625650007191245,0.7645358211336956,0.0,0.0,0.8074618939410289,0.7994017448816224,0.0,0.8186938566057069,0.0,0.0,0.0,0.7923423867516419,0.0,0.0,0.0,0.0,0.0,0.0,0.7792910276869406,0.0,0.0,0.0,0.7789418499526906,0.782439100944699,0.7693063595997733,0.0,0.0,0.0,0.0,0.7848123922498395,0.0,0.8124404581482201,0.0,0.7939106362065118,0.0,0.794483037372933,0.7944074466148323,0.8112911362095252,0.0,0.0,0.7716180830194742,0.7775098558471201,0.0,0.8339659342105211,0.8125574224224188,0.0,0.8137317237821429,0.0,0.0,0.0,0.8013873663904065,0.0,0.0,0.8202636209845617,0.7869537086486732,0.0,0.7369284254972218,0.7551321204000738,0.0,0.0,0.0,0.0,0.8157717001550415,0.8216685651952849,0.0,0.0,0.0,0.0,0.8162571529060092,0.0,0.0,0.0,0.0,0.0,0.8204291438930458,0.0,0.7796570215178916,0.7815305031045601,0.0,0.0,0.7879085283214468,0.0,0.0,0.0,0.0,0.0,0.0,0.0,0.8067968341651954,0.0,0.0,0.8000493437369424,0.7910376840105562,0.0,0.0,0.8110410609265859,0.7660881215523407,0.0,0.0,0.0,0.7704103592863978,0.7997567002089583,0.7886542394346167,0.7764909923130635,0.7616685237913515,0.0,0.79616199171996,0.7964270422646588,0.0,0.7891329684096502,0.7615998397972483,0.0,0.0,0.0,0.0,0.0,0.0,0.8059381297763698,0.7976579167314933,0.0,0.8174498327997596,0.0,0.0,0.8061445873996965,0.0,0.0,0.0,0.8293628908471667,0.0,0.0,0.0,0.0,0.769129616105952,0.7963344807534563,0.0,0.0,0.0,0.8020694740740064,0.7867762551884684,0.0,0.7591692937311991,0.7683957671188718,0.0,0.0,0.0,0.0,0.0,0.8008634772138432,0.8273246038648426,0.0,0.0,0.0,0.7927068582712441,0.7988576294393368,0.0,0.0,0.7935094760594695,0.8016717330831975,0.0,0.0,0.8227336783238843,0.0,0.0,0.7866680982348413,0.0,0.0,0.0,0.7500067688500136,0.7857913203796952,0.0,0.7773579228927487,0.7986852633229052,0.0,0.7937366909952727,0.798738183732059,0.0,0.0,0.7774305881976468,0.0,0.0,0.7666109584262867,0.0,0.0,0.0,0.7869076488144676,0.0,0.0,0.0,0.0,0.0,0.0,0.7776885037110223,0.7898175915927439,0.0,0.0,0.0,0.7551586621048388,0.7977119662992864,0.0,0.0,0.0,0.7744480366732917,0.772927422141382,0.0,0.8232839510053062,0.0
0.0,0.0,0.6508882413721375,0.0,0.0,0.0,0.0,0.0,0.0,0.0,0.0,0.0,0.0,0.0,0.6564188521931986,0.660123296140749,0.0,0.676468360780256,0.0,0.0,0.0,0.0,0.0,0.0,0.0,0.0,0.0,0.0,0.6644351494758463,0.6528054104833033,0.0,0.0,0.0,0.0,0.0,0.0,0.0,0.6399994340982064,0.6645281314030766,0.0,0.6548819901378,0.6602551494171385,0.0,0.0,0.0,0.6574256471128457,0.641106090138073,0.6690451703902844,0.6163019377259282,0.0,0.0,0.6465668556004089,0.0,0.0,0.0,0.0,0.670222026494189,0.656690154571357,0.0,0.6586470848709445,0.6602222838423445,0.6560184833537579,0.0,0.0,0.6355309203577302,0.0,0.0,0.0,0.0,0.6547149231119124,0.0,0.664165795605231,0.0,0.0,0.0,0.6675888118331903,0.0,0.0,0.6651535932819761,0.0,0.6306835510691936,0.6483751320074415,0.0,0.6459928852535741,0.0,0.0,0.6444302356162439,0.0,0.6578566705176074,0.0,0.6446773753170648,0.0,0.0,0.0,0.0,0.0,0.0,0.6664930506839957,0.0,0.0,0.0,0.0,0.6689380104445372,0.0,0.0,0.6335819256644404,0.6605634333358745,0.0,0.6310092732374153,0.0,0.0,0.0,0.0,0.0,0.0,0.0,0.0,0.0,0.6587587398438441,0.636557598306375,0.0,0.0,0.6464835748615857,0.6494729690277122,0.0,0.6617005261009515,0.0,0.6660654470846517,0.0,0.6456292535020648,0.0,0.6457309716485661,0.6554143944830517,0.0,0.6360126080068483,0.0,0.0,0.6688080286368422,0.0,0.6613625918406407,0.0,0.0,0.6262744032612619,0.6644666059584653,0.0,0.6719715590753644,0.0,0.0,0.6493157881688594,0.6500261646881164,0.0,0.0,0.0,0.6304944160640311,0.6520397437037296,0.6657027786816508,0.6428126392212915,0.0,0.0,0.0,0.0,0.0,0.0,0.0,0.0,0.0,0.0,0.0,0.6659016705830201,0.0,0.6394242070496204,0.0,0.0,0.0,0.0,0.0,0.654018163681802,0.643276445261525,0.6507404159290217,0.0,0.0,0.0,0.0,0.6476952166169831,0.0,0.6362157112934753,0.0,0.6719958170868555,0.6239033989729427,0.6437977582606533,0.6790961024039666,0.6506292280560966,0.6451160818538098,0.6380075556629218,0.0,0.0,0.0,0.0,0.0,0.0,0.0,0.6664407745508707,0.0,0.0,0.6366966028419944,0.0,0.6370886475645364,0.6482535400891646,0.0,0.6608100389138417,0.0,0.0,0.6555025912477163,0.0,0.0,0.6494422779760557,0.0,0.0,0.0,0.0,0.6625656220338926,0.0,0.6608892079460885,0.0,0.6625142681651504,0.0,0.646494902807159,0.0,0.6639511003708306,0.6678119246980188,0.6702031962097552,0.6272660037887058,0.0,0.6498136511811897,0.0,0.0,0.0,0.0,0.0,0.0,0.66033074430859,0.0,0.0,0.0,0.0,0.0,0.6504982405349959,0.0,0.0,0.0,0.0,0.0,0.6672470677200824,0.6487316497450025,0.0,0.6664889414038866,0.6663702712476096,0.0,0.6698497754890282,0.6788860507944384,0.0,0.0,0.0,0.0,0.0,0.0,0.0,0.6544651798627722,0.6569527114148304,0.0,0.0,0.0,0.654562416755082,0.0,0.6512541006846047,0.6558529876771547,0.0,0.0,0.0,0.0,0.0,0.0,0.0,0.0,0.6677174005812204,0.6404578466567753,0.0,0.0,0.0,0.6678407845168061,0.668531785861407,0.0,0.0,0.0,0.0,0.0,0.6584321884991778,0.6599650193200807,0.648718890391435,0.0,0.0,0.0,0.0,0.0,0.6516428996697315,0.6249253670911594,0.0,0.6552033965917103,0.0,0.0,0.0,0.6681610250516101,0.0,0.0,0.0,0.653082973256566,0.688995691158336,0.0,0.6520670718306006,0.0,0.645263947754688,0.6622715946742508,0.0,0.0,0.0,0.665156299508909,0.6434602224087262,0.6449442220738838,0.6573979579486374,0.6637883349439779,0.6375195370471579,0.0,0.6635101554722669,0.0,0.0,0.0,0.0,0.0,0.6723508868965054,0.0,0.6293585681723732,0.0,0.0,0.0,0.0,0.0,0.0,0.0,0.0,0.0,0.6417754916210643,0.0,0.0,0.0,0.0,0.0,0.0,0.6579138398370022,0.0,0.6332341922601207,0.0,0.6454187235710425,0.6598842347936948,0.0,0.6627785201995346,0.0,0.6385837614050647,0.6438140122065269,0.0,0.0,0.0,0.6704781211571982,0.0,0.0,0.0,0.0,0.0,0.0,0.0,0.0,0.0,0.6345050674686334,0.6541391149532498,0.6478971349170728,0.0,0.0,0.6619163258260399,0.0,0.676499567256894,0.0,0.0,0.0,0.6399863889352283,0.0,0.0,0.0,0.0,0.0,0.6423721818157014,0.6430390826146215,0.0,0.6389784760212169,0.6446237024680781,0.0,0.0,0.0,0.0,0.0,0.6774372938990002,0.6514038602262732,0.6407320859046831,0.0,0.0,0.6674004552313851,0.6149747511166486,0.6374663576646693,0.0,0.0,0.0,0.6449878840106964,0.6696850599481318,0.6587645030576218,0.0,0.0,0.0,0.0,0.0,0.0,0.0,0.6689261707668408,0.0,0.0,0.0,0.6673115390979549,0.0,0.0,0.6394149229763756,0.6851940786614311,0.0,0.0,0.0,0.6631757582482883,0.0,0.0,0.0,0.0,0.0,0.0,0.0,0.0,0.6615263486503175,0.6477018090521585,0.0,0.0,0.0,0.0,0.0,0.0,0.0,0.650464641867616,0.0,0.0,0.0,0.0,0.0,0.6498454318057634,0.0,0.0,0.0,0.0,0.0,0.6496519892764988,0.0,0.6662128758251596,0.0,0.0,0.659340320820165,0.6818666696940782,0.0,0.0,0.0,0.0,0.0,0.0,0.0,0.0,0.0,0.6934793885848687,0.0,0.6686663382330033,0.6616584399417874,0.6448731051720702,0.0,0.0,0.6569517508349533,0.0,0.6516679368996278,0.6686519292349097,0.0,0.6568714280172532,0.0,0.6355967496484303,0.0,0.6702695065993218,0.0,0.6701006220670271,0.6532111047414537,0.6726705414688219,0.6168536655966799,0.6656760786820065,0.0,0.6643774576755054,0.0,0.6309092444922078,0.0,0.0,0.0,0.0,0.0,0.0,0.654371305650441,0.6472649664974811,0.0,0.0,0.0,0.0,0.6368823525722426,0.0,0.0,0.0,0.0,0.6358368594047797,0.0,0.0,0.0,0.0,0.0,0.0,0.6620934838507246,0.0,0.0,0.6631009272610898,0.0,0.6407674612251897,0.0,0.0,0.0,0.6299992836737595,0.0,0.0,0.0,0.0,0.650685500357797,0.0,0.6474811999957336,0.0,0.0,0.6565751318562546,0.0,0.6337336782124392,0.0,0.0,0.0,0.626824785911731,0.6505856580556041,0.0,0.6361136962486031,0.0,0.0,0.0,0.0,0.0,0.0,0.0,0.0,0.0,0.0,0.6533581528678603,0.0,0.0,0.0,0.0,0.0,0.6349366492658634,0.6665308758616212,0.0,0.6513768631898543,0.0,0.0,0.0,0.6430443191029133,0.0,0.6257672297504885,0.670782007213023,0.6388675922286707,0.0,0.6337116017336376,0.0,0.6513458025493305,0.6626452837473221,0.0,0.0,0.6608364080932885,0.0,0.0,0.0,0.0,0.0,0.0,0.0,0.0,0.6649288968470534,0.0,0.6789013235270251,0.0,0.0,0.6636913681417801,0.0,0.6428650504327688,0.6471945737445893,0.6783675898802021,0.662254723966767,0.0,0.0,0.6331523618045856,0.0,0.0,0.0,0.0,0.0,0.0,0.6355946834099986,0.0,0.0,0.0,0.666565306945801,0.0,0.0,0.0,0.0,0.64934921883486,0.0,0.0,0.0,0.0,0.0,0.0,0.0,0.0,0.6875586622113029,0.0,0.0,0.6631235427765957,0.0,0.0,0.6611404864818742,0.6579668390062593,0.0,0.0,0.0,0.0,0.0,0.0,0.0,0.0,0.0,0.0,0.0,0.6556446297991235,0.6304862691472451,0.6309187442626305,0.0,0.0,0.0,0.0,0.6500176197597638,0.0,0.6504825082523028,0.0,0.0,0.6589877837064138,0.6527925777904094,0.6679569985684041,0.0,0.6675125653724069,0.0,0.0,0.6344709519464901,0.6402224885686324,0.0,0.0,0.0,0.0,0.0,0.0,0.6500783198980233,0.0,0.0,0.653111369827691,0.647377958144578,0.0,0.7051563732600773,0.0,0.0,0.6665686878415314,0.0,0.6997606114905941,0.6467748503388286,0.6234275763425805,0.0,0.6726482833444223,0.0,0.0,0.0,0.6556738557056907,0.6611499252702143,0.0,0.6518025236969343,0.6664556906775713,0.0,0.643001251407775,0.0,0.0,0.0,0.6521161011968549,0.0,0.0,0.6472138587468935,0.6383233011908794,0.6475435940902582,0.6632267161654603,0.6459530526451956,0.0,0.6884236539267411,0.6700056912958966,0.0,0.0,0.0,0.0,0.0,0.0,0.0,0.0,0.0,0.0,0.0,0.6576127712456344,0.6550159785856509,0.6589503229426308,0.0,0.6461331036815642,0.0,0.6515960548248817,0.6350188059864335,0.0,0.0,0.6462691984092759,0.0,0.6420010295249365,0.0,0.6544135217601502,0.0,0.0,0.6694642583910708,0.0,0.640932464572106,0.635697109779714,0.63191404432827,0.0,0.6497656021642737,0.0,0.0,0.0,0.0,0.0,0.0,0.0,0.0,0.0,0.6649903063273988,0.6711571902950446,0.6305540864615169,0.6661367578345535,0.6331816356193606,0.0,0.0,0.0,0.0,0.0,0.0,0.6445040844050638,0.61696044851486,0.0,0.0,0.6669647482833027,0.6485441779918721,0.0,0.0,0.0,0.0,0.0,0.6665521691606937,0.65279518517287,0.0,0.0,0.0,0.6355870082900812,0.6483610429381818,0.0,0.0,0.6633394330878221,0.6663761720497694,0.6477634618850175,0.6596348504693302,0.6768995453872667,0.0,0.648960194159167,0.6405142625636134,0.6560542718444758,0.6609669759209105,0.0,0.0,0.0,0.6465394391548138,0.0,0.6660847258644368,0.0,0.0,0.0,0.0,0.6419561588985732,0.6442382203942978,0.6535797653611559,0.0,0.661224909423641,0.0,0.6304912623130535,0.6863423706929547,0.6713205733796122,0.6747563410516644,0.661839982051778,0.0,0.0,0.0,0.0,0.6603300963773863,0.6779874462939027,0.6538031133972321,0.0,0.0,0.0,0.0,0.6366429772798045,0.0,0.6674058875482916,0.0,0.6475179175733299,0.0,0.0,0.627023911158464,0.0,0.6632971751081419,0.6478115776434342,0.0,0.0,0.0,0.0,0.0,0.6414621647008721,0.6714360755878204,0.0,0.0,0.0,0.0,0.0,0.0,0.0,0.6404376587281595,0.6717489642426139,0.0,0.6481527246470626,0.0,0.0,0.0,0.6622585428267419,0.6418296401803687,0.0,0.6653299123871742,0.0,0.0,0.6620399867475446,0.0,0.6674890641292494,0.0,0.6771115950773231,0.6665343320752152,0.6571968880161994,0.0,0.6799759927489107,0.0,0.0,0.685978460998412,0.0,0.0,0.6601783824356822,0.6610555369552201,0.6531800862506622,0.0,0.0,0.0,0.0,0.6759476672483796,0.6762897081533936,0.0,0.652894012856638,0.0,0.0,0.0,0.0,0.6549328624558964,0.0,0.0,0.0,0.0,0.0,0.0,0.0,0.6488732426896288,0.0,0.6505993771843182,0.6382794206288124,0.0,0.0,0.0,0.0,0.0,0.6534869147586267,0.6426244374396585,0.6504803519358456,0.0,0.638624339224238,0.6503653127202393,0.6652055506025816,0.0,0.6201088271419534,0.6598287709943325,0.6577754502701335,0.0,0.0,0.0,0.6708417617118255,0.6528473382672001,0.0,0.0,0.0,0.0,0.6485042498371154,0.0,0.0,0.6357468980269301,0.0,0.6575476730414318,0.0,0.0,0.0,0.0,0.6612118988141356,0.6800599737006372,0.0,0.6454260872801136,0.0,0.0,0.6620720180085641,0.6227134301383814,0.0,0.0,0.0,0.0,0.0,0.6646957077811071,0.0,0.0,0.0,0.0,0.6466241689883555,0.6637193536467397,0.0,0.6473312141862523,0.0,0.6410624998804472,0.662923894030561,0.0,0.647231603737007,0.6661984528336045,0.0,0.0,0.6725691732650471,0.0,0.0,0.6505162361492081
0.4156318407283874,0.0,0.39894187453532226,0.41364349200031353,0.4129199184848494,0.0,0.0,0.0,0.0,0.4113565503811869,0.4196031733477166,0.0,0.0,0.0,0.4368209636986829,0.0,0.0,0.437873844280486,0.0,0.43157996961126305,0.40553357699419623,0.41484228752228997,0.4449534535509935,0.0,0.43760796052648865,0.0,0.0,0.0,0.4387206242826402,0.0,0.0,0.39758216400677426,0.0,0.0,0.4141049076799839,0.0,0.0,0.4267734161041317,0.0,0.4310448639844905,0.0,0.4137223747406102,0.4213402670557028,0.0,0.0,0.4205366879216182,0.449385010846134,0.0,0.40908578216143493,0.0,0.4417119969646481,0.0,0.43833798334876684,0.0,0.0,0.0,0.41636217256135877,0.0,0.0,0.0,0.0,0.41768287089257206,0.0,0.4210879171991906,0.4226295893432274,0.42612928356799457,0.0,0.0,0.44178282760971566,0.0,0.0,0.0,0.0,0.43889407922049706,0.0,0.0,0.39354876267725986,0.0,0.0,0.4260048971335137,0.0,0.41216245747111707,0.0,0.0,0.0,0.0,0.43500292779274247,0.0,0.0,0.0,0.0,0.0,0.0,0.0,0.41951431105819725,0.0,0.0,0.0,0.0,0.0,0.42958142518445647,0.0,0.44219385806850076,0.4212270872366102,0.4424267594719612,0.4252090939129825,0.0,0.0,0.431711935591762,0.0,0.0,0.0,0.4423801097707344,0.0,0.4091589082255132,0.0,0.41752142562261235,0.0,0.0,0.4353654970501796,0.0,0.0,0.0,0.0,0.0,0.4139008294592018,0.0,0.4365893722381632,0.0,0.40215665621218505,0.0,0.39977856844923076,0.0,0.0,0.42167914766174786,0.0,0.0,0.0,0.0,0.40870116478749574,0.0,0.4325170954239125,0.4319367684203763,0.0,0.0,0.44221498520266095,0.0,0.42627068851803007,0.4186856315360059,0.0,0.0,0.0,0.0,0.42623294361635855,0.4240354018285253,0.45466983403263606,0.44044244342361655,0.41054565864250414,0.0,0.0,0.38081761849906187,0.0,0.0,0.41865943232614,0.42117229203780815,0.0,0.43521432428265727,0.0,0.4270702020672009,0.4325284697620639,0.39417983295111275,0.0,0.0,0.0,0.0,0.0,0.0,0.0,0.4002376113936595,0.0,0.39029015964813524,0.0,0.0,0.0,0.4123391486258613,0.0,0.4293251183540233,0.0,0.0,0.41298330602136585,0.0,0.0,0.0,0.0,0.0,0.0,0.4141090690852533,0.4255447700192892,0.0,0.40985441525908783,0.4499391511778305,0.44294232592440075,0.0,0.0,0.40866651222022987,0.0,0.0,0.0,0.0,0.0,0.0,0.0,0.0,0.0,0.4419034228991298,0.0,0.0,0.44235600963735316,0.0,0.4403376787116192,0.0,0.0,0.0,0.0,0.4202689284640971,0.0,0.4247791082299402,0.0,0.0,0.0,0.0,0.0,0.0,0.0,0.42205120441010013,0.0,0.44506417566447026,0.0,0.0,0.0,0.4218062539206357,0.0,0.0,0.0,0.0,0.0,0.0,0.0,0.0,0.0,0.0,0.0,0.3961553326640244,0.41834643498761126,0.4072680084156518,0.42983725696929853,0.4334098759612903,0.0,0.0,0.0,0.0,0.0,0.0,0.0,0.0,0.4178392850269055,0.0,0.0,0.431253586797576,0.42114688361219976,0.41053912263843195,0.0,0.44111929732876154,0.0,0.0,0.0,0.44340231246393264,0.0,0.4079301514045008,0.0,0.0,0.0,0.0,0.4119976955742426,0.40010703649984003,0.39047135272605843,0.0,0.42644313726464383,0.4222033127138236,0.0,0.0,0.42106848307992056,0.0,0.43147965688436773,0.0,0.0,0.4241244965238842,0.0,0.0,0.391216837886007,0.0,0.0,0.0,0.4071191886842949,0.0,0.0,0.0,0.0,0.0,0.44665062706787145,0.0,0.4041954521287602,0.0,0.0,0.0,0.0,0.0,0.0,0.0,0.0,0.0,0.0,0.0,0.0,0.0,0.0,0.4445657081297396,0.37009332319267635,0.0,0.4359575225454087,0.0,0.0,0.0,0.42609741524740197,0.0,0.0,0.0,0.0,0.0,0.41643922991789284,0.0,0.0,0.0,0.0,0.0,0.41885159500258745,0.0,0.42278034864142694,0.0,0.3919433887284814,0.42567280025848864,0.0,0.0,0.4277793384559846,0.0,0.0,0.0,0.0,0.0,0.0,0.0,0.4036782670783854,0.4078965249817344,0.41848925573289725,0.43149179725016357,0.0,0.0,0.4146089028383776,0.44193674487285844,0.4315504936804099,0.0,0.0,0.0,0.43393581408177334,0.0,0.0,0.0,0.4086126963634973,0.0,0.0,0.42613485048464284,0.41171594952550833,0.0,0.0,0.0,0.4646426632738927,0.0,0.0,0.4135785212691753,0.45438341235265484,0.41237437675070904,0.0,0.0,0.41793237909853503,0.0,0.40963129910958596,0.4382479539063136,0.42588936172423225,0.4270562585980481,0.0,0.4009368592465389,0.0,0.4365773466077631,0.0,0.0,0.0,0.0,0.0,0.0,0.0,0.0,0.0,0.37994057409148213,0.0,0.0,0.0,0.0,0.0,0.42004071667515613,0.0,0.44684465537809037,0.4134712655734084,0.0,0.4232096604535418,0.42353945635795487,0.40373431148771827,0.0,0.0,0.0,0.0,0.0,0.3888477548231997,0.4135838774566684,0.0,0.0,0.0,0.0,0.0,0.4470520804093311,0.0,0.42287339075283004,0.0,0.0,0.0,0.0,0.0,0.0,0.0,0.0,0.0,0.0,0.0,0.0,0.4165076376733636,0.0,0.4028968812852803,0.3879290601367918,0.41843751807855534,0.0,0.0,0.0,0.0,0.434094067348179,0.0,0.0,0.0,0.0,0.0,0.43039965917417217,0.0,0.4244709198177976,0.0,0.0,0.4122963471651664,0.0,0.0,0.0,0.0,0.0,0.0,0.0,0.0,0.0,0.0,0.406007458533648,0.0,0.0,0.0,0.0,0.0,0.0,0.4578733608413491,0.43807321151744766,0.4265572658280446,0.423637064860119,0.0,0.0,0.46284144436676183,0.4284219806261818,0.0,0.0,0.0,0.0,0.4174988590883078,0.0,0.0,0.0,0.4026690835796881,0.4212769923582267,0.41625871754072297,0.42682108988312134,0.42228788345115464,0.0,0.0,0.4064886680720723,0.0,0.0,0.43383204153280913,0.0,0.4312299121758828,0.0,0.0,0.4143975538742821,0.3944097999596499,0.0,0.0,0.0,0.0,0.0,0.41401417108993255,0.0,0.0,0.0,0.0,0.0,0.0,0.4152877292765236,0.0,0.0,0.4435525994389855,0.0,0.4571851649440249,0.0,0.0,0.40912668543100444,0.0,0.0,0.4395492378174604,0.0,0.0,0.44251712984045316,0.0,0.0,0.0,0.44294748795352173,0.0,0.0,0.4209459609462843,0.0,0.0,0.0,0.0,0.42296658418461275,0.0,0.3964034081387065,0.41723315366443686,0.0,0.4166308933090257,0.0,0.0,0.0,0.4540426631781229,0.0,0.3847517409080036,0.0,0.44084698704584846,0.0,0.0,0.0,0.42066538112505925,0.0,0.4181672972919016,0.0,0.4150638748177185,0.0,0.0,0.40662188586882375,0.0,0.42713593624513646,0.0,0.0,0.0,0.41904984857742783,0.0,0.0,0.0,0.413795976941901,0.0,0.44461864320897004,0.4110762972765227,0.0,0.40984622770016094,0.0,0.3850656229390162,0.0,0.0,0.0,0.0,0.0,0.0,0.0,0.4650645818855001,0.0,0.4365575608970332,0.0,0.0,0.0,0.0,0.0,0.38654046022314686,0.0,0.42032646650284894,0.0,0.0,0.4116692782626972,0.0,0.0,0.0,0.0,0.0,0.4304301077687573,0.4240351627172879,0.4494675396689708,0.0,0.0,0.0,0.40573100407321305,0.408892078535282,0.0,0.0,0.0,0.0,0.0,0.4314316225202897,0.0,0.41957255575891683,0.0,0.0,0.0,0.0,0.4297435074972909,0.0,0.0,0.0,0.0,0.4176411943901551,0.4359130299416038,0.4370571756285201,0.0,0.0,0.0,0.0,0.43603870934287703,0.4201081466281284,0.0,0.44032756029871534,0.42972325049694265,0.4380521403174045,0.0,0.42812346207580476,0.43058121722979115,0.4389883979327766,0.0,0.42145018385034394,0.43149542165748467,0.0,0.0,0.42133297301065326,0.0,0.44819743615345936,0.0,0.0,0.446837822684884,0.4268511740412852,0.4268397585446032,0.4138984618136607,0.0,0.4103919175749738,0.0,0.0,0.0,0.0,0.0,0.415926653368347,0.0,0.0,0.0,0.0,0.0,0.426126307933845,0.0,0.0,0.0,0.0,0.387959000413573,0.0,0.0,0.0,0.0,0.44141492461462317,0.43591521979574466,0.0,0.0,0.0,0.4538322835876343,0.0,0.0,0.0,0.0,0.0,0.0,0.0,0.0,0.0,0.0,0.0,0.4053364337928082,0.43227123089008096,0.0,0.0,0.0,0.3947761470868206,0.0,0.0,0.0,0.0,0.44924440659430315,0.0,0.0,0.42965364163063763,0.0,0.0,0.0,0.0,0.0,0.0,0.0,0.4169871184060762,0.0,0.43321574836127447,0.0,0.40265997496474143,0.44120495550679273,0.42868098224430257,0.0,0.3823752697020183,0.416785420237868,0.38546262978028745,0.4144383472985399,0.0,0.0,0.0,0.0,0.42047189785678923,0.0,0.0,0.40865042950339964,0.0,0.0,0.0,0.0,0.0,0.0,0.0,0.4132965718990709,0.0,0.0,0.4461803946548109,0.4204266005482242,0.0,0.43408269754179185,0.42229470506386546,0.0,0.4198452374014839,0.39951150153699977,0.0,0.0,0.0,0.43247023757416453,0.0,0.0,0.0,0.0,0.4447161415265317,0.0,0.4326395294670114,0.0,0.4296140468164304,0.41860202649295425,0.44631261511645026,0.4244494623903198,0.0,0.4127702621492954,0.4175807989199376,0.0,0.0,0.40458395191848634,0.0,0.0,0.0,0.0,0.43549726659362187,0.4266658059583829,0.0,0.42030010693834613,0.0,0.4056778187803603,0.4070839271645231,0.0,0.0,0.41599963311039573,0.0,0.0,0.4118950471826899,0.0,0.44949171177433456,0.0,0.0,0.0,0.43510362407732006,0.4182841578059472,0.4509361416519946,0.0,0.0,0.41500231442948704,0.42333137963352024,0.0,0.4153140927061863,0.43641106896064313,0.39729108985452255,0.39736687578314867,0.0,0.0,0.0,0.0,0.0,0.0,0.42951682818997317,0.40039747645747864,0.0,0.4306012553145847,0.0,0.4073491555895364,0.0,0.41612036680396464,0.0,0.44372705486077835,0.0,0.0,0.42121618682185946,0.42096435365221013,0.42610983065415997,0.445060021547223,0.0,0.4280610137224492,0.0,0.0,0.0,0.0,0.0,0.4456622460151934,0.40291825329264824,0.0,0.0,0.0,0.0,0.42785269655412345,0.0,0.44790771819691905,0.0,0.42664872089856376,0.0,0.4153226398294236,0.41283197454425463,0.0,0.43800173432001227,0.0,0.0,0.40318087306409406,0.0,0.0,0.0,0.42193481084734896,0.0,0.4645309791692557,0.42125704033477024,0.0,0.0,0.408842750349285,0.44430750951181525,0.0,0.0,0.0,0.0,0.4329777477029622,0.4139776382720276,0.0,0.0,0.0,0.4029021077279193,0.0,0.0,0.4138697631984141,0.4080121991226772,0.4186891053939896,0.0,0.0,0.0,0.42285010964459446,0.0,0.0,0.0,0.0,0.0,0.399023086179074,0.0,0.0,0.4176749040661669,0.0,0.0,0.39399114753739534,0.0,0.0,0.39156364173228403,0.3992838708007212,0.41265031425101895,0.0,0.0,0.0,0.0,0.4226759669531065,0.414043384655022,0.4154331394872417,0.4253664947460033,0.4273489509920733,0.4253922442066077,0.4370631279156095,0.0,0.0,0.41167670864409034,0.42811161782810453,0.4334686669165027,0.0,0.0,0.0,0.0,0.0,0.42335097103419805,0.0,0.4025344954090092,0.0,0.43035637651949155,0.0,0.0,0.44651444823101927,0.0,0.0,0.0,0.41073102429557623,0.0,0.4125489245167188,0.41942013707686465,0.0,0.3885409847206944,0.0,0.0,0.0,0.0,0.0,0.4037594057268965,0.383079849739121,0.42408915619779236,0.0,0.0,0.4127964242541678,0.45336421182339376,0.42865993251002493,0.0,0.0,0.0,0.0,0.0,0.0,0.0,0.0,0.4373743936605765,0.4432771574486487,0.0,0.4071838793063307,0.0
0.8647556536987172,0.8531753877201089,0.8561538099635856,0.8266522816517905,0.8801570446495591,0.0,0.0,0.8342091834593648,0.8360877975549925,0.0,0.0,0.0,0.8890164102847664,0.0,0.8960864512033884,0.0,0.0,0.8289669701598168,0.0,0.0,0.8598230365578242,0.8079323102388406,0.8270376324337754,0.0,0.8470112103765264,0.0,0.0,0.0,0.8676756255233978,0.0,0.0,0.0,0.0,0.0,0.0,0.0,0.0,0.0,0.0,0.0,0.8529299523820238,0.0,0.0,0.0,0.8208214382078807,0.0,0.0,0.0,0.0,0.0,0.0,0.0,0.8894628862944152,0.0,0.8582657921050517,0.8638834242232096,0.8539563364127721,0.0,0.0,0.824712656272732,0.0,0.0,0.8386988582823255,0.0,0.0,0.0,0.0,0.0,0.0,0.842292460336735,0.0,0.0,0.0,0.0,0.0,0.0,0.0,0.0,0.8353182295402231,0.0,0.0,0.8640014692479704,0.0,0.0,0.0,0.0,0.0,0.0,0.0,0.0,0.8378077812164342,0.0,0.0,0.0,0.818296742201997,0.0,0.0,0.9084040055940605,0.0,0.0,0.0,0.0,0.8700764910877656,0.0,0.8359795619461655,0.0,0.8258871829951966,0.0,0.0,0.0,0.0,0.0,0.0,0.0,0.0,0.0,0.8414059491529559,0.8475998764714192,0.0,0.8249359335976431,0.0,0.8620735160982069,0.0,0.0,0.0,0.0,0.0,0.0,0.0,0.0,0.8693479370473585,0.0,0.8417725864060049,0.0,0.0,0.0,0.0,0.0,0.0,0.0,0.0,0.0,0.0,0.0,0.0,0.8722247694145561,0.0,0.8080461380388131,0.823691242355786,0.0,0.0,0.8617785854816107,0.0,0.0,0.8541201032189155,0.8329945792959575,0.0,0.0,0.0,0.8694606770433458,0.0,0.0,0.8416298275612842,0.0,0.0,0.8572171805858604,0.8450372963345946,0.8541786182139667,0.8571701308457405,0.8393013103818074,0.0,0.0,0.0,0.0,0.8398812388397845,0.8459535859703848,0.0,0.0,0.888539456488195,0.0,0.0,0.8540382805010525,0.8484876005406334,0.0,0.8764488611376651,0.0,0.0,0.0,0.0,0.0,0.8596531165239739,0.0,0.8366080471883096,0.0,0.8565948867259532,0.0,0.0,0.8202609277850332,0.0,0.8531675348358528,0.8096504340869921,0.8664974188996183,0.0,0.0,0.0,0.8690064177012611,0.0,0.0,0.0,0.0,0.8466347022343385,0.0,0.8636454818160149,0.8455226828750431,0.0,0.0,0.0,0.0,0.0,0.0,0.0,0.0,0.0,0.0,0.8631633834312351,0.8419175902553483,0.0,0.8324101799112157,0.8581000856858056,0.8281818336006701,0.0,0.0,0.0,0.0,0.0,0.0,0.8806702937076003,0.0,0.8523324865261666,0.0,0.848053114701749,0.8547319077777941,0.8632586247190874,0.0,0.0,0.0,0.0,0.8634203983390331,0.8450442544509816,0.0,0.8416365400006202,0.0,0.7953666393657652,0.0,0.8650805207762122,0.8552639291759464,0.8484847034614317,0.0,0.8134959332121121,0.852449370713176,0.8451054569675526,0.866028501058045,0.8717164906783283,0.0,0.0,0.0,0.0,0.0,0.8485182042805675,0.0,0.0,0.0,0.8446778704762418,0.0,0.0,0.0,0.8445231156284806,0.8501499014661091,0.889474628205633,0.8316295749826307,0.0,0.8694423285422315,0.0,0.0,0.0,0.0,0.0,0.8396853450438913,0.8647999016416162,0.0,0.85786594305005,0.0,0.0,0.0,0.0,0.892453684998293,0.8431702915357814,0.812312570611691,0.0,0.0,0.0,0.8224967742843825,0.0,0.0,0.8060825837615752,0.852245249101785,0.0,0.8628884430847633,0.0,0.0,0.0,0.8382213513736364,0.0,0.0,0.8264619243148112,0.884338249809885,0.8501090414660957,0.0,0.8707669180357468,0.0,0.0,0.0,0.0,0.0,0.0,0.0,0.0,0.0,0.0,0.8324473669712195,0.8793951664949485,0.8476577774000913,0.8670905241725464,0.0,0.8638178428805421,0.0,0.8249723899746372,0.0,0.0,0.0,0.0,0.0,0.0,0.8468981422148598,0.8554022597360156,0.0,0.8512945972271866,0.8451006390611621,0.0,0.8745386004009102,0.0,0.0,0.0,0.8707031275764465,0.8587237960343649,0.0,0.0,0.820041058636791,0.0,0.0,0.0,0.0,0.8884566737206112,0.8573186521821186,0.8618419264377948,0.0,0.0,0.0,0.0,0.8254129603071947,0.8666121738914313,0.8328886338276292,0.0,0.8355755664116962,0.8581730514370366,0.0,0.8499645822481167,0.0,0.0,0.8611773976017177,0.8790902413067676,0.0,0.8707795966556207,0.0,0.0,0.8747685715107554,0.0,0.0,0.0,0.8261913318927493,0.0,0.0,0.0,0.0,0.8459281640107142,0.8578823838829225,0.0,0.8319438252736556,0.0,0.8665738044465043,0.0,0.0,0.0,0.8418215434571282,0.0,0.0,0.0,0.0,0.8469455664254523,0.0,0.8612026013724253,0.0,0.8535457454996728,0.8009259133381321,0.0,0.0,0.0,0.0,0.0,0.8231321470482025,0.8116906581775165,0.8412575255185705,0.0,0.0,0.0,0.8712086294903666,0.0,0.0,0.0,0.0,0.0,0.0,0.8526059101420655,0.7996867685789968,0.8515394316414521,0.0,0.0,0.8614058809990555,0.8552635327988951,0.0,0.8421513901231789,0.0,0.0,0.0,0.0,0.0,0.0,0.0,0.0,0.8302707260371305,0.8300422253187277,0.0,0.8454566027312096,0.0,0.0,0.0,0.0,0.0,0.0,0.8718587350762468,0.0,0.0,0.0,0.0,0.8610931886634958,0.8460257911903073,0.8870458309412179,0.8271762061926772,0.0,0.8229950183821316,0.8810283325875943,0.0,0.0,0.0,0.0,0.0,0.8526235303806218,0.8433516400456272,0.0,0.0,0.0,0.0,0.8399483463422661,0.0,0.0,0.0,0.0,0.8202867492139222,0.8540424372497815,0.8841946658112233,0.0,0.0,0.0,0.0,0.8739615920002317,0.0,0.0,0.8208830084131539,0.0,0.8509775221665784,0.0,0.0,0.0,0.0,0.8355536614126172,0.0,0.8302437149620702,0.8645060659896203,0.0,0.8650684470796918,0.8326243672626269,0.894568393434436,0.0,0.8453201187346169,0.0,0.0,0.8470645069218611,0.8222082312575799,0.0,0.845908223853894,0.0,0.8822085109057279,0.828718662389087,0.0,0.0,0.0,0.8886565756368013,0.0,0.0,0.8387959273407485,0.0,0.0,0.0,0.0,0.0,0.0,0.0,0.0,0.8414064122291532,0.8867759536150006,0.8498694689835173,0.8737790827596579,0.0,0.0,0.8352384804402229,0.0,0.0,0.8598038162953497,0.0,0.0,0.8416534175026167,0.0,0.8503652235790621,0.0,0.0,0.0,0.0,0.8213233667979094,0.0,0.0,0.0,0.0,0.8609591052773535,0.0,0.8701857947952101,0.0,0.0,0.8625178227104282,0.0,0.0,0.0,0.8481450731578063,0.8525428050738759,0.0,0.0,0.8504298437909842,0.0,0.8493622747107449,0.8363654332178193,0.8374544861784466,0.0,0.0,0.0,0.8639779609087445,0.8527335225888321,0.0,0.0,0.8643191019946007,0.0,0.0,0.0,0.8828595333633608,0.8493264628304167,0.8063354301094299,0.0,0.8372229925438871,0.8521507019156062,0.832756805613393,0.0,0.0,0.8462485587230764,0.0,0.8848447208269641,0.0,0.0,0.8546704988877564,0.0,0.0,0.0,0.0,0.0,0.8268638802748048,0.0,0.0,0.0,0.0,0.0,0.8543020265599564,0.0,0.0,0.0,0.0,0.0,0.8176987689117539,0.8448377764674141,0.0,0.0,0.0,0.0,0.0,0.0,0.0,0.0,0.0,0.8321533210563475,0.8211896290572858,0.0,0.0,0.0,0.8462755603450062,0.0,0.8609847505434102,0.0,0.879015178831436,0.0,0.0,0.0,0.0,0.0,0.8285727818848874,0.0,0.8418304205624328,0.8155164607805421,0.0,0.0,0.0,0.8332370866518001,0.0,0.0,0.0,0.0,0.0,0.8589738245711874,0.0,0.0,0.823788726319138,0.0,0.8562921333347066,0.0,0.8716716381467572,0.8681629012771505,0.8210922440346623,0.8531913079046431,0.0,0.0,0.0,0.0,0.8566962417965679,0.0,0.8486077144762851,0.8454272824435863,0.0,0.8276122804766944,0.8512501078981389,0.8543689042108982,0.0,0.0,0.0,0.0,0.0,0.8613404139299113,0.0,0.0,0.0,0.0,0.0,0.0,0.0,0.8708889279493225,0.84941904974365,0.0,0.8587856044869548,0.8152084543791251,0.8728234716050264,0.0,0.0,0.8457100179526532,0.0,0.0,0.0,0.8548770047374026,0.8362782887936239,0.855900226600329,0.871808643242207,0.0,0.8472782024647793,0.0,0.0,0.8369801284947238,0.0,0.8292915079484083,0.0,0.0,0.8597508878174217,0.8797829580715009,0.0,0.8489861784817851,0.854723646219846,0.0,0.0,0.0,0.0,0.0,0.8252291402255758,0.0,0.0,0.8342989163740442,0.0,0.0,0.0,0.0,0.0,0.0,0.0,0.0,0.8556254345201763,0.8684879023319279,0.8260624618291917,0.8523395946722655,0.8534695861565758,0.0,0.0,0.0,0.851320646422113,0.8627874614453199,0.0,0.8512697678913891,0.0,0.0,0.8483399060526676,0.8444081841836664,0.0,0.0,0.8372147038376254,0.0,0.0,0.0,0.0,0.0,0.0,0.8629865288008746,0.845129347211285,0.8654932968879386,0.8775011412748356,0.0,0.8792767983022857,0.0,0.8450159864487509,0.8059034263695546,0.0,0.8488932695733264,0.0,0.0,0.0,0.8220212392759013,0.0,0.0,0.8480866754019545,0.0,0.0,0.0,0.0,0.8406548095959269,0.8234835971848207,0.8668667798035232,0.8035829661137852,0.0,0.0,0.0,0.8223825689742268,0.8625925464472899,0.0,0.8389428667908853,0.8444569869832067,0.0,0.8420218056340862,0.8726482885608132,0.0,0.0,0.0,0.0,0.0,0.8839335797351032,0.0,0.8229840850613598,0.8378024562823683,0.8875430159625871,0.0,0.8450154354526673,0.8584393560883097,0.0,0.0,0.0,0.8987866532395933,0.0,0.0,0.0,0.84173817527154,0.0,0.8606507211687231,0.8551868760733612,0.0,0.0,0.8072342373710049,0.8435294880257901,0.0,0.0,0.7949871441969607,0.841387243142723,0.8609700472374516,0.0,0.0,0.0,0.0,0.0,0.0,0.8432719715492211,0.0,0.0,0.0,0.8702146336695104,0.8541960766291045,0.0,0.0,0.8372679383020303,0.8462291684709572,0.8305034765941834,0.0,0.0,0.0,0.8639835011770476,0.0,0.0,0.0,0.0,0.0,0.8416051983548501,0.0,0.0,0.8521028913519447,0.0,0.0,0.8307357512571717,0.0,0.8744793744581574,0.0,0.0,0.0,0.8617550762258205,0.0,0.0,0.8416670108222936,0.84747464212418,0.0,0.8514801162963126,0.0,0.0,0.0,0.0,0.0,0.8655204737181016,0.0,0.8317630312186042,0.0,0.8265694772405904,0.868353020036261,0.8288838882993464,0.8328110562395643,0.8536647422760831,0.8377693730031646,0.8501635156649362,0.0,0.0,0.0,0.8593014963309238,0.0,0.8635065266276126,0.0,0.0,0.0,0.0,0.8623734171196927,0.8635947863831022,0.8508809120531131,0.8653271294595415,0.0,0.8659977718961208,0.0,0.0,0.8644671408046647,0.8381987708975864,0.0,0.0,0.0,0.850948703682104,0.0,0.0,0.8630266044766715,0.0,0.0,0.0,0.0,0.0,0.0,0.8410596763944351,0.869269983742735,0.0,0.0,0.0,0.8715045420058107,0.0,0.8218150805891783,0.0,0.8526757822186438,0.8421122689140649,0.8410585021820361,0.0,0.0,0.0,0.0,0.8369069538408,0.0,0.0,0.8262319531162118,0.0,0.0,0.0,0.8082945218711362,0.0,0.0,0.0,0.8757112165841497,0.8283409949901537,0.0,0.8607468503141584,0.0,0.0,0.0,0.0,0.0,0.0,0.8654783178585697,0.8145839574463489,0.0,0.0,0.0,0.0,0.0,0.0,0.8340718310405013,0.8723789000891934,0.0,0.0,0.0,0.0,0.8257514479765781,0.8830428098461981,0.0,0.8523936197324627,0.0,0.8478535608175496,0.813774470844379,0.0,0.8572406138968922,0.0,0.8731361758773293,0.8439109998486182,0.8560357084341352,0.0,0.0
0.0,0.0,0.3216974770039305,0.0,0.0,0.0,0.0,0.32771346109142674,0.31048708530379665,0.0,0.3132411383282581,0.31943244504082774,0.0,0.0,0.0,0.0,0.0,0.3580154205222051,0.0,0.35554534430421214,0.326073586222698,0.0,0.0,0.0,0.0,0.32730470210038515,0.0,0.0,0.0,0.3275506039338035,0.0,0.0,0.0,0.0,0.0,0.3517793755764559,0.0,0.30358623273307983,0.0,0.0,0.35332637546971724,0.0,0.3623247683802474,0.0,0.0,0.35592787581416735,0.35014124652435674,0.0,0.0,0.3662230735551104,0.34118462619119355,0.0,0.32371687467648824,0.0,0.0,0.0,0.0,0.0,0.0,0.0,0.3120865196362262,0.3295416136466112,0.0,0.36064698837285497,0.0,0.0,0.0,0.0,0.0,0.31698379436935525,0.0,0.0,0.0,0.0,0.0,0.0,0.3228148613117404,0.3414836970354369,0.3398930841340512,0.3520733573949051,0.31336961982567924,0.33134426853284277,0.33648676960720997,0.33648255935454263,0.0,0.0,0.3648625014723116,0.0,0.3513313511257526,0.0,0.0,0.0,0.0,0.3575821959311311,0.3396761074077545,0.0,0.0,0.0,0.0,0.0,0.3561639694553905,0.0,0.0,0.0,0.0,0.3544491640510016,0.0,0.0,0.0,0.34154200561588416,0.0,0.0,0.0,0.0,0.33242505316582216,0.0,0.0,0.0,0.0,0.31796512384728354,0.0,0.0,0.3596383019677339,0.0,0.305432743881324,0.0,0.0,0.3706375962684592,0.0,0.0,0.0,0.0,0.0,0.0,0.0,0.0,0.0,0.0,0.34464187541554286,0.3430652264009603,0.0,0.3544045154685182,0.34214560688724455,0.0,0.0,0.331788954429795,0.0,0.33134816610013074,0.0,0.0,0.0,0.0,0.0,0.0,0.34043947114449236,0.0,0.3493873741128132,0.0,0.337785382582437,0.0,0.36294401810994764,0.0,0.0,0.0,0.0,0.3620466434233688,0.0,0.36420291419119727,0.30994556741365514,0.30773961867015265,0.0,0.0,0.0,0.0,0.35899264042188234,0.326478924703124,0.3754809254319696,0.36038993188787327,0.3160012143803424,0.0,0.3549194375281628,0.0,0.0,0.3320158919633144,0.3645546349789941,0.0,0.0,0.34902721702297934,0.3584005980140656,0.0,0.3324551772156316,0.0,0.0,0.3021743956163517,0.0,0.0,0.3319347503511671,0.35158687592018617,0.0,0.30849614730037445,0.0,0.3528125396409956,0.0,0.0,0.3268533844557088,0.0,0.32941405305090965,0.32786503499229913,0.0,0.3634212856598679,0.0,0.0,0.0,0.0,0.0,0.3401438786486815,0.35678956456316235,0.0,0.34953503999959984,0.0,0.0,0.0,0.0,0.0,0.30357798062239955,0.33495521782620197,0.34892769326442324,0.3341432330574223,0.3488242247745167,0.0,0.0,0.3779269413081462,0.0,0.0,0.0,0.31818850970966445,0.0,0.32294800509525223,0.3135673792217514,0.0,0.0,0.34407834627024003,0.3246987365774574,0.0,0.0,0.0,0.3409213687196347,0.0,0.3464792259696776,0.0,0.3361230507734307,0.0,0.0,0.33154672699477444,0.3578912986974546,0.3504091665700303,0.0,0.0,0.3759496907343285,0.0,0.0,0.0,0.34690391468673837,0.0,0.0,0.3673536050598786,0.0,0.0,0.0,0.0,0.0,0.0,0.35034423590025937,0.0,0.0,0.3499777389285042,0.0,0.0,0.0,0.0,0.0,0.0,0.0,0.0,0.0,0.0,0.0,0.2930150040376635,0.0,0.0,0.3232315455207758,0.0,0.0,0.3211364611683888,0.0,0.0,0.0,0.0,0.3511619639237855,0.0,0.0,0.3350203053482193,0.0,0.0,0.34851622822397327,0.2747776032992679,0.0,0.344451076989328,0.3288515931111795,0.38884692563041046,0.0,0.0,0.0,0.0,0.3435916830195092,0.33173213711410726,0.0,0.33963455602439274,0.35430636858938985,0.0,0.0,0.3384985308390715,0.0,0.0,0.3162492387618614,0.0,0.0,0.0,0.0,0.0,0.3505700542681466,0.36426488707241705,0.0,0.0,0.34943831167854844,0.0,0.3347253989329738,0.0,0.0,0.365468976998167,0.0,0.0,0.0,0.3459312064001807,0.3623894194600021,0.0,0.3265277101517549,0.0,0.0,0.0,0.0,0.0,0.0,0.3534443173018536,0.0,0.0,0.0,0.3312671794784708,0.33362542569806425,0.30885394337969024,0.0,0.33792361168145435,0.323472892459148,0.3355606470005424,0.35914659062114757,0.0,0.0,0.0,0.34434085732073305,0.0,0.31864300060068274,0.0,0.0,0.0,0.0,0.0,0.36087068083235524,0.0,0.0,0.0,0.3680073626965005,0.0,0.0,0.0,0.0,0.3495597933371839,0.3329112342153975,0.0,0.0,0.0,0.0,0.3027336665078349,0.0,0.0,0.34795085504754714,0.0,0.0,0.31739315335188967,0.33589081369739066,0.0,0.0,0.38616096442120346,0.3729637486011719,0.0,0.0,0.0,0.3408548334039408,0.0,0.3461135728203157,0.0,0.34284229863347315,0.0,0.0,0.31105870437316424,0.35064060131457436,0.34107329239276557,0.0,0.0,0.0,0.3295074638449008,0.3226792018119964,0.3221038682880938,0.0,0.0,0.3326839161076656,0.0,0.0,0.3218979770901182,0.0,0.0,0.0,0.0,0.35127791889886884,0.36399706135514975,0.0,0.0,0.0,0.0,0.0,0.0,0.0,0.3215670042202257,0.0,0.34437461906318967,0.0,0.0,0.0,0.33952223325163416,0.0,0.0,0.0,0.0,0.0,0.0,0.0,0.0,0.0,0.0,0.0,0.0,0.0,0.0,0.0,0.0,0.32715812189560756,0.0,0.3368961407058884,0.0,0.0,0.0,0.0,0.0,0.32180654772398115,0.33886191167499236,0.0,0.0,0.36115105576524714,0.0,0.0,0.0,0.0,0.0,0.0,0.0,0.0,0.0,0.0,0.0,0.0,0.34468579383625647,0.0,0.0,0.3586687208719318,0.0,0.32819625080936266,0.0,0.0,0.32337895502337055,0.3354933534591597,0.29971623158803906,0.0,0.35297809066131725,0.39193476029297614,0.3683351755221792,0.0,0.0,0.0,0.0,0.2883940087376887,0.3386778680145048,0.0,0.3677181839713715,0.3321051087896999,0.32463957936882293,0.0,0.3497972853101706,0.0,0.0,0.0,0.3001587839916351,0.36981526984798285,0.0,0.34420373612469435,0.0,0.0,0.0,0.32829550205265023,0.0,0.0,0.0,0.0,0.0,0.0,0.0,0.36745132639665823,0.0,0.3264981965249299,0.0,0.0,0.0,0.0,0.32776707453705134,0.3589826766297777,0.33874706826184736,0.0,0.0,0.0,0.30722269581372086,0.0,0.0,0.3407533632787251,0.0,0.0,0.3513789011408309,0.35530066158218737,0.0,0.0,0.0,0.35526006470387805,0.0,0.0,0.344880497518739,0.3334908465898608,0.0,0.0,0.0,0.3192046759234254,0.0,0.0,0.0,0.0,0.31564837755902014,0.0,0.3252033865578594,0.0,0.0,0.0,0.0,0.3647584020934172,0.0,0.33740791899126654,0.0,0.36082395682599094,0.3306201954095363,0.0,0.0,0.0,0.0,0.0,0.0,0.0,0.0,0.0,0.33871515427679155,0.3558766011307133,0.0,0.32399111804386516,0.36337214026077397,0.0,0.0,0.0,0.0,0.3090005999709937,0.0,0.0,0.0,0.0,0.0,0.0,0.0,0.0,0.0,0.0,0.0,0.0,0.35945228214340946,0.0,0.0,0.0,0.0,0.0,0.0,0.35107811630313196,0.0,0.33246155387992665,0.0,0.0,0.0,0.0,0.0,0.3192824564385973,0.3900829159671288,0.0,0.0,0.0,0.0,0.2917174539192367,0.0,0.0,0.0,0.0,0.3295619616191588,0.34383672445834734,0.3449885237776276,0.0,0.34462927684257555,0.0,0.0,0.0,0.33477835199104244,0.3339281683239608,0.0,0.3482268555098492,0.0,0.3308339242532175,0.32710458406407267,0.34882940455681716,0.0,0.0,0.0,0.0,0.0,0.3525896826190641,0.0,0.30550121441983535,0.3642039524829665,0.0,0.0,0.0,0.34130453889384316,0.0,0.0,0.3065498278666313,0.0,0.3586944692966406,0.35763781143505036,0.331053899448573,0.3468418480585739,0.0,0.0,0.3152270312302576,0.0,0.0,0.37042609265246773,0.3281206561868308,0.0,0.0,0.0,0.3084766021746126,0.35970713754075934,0.0,0.3473998995820057,0.0,0.0,0.0,0.0,0.0,0.0,0.3381906297131632,0.3271302685028006,0.0,0.0,0.34458021408407685,0.0,0.0,0.0,0.0,0.0,0.0,0.0,0.0,0.0,0.0,0.0,0.0,0.36229554266387154,0.0,0.0,0.0,0.0,0.33650817605909183,0.33513826164606686,0.0,0.0,0.0,0.0,0.35781392916672194,0.3504355586424638,0.0,0.0,0.35884030681315837,0.3170706844024171,0.0,0.0,0.0,0.3479487312302372,0.33693057861233894,0.0,0.36565172672366886,0.0,0.0,0.0,0.33436112364518106,0.0,0.0,0.0,0.35863746690562637,0.0,0.0,0.0,0.0,0.3510321671696231,0.0,0.0,0.3142559746476965,0.0,0.3516835112075336,0.0,0.3573997757394907,0.0,0.35549794979746,0.3286124510509418,0.3302135951275342,0.34947377975340166,0.0,0.0,0.32564359785191477,0.35397522638599294,0.0,0.34359827200746357,0.32552763011763836,0.0,0.33849451835736954,0.0,0.3529230412300447,0.3547933889564431,0.0,0.0,0.0,0.3446604791183887,0.0,0.0,0.0,0.0,0.3618454255333301,0.0,0.348085196219035,0.0,0.3508005710715507,0.0,0.36963714106285056,0.0,0.0,0.3334686261137197,0.0,0.0,0.3324108507569434,0.33015709929845116,0.3771635726841414,0.0,0.33541932499538724,0.38636644161873074,0.0,0.0,0.0,0.0,0.0,0.0,0.0,0.0,0.0,0.0,0.0,0.34916265427850096,0.3238028735170567,0.0,0.31103356554624106,0.292633622597551,0.3268834982437093,0.0,0.0,0.0,0.0,0.0,0.0,0.3350144220803095,0.0,0.38829110627892105,0.3313816791917246,0.32027076148840466,0.3026119107512136,0.35907533540945924,0.0,0.32780810004236355,0.3139232146524928,0.0,0.29344786792428257,0.3386818805488837,0.3431191269979155,0.0,0.3430968069042651,0.0,0.0,0.0,0.0,0.0,0.0,0.0,0.33912194098718496,0.0,0.3085013657869767,0.34146647603455144,0.3343042963410924,0.0,0.32911080891785016,0.31918806010948636,0.3622718341604826,0.0,0.0,0.0,0.33067091262878595,0.0,0.0,0.3773085980858724,0.3252766102373262,0.0,0.0,0.0,0.0,0.3174737203712039,0.3126805578816709,0.0,0.31620061684825634,0.0,0.3366012680269795,0.3150122149640784,0.0,0.3449950211376973,0.0,0.0,0.0,0.37042278225144265,0.0,0.3424289181129149,0.3628783487306704,0.3453408770316596,0.0,0.0,0.0,0.0,0.30089499677745835,0.0,0.0,0.0,0.0,0.34386787413003816,0.3290828019841545,0.0,0.0,0.0,0.0,0.0,0.0,0.0,0.0,0.0,0.0,0.0,0.0,0.0,0.0,0.3349367002251916,0.0,0.0,0.0,0.0,0.0,0.0,0.33488458731780507,0.3233675373139493,0.0,0.0,0.352008999598337,0.0,0.0,0.0,0.0,0.0,0.3498381821683641,0.34478976562920977,0.0,0.0,0.3277916754366288,0.3023928696258361,0.3196752943558797,0.0,0.0,0.35690376753333236,0.0,0.3540176359433988,0.0,0.34408116556915325,0.0,0.3422998551863176,0.2755590371284004,0.0,0.0,0.0,0.33646995312140376,0.0,0.0,0.36934366073262936,0.0,0.3475855921200829,0.0,0.0,0.0,0.0,0.0,0.3118498221415285,0.0,0.29967430892320085,0.0,0.0,0.0,0.0,0.0,0.0,0.0,0.0,0.0,0.0,0.0,0.35756290118753437,0.3370952157453111,0.0,0.3161474655537134,0.0,0.362370840892085,0.37071349131907266,0.0,0.0,0.0,0.0,0.0,0.3441278378040123,0.0,0.32396173089046176,0.0,0.39195836151391084,0.0,0.0,0.0,0.3109003835874957,0.0,0.33219135715904624,0.33735937099750585,0.0,0.0,0.0
0.0,0.0,0.5741016636479105,0.5561744598786257,0.5390120885356234,0.0,0.0,0.5943778348898463,0.0,0.0,0.5331712828450662,0.5647665300932891,0.0,0.0,0.0,0.526338359680741,0.0,0.0,0.0,0.0,0.0,0.0,0.5966909602833661,0.0,0.5225810677006416,0.0,0.0,0.0,0.5613970073905802,0.5502832987952536,0.0,0.0,0.0,0.5653630094751838,0.0,0.0,0.0,0.5591339078906631,0.0,0.0,0.5781835925085383,0.0,0.5740833677655084,0.5747889296092753,0.0,0.0,0.0,0.0,0.0,0.5862443810901494,0.0,0.0,0.0,0.0,0.0,0.5661947904118083,0.5757206146275181,0.0,0.559092765376343,0.5733130823229428,0.5270046518554576,0.0,0.5997103676669207,0.6126173954064733,0.5502782815527069,0.0,0.5611553811243714,0.0,0.0,0.5851179493358671,0.0,0.0,0.0,0.5231894990955214,0.0,0.0,0.5573576964502172,0.5940089402484459,0.0,0.0,0.0,0.0,0.0,0.0,0.0,0.5815265191014617,0.0,0.0,0.5954766774237557,0.579171454167031,0.0,0.0,0.0,0.5372227627796043,0.0,0.0,0.0,0.0,0.0,0.0,0.5252216327545363,0.0,0.5734320707743703,0.0,0.0,0.0,0.0,0.0,0.5667590835358909,0.0,0.5821994883983115,0.0,0.0,0.0,0.0,0.0,0.0,0.0,0.0,0.0,0.0,0.5663971319854376,0.564851551608707,0.0,0.581389435125823,0.0,0.5826718924051418,0.5413670227889062,0.0,0.5353021517276529,0.0,0.58075772140811,0.5511570714214604,0.58883140380401,0.5825325635835845,0.0,0.0,0.5568776570036261,0.0,0.0,0.0,0.5518948634711255,0.5518718478981725,0.0,0.5826830023960863,0.5830954736456035,0.0,0.5722259223402283,0.5575888026225654,0.0,0.0,0.547037552027353,0.5775227074339649,0.5440480219910344,0.5542673065417868,0.0,0.0,0.0,0.6038166026630705,0.0,0.0,0.5608438493995223,0.5940538087133709,0.0,0.0,0.0,0.0,0.5547774545653331,0.5389029359200301,0.6073759492106896,0.5696301068152616,0.0,0.0,0.0,0.0,0.6109978979969947,0.0,0.5886836210310292,0.56494425748086,0.0,0.0,0.5816645937315593,0.0,0.0,0.5800169465974379,0.5734612677781885,0.0,0.0,0.0,0.0,0.559941878516689,0.0,0.5399524165240916,0.0,0.0,0.0,0.5773807753430839,0.5834700239230174,0.0,0.0,0.5287772510808834,0.5722324587645514,0.0,0.0,0.5483641336259316,0.5754046365736741,0.0,0.0,0.0,0.0,0.0,0.5760520735007637,0.0,0.0,0.0,0.5661937199514698,0.0,0.5607261410348856,0.0,0.0,0.5954229304974178,0.0,0.0,0.0,0.0,0.578288750609102,0.5352597600017166,0.5662550537441378,0.5328314649038927,0.5610499120633453,0.0,0.0,0.0,0.0,0.58819228960825,0.5742327729022881,0.5496525778942711,0.0,0.5449027532356051,0.0,0.0,0.0,0.0,0.0,0.0,0.5633411247474612,0.0,0.0,0.0,0.5986800383031782,0.5961093635044925,0.0,0.0,0.5917913720388718,0.0,0.0,0.0,0.0,0.5675311390730557,0.5846173582136932,0.5968712320105848,0.0,0.0,0.0,0.0,0.0,0.0,0.0,0.0,0.5774346390277286,0.6004572617543932,0.0,0.5637639559956196,0.5474927502652354,0.0,0.0,0.0,0.0,0.5442185774345386,0.0,0.0,0.5883311017921289,0.5697429030004119,0.0,0.0,0.5550133918086901,0.0,0.0,0.0,0.5612424411972018,0.0,0.5524572815526105,0.582102608466868,0.5307061516701079,0.5504122522817556,0.0,0.5482414583856215,0.5753624090250092,0.0,0.5649666210373478,0.0,0.0,0.0,0.0,0.0,0.5782652454609892,0.0,0.5795820321942311,0.0,0.5460870879235576,0.0,0.0,0.0,0.0,0.5380851053155817,0.0,0.0,0.0,0.0,0.5598678826151514,0.5590448132326917,0.5835645750790691,0.0,0.0,0.5888757242959297,0.0,0.0,0.0,0.0,0.0,0.5918305971591632,0.0,0.0,0.0,0.0,0.0,0.0,0.0,0.0,0.0,0.5514196903215828,0.0,0.0,0.0,0.5616414954401306,0.0,0.564470128280075,0.5811858987367147,0.0,0.5538717598763204,0.0,0.0,0.0,0.0,0.0,0.0,0.0,0.5805571311911042,0.0,0.0,0.0,0.0,0.580573639116355,0.0,0.5478574744379097,0.0,0.0,0.5190816981162181,0.5575417922971632,0.5839802572900183,0.0,0.0,0.0,0.5685776145732951,0.5619942381730553,0.0,0.0,0.5355651077001848,0.0,0.5730934538332861,0.0,0.0,0.0,0.0,0.5639358306050496,0.5432914585159763,0.6011641121253039,0.0,0.5537763909687423,0.0,0.0,0.0,0.5566313424894324,0.0,0.0,0.5261675400257366,0.0,0.0,0.5760331366747794,0.5631291815041384,0.0,0.5516539064931278,0.5632356384924713,0.0,0.0,0.0,0.590166227916841,0.0,0.0,0.5583712783231926,0.0,0.0,0.0,0.0,0.0,0.5855575901460462,0.5595962334720357,0.0,0.0,0.0,0.5812331186545976,0.5493426839636546,0.0,0.0,0.0,0.0,0.0,0.5794103661090162,0.0,0.0,0.0,0.0,0.0,0.0,0.5593721925624241,0.0,0.0,0.5359930520215854,0.0,0.5898894646020324,0.0,0.5723687726809811,0.0,0.5970785425754569,0.0,0.0,0.0,0.0,0.0,0.0,0.0,0.5546528669523774,0.0,0.0,0.5599536866073199,0.0,0.0,0.0,0.0,0.5480958757718508,0.0,0.0,0.0,0.0,0.0,0.0,0.5231098693829697,0.5535911481073695,0.5616385326192782,0.5430293276455842,0.0,0.0,0.5580624916105545,0.0,0.0,0.0,0.558393345344699,0.0,0.0,0.5442081161008943,0.0,0.0,0.0,0.0,0.0,0.0,0.0,0.5832629796774368,0.568569267957258,0.5909532794920132,0.5880957341374838,0.0,0.553290840948248,0.0,0.0,0.0,0.0,0.0,0.0,0.5924960075235391,0.0,0.5745291528102223,0.5857760473157425,0.5423546377887807,0.0,0.567011829002792,0.0,0.5776823126545203,0.560193445459927,0.0,0.5971593053030483,0.0,0.0,0.5666758949929088,0.0,0.5621627360847832,0.5552056685331761,0.0,0.0,0.0,0.0,0.5693845938013834,0.0,0.0,0.0,0.0,0.0,0.5855395073983144,0.0,0.0,0.0,0.0,0.5541416746844416,0.0,0.0,0.0,0.0,0.5690849745098526,0.0,0.556787989118934,0.0,0.0,0.0,0.0,0.0,0.0,0.0,0.5347062605783107,0.0,0.5799649467073053,0.5507622817997264,0.0,0.0,0.0,0.0,0.0,0.0,0.0,0.5545521792467808,0.0,0.0,0.5645398905693575,0.6117536213264951,0.0,0.0,0.0,0.5312461817083651,0.5479641514748181,0.0,0.0,0.0,0.5658025485438809,0.0,0.0,0.0,0.5551397752191098,0.0,0.5731066150111497,0.0,0.5927411376578221,0.5576927648413149,0.0,0.0,0.5801831717556061,0.0,0.0,0.560128964340542,0.0,0.0,0.0,0.0,0.0,0.0,0.0,0.0,0.0,0.5731460878727426,0.5705583806232678,0.5527789902138641,0.0,0.0,0.5522598189649354,0.0,0.0,0.0,0.0,0.5664661451144108,0.0,0.0,0.0,0.0,0.5599311838369291,0.0,0.5505574035568094,0.0,0.0,0.0,0.0,0.0,0.0,0.0,0.0,0.5857429849502945,0.0,0.0,0.5614383886690354,0.0,0.5523280388384483,0.0,0.0,0.5591753220997849,0.0,0.0,0.0,0.0,0.5339781824303662,0.0,0.0,0.0,0.5645015372040795,0.0,0.5867556808420992,0.0,0.5691268277755904,0.0,0.5694142310352406,0.0,0.0,0.5983529230164479,0.569352124849356,0.5983573950144956,0.0,0.5356847075352804,0.5533133083396045,0.5776308250393983,0.0,0.5493378286814904,0.5719132538775487,0.0,0.0,0.0,0.0,0.0,0.5694200054688581,0.5457996549145544,0.0,0.0,0.5516462842143665,0.0,0.5715258224690415,0.0,0.5607366719392753,0.0,0.0,0.5768408681767477,0.5981206458620183,0.5283058730288419,0.0,0.0,0.0,0.0,0.0,0.0,0.572337839726047,0.0,0.6023852087815491,0.0,0.5488359299142458,0.5549467769571874,0.0,0.0,0.0,0.0,0.0,0.0,0.5560821668195588,0.0,0.0,0.0,0.0,0.0,0.0,0.5946255406315656,0.0,0.0,0.0,0.5718297765467906,0.5327726146356175,0.0,0.0,0.0,0.0,0.0,0.0,0.535838531679361,0.5536856656330377,0.0,0.0,0.0,0.0,0.5625234903551375,0.0,0.0,0.0,0.0,0.0,0.0,0.0,0.0,0.5650107566995264,0.5881702620644375,0.5559759254405235,0.0,0.5587040889217317,0.5399762168451145,0.0,0.0,0.0,0.0,0.0,0.595580472445353,0.5539562756373656,0.0,0.0,0.0,0.0,0.5699256237638232,0.5741545875906181,0.5826094674666598,0.0,0.0,0.5509527856633567,0.5499609316726095,0.0,0.5636007438833582,0.0,0.0,0.5682650615559979,0.5550156095392289,0.0,0.0,0.0,0.5632627794027921,0.5787952928510793,0.0,0.5717613616231476,0.0,0.0,0.0,0.0,0.5794043501580549,0.0,0.0,0.571466289667804,0.0,0.5735318212551982,0.0,0.0,0.0,0.0,0.0,0.5185987867213601,0.5553541489516282,0.5432340741308117,0.6144981646676233,0.0,0.0,0.0,0.5712779613568829,0.0,0.0,0.5950586145225247,0.0,0.5610721546431596,0.5727352475281164,0.0,0.0,0.5902663949136406,0.5629745710459306,0.5933258045037244,0.0,0.0,0.0,0.5575100764733681,0.579807208363818,0.0,0.5455408003863925,0.5461908955024747,0.0,0.0,0.0,0.0,0.0,0.0,0.0,0.0,0.5747274920888198,0.0,0.0,0.5546704168215978,0.0,0.0,0.0,0.5636997776898393,0.0,0.5851170707314018,0.0,0.0,0.0,0.0,0.5507044105267774,0.0,0.0,0.0,0.5382200567757854,0.0,0.0,0.5519423690898327,0.0,0.5649092848443219,0.548648711679065,0.0,0.0,0.0,0.0,0.0,0.5780030888727791,0.0,0.5686125111358599,0.0,0.0,0.0,0.5479190336448533,0.0,0.5852515566909356,0.0,0.0,0.5533874761564461,0.0,0.0,0.5858857540538137,0.5367033837345149,0.531042881360135,0.0,0.5885000154997413,0.0,0.0,0.0,0.0,0.0,0.5815810539102971,0.0,0.0,0.0,0.0,0.5442723869668168,0.5543122618011036,0.5780053894425755,0.0,0.5551631672171907,0.0,0.0,0.0,0.0,0.5899919221573705,0.0,0.0,0.0,0.5743738699870274,0.0,0.5681752978432546,0.0,0.0,0.0,0.5236804821093883,0.0,0.5814149903680975,0.603931434309512,0.0,0.5936637154270771,0.554606883689178,0.5611764228726167,0.0,0.0,0.0,0.0,0.0,0.0,0.0,0.0,0.0,0.5450680373343518,0.0,0.5576658830142867,0.5212121099722312,0.0,0.0,0.5564073575667775,0.0,0.0,0.0,0.0,0.0,0.0,0.5840933743208105,0.0,0.5896329081930782,0.0,0.0,0.5514840633727995,0.5825609226840515,0.5607567216963504,0.5726781684376867,0.0,0.0,0.5564016022413991,0.0,0.0,0.0,0.6102612291301572,0.0,0.0,0.5515799033585549,0.0,0.5602774096994533,0.0,0.0,0.0,0.0,0.5835117214489998,0.0,0.0,0.0,0.5665631937393082,0.0,0.0,0.5502490208825211,0.0,0.0,0.0,0.0,0.5370286286234814,0.5790244630246726,0.0,0.0,0.0,0.0,0.0,0.5661809905757454,0.0,0.0,0.5659064526748484,0.0,0.5990221660637374,0.0,0.577914944937758,0.0,0.0,0.0,0.0,0.0,0.5324793010673855,0.0,0.0,0.5410568554509425,0.5764760214915363,0.5472459695925991,0.5792340730530118,0.0,0.5809045210767543,0.0,0.5698151122812234,0.0,0.5704071592770488,0.0,0.0,0.5462612701945007,0.5625006194746041,0.5599609666819791,0.0
0.09798510328634061,0.0,0.14200357749711984,0.10506618795812692,0.0,0.0,0.0,0.12264667338957222,0.0,0.0,0.1525335087682299,0.10993638363697847,0.0,0.0,0.0,0.0,0.0,0.12256943138126343,0.0,0.10875142808999369,0.0,0.0,0.07941399816654164,0.0,0.0,0.0,0.07817526032165194,0.0,0.14912219488681103,0.0,0.0,0.0,0.0,0.12932399361764543,0.08212375948699259,0.0,0.0,0.0,0.0,0.0,0.10839138177903701,0.0,0.0,0.0,0.06606063695869024,0.0,0.0,0.0,0.1360117456812527,0.0933058427217195,0.0,0.11484745587207944,0.10192671531672429,0.0,0.0,0.0,0.1342693419762266,0.0,0.0,0.0,0.09134603677027311,0.12278557554574891,0.13368298794540115,0.11316170941913296,0.0,0.0,0.14269270764389438,0.06558896509621377,0.07629531712829214,0.1237221794877581,0.0,0.0,0.0,0.1125247234240626,0.0,0.0,0.0,0.09640209310600072,0.0,0.10203792909146968,0.1258860243905561,0.1261415053974941,0.0,0.09330370493005793,0.0,0.0,0.08898594475467261,0.11229110988167652,0.11125846577503183,0.1065042608948994,0.0,0.08732333710885798,0.0,0.0,0.1255849377316091,0.0,0.0,0.12850759266278464,0.0,0.0,0.0955792043402371,0.0,0.08237701577811044,0.0,0.0,0.09505007270929426,0.0,0.0,0.0,0.0,0.08597908666293796,0.0,0.13358046494353887,0.07459863057584754,0.1445858573251949,0.0,0.13807724117519363,0.0,0.09459308081817928,0.0,0.15456857602357452,0.11795619404542053,0.0,0.0815537444449927,0.0,0.0,0.0,0.09319202140385517,0.0,0.11653062969537284,0.12833907757060056,0.11360185029237728,0.0,0.0,0.0,0.0,0.09119520666151092,0.0751730588737984,0.1089182301071561,0.10737385895852737,0.0,0.1134303203372379,0.1179798550530817,0.10473200953907798,0.0,0.0,0.0,0.0939158574675409,0.13060384824708446,0.1089000954143361,0.0,0.0,0.0,0.08389031884793922,0.0,0.0,0.11250546271834502,0.08871069345626466,0.0,0.0,0.0,0.0,0.0,0.0,0.11745603700407409,0.12175079267159687,0.0,0.11657430519822513,0.0,0.0,0.0,0.07395904555941774,0.08620642701269576,0.0,0.09353860413768862,0.0,0.0,0.0566170488543043,0.11791783725891627,0.0,0.0,0.0,0.0,0.12441487458792504,0.12062845190223996,0.0,0.0,0.09383605368949319,0.0,0.0,0.0,0.0,0.0,0.10669129554245381,0.0,0.0,0.0,0.0,0.0,0.10783932552437887,0.0,0.0,0.0,0.0,0.12445806700187204,0.0,0.11815723199543612,0.0,0.09518772413492249,0.12021255930815823,0.07344120164160549,0.07748533785543311,0.0,0.0,0.0,0.0,0.0,0.0,0.0,0.0,0.0,0.0,0.10057746284949497,0.07595213900346362,0.11740547583342614,0.0919047579526687,0.0,0.0,0.0,0.11404191606646001,0.11490214118763238,0.0,0.0,0.11942001605300445,0.0,0.0,0.0,0.07150085494012787,0.13255977083253107,0.0,0.0,0.12156917342367499,0.08287171357960287,0.0,0.0,0.0,0.0,0.0,0.0,0.0,0.0,0.0,0.0,0.0,0.12245395010227088,0.12275772157681476,0.0,0.09926065932996443,0.0,0.12921323730140852,0.0,0.0,0.10140595378018645,0.0,0.0,0.0,0.0,0.0,0.0,0.0,0.1136018218259826,0.0,0.0,0.08397118691421904,0.12075545578658378,0.07215536103133381,0.095414240506289,0.0,0.14411468757979382,0.0,0.0,0.10765448823162685,0.0,0.0,0.0,0.11437836737551232,0.0,0.10707424734807248,0.13379386353591896,0.11550605448747787,0.11634252938154992,0.0,0.0,0.10736100108626176,0.0,0.0,0.0,0.0,0.0,0.0,0.0,0.0,0.10658729467567223,0.0,0.0,0.12267215547115377,0.0,0.0,0.0,0.0,0.0,0.0,0.0,0.06400173861610256,0.09233142703416751,0.10140814099670149,0.0,0.10012780952397456,0.15448272915713415,0.0,0.1119805848115433,0.0,0.0,0.0,0.0,0.08704926370984879,0.06586896614362255,0.0,0.0,0.0,0.12610942046371593,0.0,0.0,0.0,0.0,0.0,0.07093647009292203,0.0,0.0,0.06798835464533079,0.11672438056586,0.10285100188095202,0.0,0.0,0.0990540627008352,0.0,0.0,0.10599262830074134,0.0,0.12298177796759796,0.0,0.0,0.0,0.0,0.0,0.0,0.0,0.0,0.0,0.08134464877463331,0.0,0.10128582442192244,0.09945428629973421,0.13995862599046224,0.0,0.0,0.0,0.0,0.11020408399103018,0.10959901466097431,0.1617056246049138,0.12257379732220071,0.11882489640077369,0.11184188870355945,0.0,0.0,0.1097433596181501,0.0,0.0,0.09145222312630004,0.12540185390513628,0.10566274419865608,0.1607691008841531,0.0,0.0,0.10481467465853463,0.0,0.0,0.0,0.0,0.0,0.0,0.0,0.0,0.0,0.0,0.07212610408605943,0.08595343819978475,0.12395878536287325,0.0,0.12303020473672892,0.0,0.10913972020532474,0.0,0.0,0.0,0.09881839293757975,0.0,0.0724237836054253,0.0,0.0,0.08711903842551004,0.0,0.0,0.0,0.0,0.0,0.0,0.0,0.0,0.0,0.0,0.0,0.0,0.10266665108283446,0.0,0.0,0.10211672769324102,0.0,0.0,0.0,0.0,0.13004289996078008,0.0,0.0,0.0,0.0,0.0,0.0,0.09216481763322816,0.0,0.11844884238177715,0.0,0.0,0.09313517336320219,0.0,0.0,0.0,0.11390602220220293,0.07872233053598762,0.08015835827579772,0.10219629582195208,0.0973001421825295,0.096196597413009,0.0,0.0,0.0,0.0867863377333533,0.0,0.1094679528680724,0.0,0.0,0.0,0.08044838588840213,0.13171065681619198,0.0,0.1083588369322604,0.0,0.10700735172723146,0.0,0.09930836094935383,0.0,0.1265903492501186,0.0,0.0,0.0,0.0,0.0,0.0,0.10676032095617954,0.0,0.0,0.0,0.0,0.08789495603306989,0.0,0.0,0.0,0.0,0.11635391779462896,0.11394324456356653,0.0,0.11306128841161286,0.0,0.10128260885223501,0.0,0.0,0.0826350747793897,0.10233719278092951,0.0,0.0,0.12982873082904092,0.0,0.11972926833596655,0.0,0.0,0.13246895358314087,0.0,0.09520005417292746,0.0,0.0,0.11270021973667248,0.0,0.0,0.0,0.0,0.07760773580960606,0.0,0.0,0.12348008841117217,0.0,0.0,0.0,0.0,0.0,0.0,0.11029466858472435,0.0,0.0,0.0,0.0,0.0,0.0,0.0,0.0,0.0,0.0,0.0,0.0,0.0,0.0,0.11603390598842292,0.0,0.0,0.0,0.0,0.0,0.13438841481272576,0.0,0.0,0.0,0.07710801770879518,0.11161512728892747,0.0,0.0,0.0,0.0,0.07238586548782701,0.0,0.0,0.0,0.10302925100585619,0.0,0.14871135531894122,0.0,0.0,0.0,0.0,0.0,0.0,0.0,0.0,0.12094106491412462,0.0,0.0,0.0,0.0,0.0,0.0,0.0,0.0,0.1032090431607821,0.08018627589492121,0.15897376859039516,0.0,0.0,0.11146929552418669,0.0,0.0,0.0,0.08745000164563566,0.0,0.1463129823619877,0.12027991863982684,0.0,0.10248310130862862,0.11338044406096043,0.11508084607671684,0.0,0.0,0.11037010416358012,0.0,0.0,0.0,0.0,0.0,0.0,0.0,0.0,0.0,0.06776490389615897,0.09119725664730387,0.0,0.10570533796581018,0.11023671457950161,0.11808130060389327,0.0,0.0,0.09397497915538468,0.13323450763188577,0.0,0.06985087445470421,0.0,0.10881354580868259,0.0,0.0,0.0,0.0,0.0,0.0,0.14106777668470766,0.13137455452976518,0.0,0.0,0.0,0.0,0.0,0.11843351101981187,0.0,0.0,0.0,0.09122188431205978,0.09828068533155969,0.0,0.0,0.09354338365389937,0.0,0.09026263309829778,0.06823606360668394,0.09835456750448662,0.0,0.0,0.10354420779266592,0.0,0.0,0.0,0.0,0.0,0.0,0.0,0.0,0.0,0.0,0.0,0.15373826248474387,0.10903977394969724,0.10030823312988453,0.0,0.0,0.0,0.09944104006397421,0.10042791991500807,0.13735947460784045,0.10302914785844267,0.09099391162870381,0.0,0.11559970028582689,0.0,0.08688961679216455,0.09224079153153783,0.0,0.0,0.09347879224104534,0.11527546131642583,0.10030700495401783,0.0,0.12906076392762406,0.0,0.09976918358300586,0.0,0.0,0.0,0.0,0.0,0.08591966879331435,0.0,0.08667555499389457,0.0,0.0,0.09166405615037887,0.0,0.0,0.0,0.0,0.0,0.0,0.0,0.09043072575723607,0.07525383409378754,0.0,0.0,0.0,0.0,0.0,0.0,0.0,0.0,0.08179326023420636,0.09898770264403303,0.0,0.11616671932792275,0.0,0.10549664765845573,0.1415370634407078,0.12610035470935954,0.0,0.0,0.0,0.0,0.12447014518383447,0.12471433303550328,0.0,0.0,0.0,0.0,0.13001966225055467,0.0,0.0,0.09257684831558169,0.11394437815592597,0.0,0.09923081313545687,0.1091207291016361,0.0,0.0,0.0,0.10361755387940323,0.08602401974877705,0.0,0.0,0.0989553139684142,0.0,0.10051127146859472,0.0,0.0,0.09736467311801186,0.12083553385401745,0.0,0.0,0.10023155776395731,0.0,0.0,0.0,0.10628632733285397,0.0,0.12770189315275274,0.0,0.0,0.0,0.0,0.1279847397450938,0.0,0.13180855631906163,0.0,0.10772384592103336,0.12577678071408407,0.0,0.0,0.11236791870509082,0.10342912572808168,0.0,0.12266144537063235,0.08973898658943345,0.10081859253822673,0.0,0.07605112507674501,0.0,0.0602714878191342,0.07306689154684928,0.0,0.0675724317116275,0.0,0.0,0.0,0.1021576213720889,0.0,0.0,0.09330648063338358,0.09531684906653576,0.07790437633832926,0.11620479377566477,0.0,0.10827222903561583,0.13061305968774278,0.1206460033165612,0.0,0.1422912561845407,0.0,0.0,0.0,0.0,0.0,0.0,0.0,0.0,0.0,0.10446528086852648,0.0,0.09289833016853075,0.1017632658973216,0.0,0.0,0.0,0.12253318430796513,0.0,0.0,0.0,0.0,0.07966101056467119,0.12434605969184165,0.0,0.0,0.0,0.0,0.0,0.0,0.0,0.0975010024150801,0.0,0.0,0.0,0.0,0.0,0.0,0.0,0.09649108383690078,0.06150140926246263,0.08062648029680135,0.0,0.08162884764420564,0.08995769228228898,0.09625622232579724,0.0,0.0,0.08519299468823885,0.0,0.09673359510148051,0.0,0.0,0.13810563857685493,0.11773179459432084,0.0,0.11883989379529838,0.10626270254924843,0.0,0.0,0.0,0.0,0.10074174202426374,0.1456661359264419,0.07969233030902094,0.10589911138755001,0.0994485713260759,0.08645843950454457,0.0,0.0,0.0,0.10929393998107806,0.0,0.12041872019346854,0.0,0.0,0.11304613125728798,0.0,0.1053037962954099,0.1226408181852022,0.0,0.0,0.0,0.11698220013966006,0.09110861350026475,0.0,0.0,0.0,0.09057595969243276,0.0,0.0,0.0,0.11327109125169142,0.08525594020990147,0.0,0.08225039354804461,0.0,0.0,0.13011580045966759,0.11370019974005491,0.0,0.0,0.0,0.0,0.0798987876119431,0.0,0.11741627819711098,0.118560514882561,0.1359256081349967,0.0,0.0,0.12408478584392177,0.0,0.0,0.09383685313394609,0.0,0.0,0.0,0.0,0.0,0.11475785736032205,0.0,0.0,0.1255502606378908,0.0,0.0,0.0,0.0,0.0,0.09880957722688898,0.0812716459844783,0.0,0.10859904370589664,0.13370850091717876,0.08516352911869929,0.0,0.11740154334313355,0.0,0.0,0.0,0.0,0.0,0.0,0.0,0.12272396749689513,0.0,0.0,0.0,0.0,0.0,0.1487775773471259,0.0,0.0,0.10915093230783521,0.0,0.0,0.1291023271146286,0.0,0.0,0.0,0.0,0.07311683365221407,0.0,0.12678724595950033,0.0,0.1116510279893096,0.0,0.0996383759103659,0.0,0.07251975819390993,0.0,0.0,0.07412144271145377,0.0,0.0,0.0,0.0,0.0,0.0,0.0,0.10995706403731105,0.10354249930994572,0.11495669299966241,0.0,0.0,0.0,0.0,0.0,0.0,0.0,0.11611227965678153,0.0,0.0,0.08749692866789437
0.0,0.0,0.7479831769282843,0.0,0.0,0.0,0.0,0.7054711371239533,0.0,0.6819516585495508,0.0,0.6916525562477938,0.0,0.0,0.7094080899063201,0.0,0.0,0.7581848669177451,0.6750021221946761,0.0,0.0,0.0,0.7209013094429894,0.0,0.0,0.0,0.0,0.0,0.6880698546387942,0.0,0.6935489246123515,0.0,0.706876383395945,0.7055351849481754,0.0,0.7330212818773006,0.0,0.0,0.0,0.0,0.703485504445491,0.0,0.0,0.0,0.0,0.7234641541240547,0.6955925904065506,0.703353624586298,0.6951437239643478,0.0,0.0,0.0,0.6722395323541236,0.0,0.0,0.7415328143674104,0.7103684837438885,0.0,0.0,0.0,0.0,0.0,0.7352981523593479,0.7176158014043755,0.0,0.0,0.0,0.0,0.0,0.7140352470331336,0.0,0.0,0.0,0.0,0.6928395924945404,0.0,0.6830973818019979,0.0,0.0,0.0,0.0,0.0,0.0,0.0,0.0,0.0,0.6839236655654491,0.7242383336016158,0.7174919581222313,0.0,0.0,0.0,0.7005336556108853,0.0,0.0,0.0,0.0,0.7070307615502038,0.0,0.0,0.713857282643542,0.0,0.7342192596604982,0.0,0.0,0.7062022639514783,0.0,0.0,0.718890898690974,0.0,0.6893725814666846,0.0,0.6981866571881574,0.0,0.7010318347061445,0.0,0.7157035704529376,0.0,0.0,0.75754126417793,0.0,0.0,0.714922631379077,0.7097120233165225,0.7267994512641944,0.0,0.6885649598674297,0.0,0.0,0.0,0.7087475610488787,0.0,0.0,0.0,0.6936415825266711,0.0,0.0,0.0,0.0,0.690137117291339,0.0,0.7171790187584988,0.7146842722981885,0.6886312105492995,0.0,0.0,0.6845961540511626,0.7415975861027204,0.704707945469191,0.6868765925345655,0.6950494619723099,0.7143601994513598,0.0,0.0,0.729186504799762,0.0,0.0,0.0,0.6940079096005018,0.0,0.0,0.0,0.0,0.0,0.0,0.0,0.0,0.7358616101396112,0.709075970986253,0.7135436612276238,0.0,0.0,0.0,0.0,0.7362946226843734,0.0,0.0,0.0,0.0,0.6741453398701502,0.6969078269136282,0.7013158412695275,0.0,0.0,0.7224431646139026,0.0,0.7028106929892193,0.0,0.6829701397645664,0.7113397520057163,0.0,0.0,0.0,0.0,0.0,0.0,0.0,0.0,0.0,0.0,0.0,0.0,0.0,0.0,0.0,0.0,0.0,0.0,0.0,0.0,0.0,0.7114607824984825,0.0,0.0,0.7176797432852815,0.0,0.0,0.0,0.0,0.0,0.0,0.0,0.0,0.0,0.0,0.0,0.7098081985474545,0.7150211879187819,0.0,0.7254524109736992,0.0,0.0,0.6814375746209086,0.0,0.0,0.7183941558781015,0.7352950703468848,0.0,0.7143808589309406,0.6662387339570368,0.0,0.0,0.721852518843069,0.0,0.0,0.6773311636515591,0.7333988252389171,0.0,0.0,0.0,0.0,0.6886442764945084,0.6752811222392188,0.0,0.0,0.7163293153403738,0.0,0.0,0.7224233326890359,0.7321019226397187,0.0,0.0,0.0,0.0,0.0,0.0,0.0,0.0,0.0,0.0,0.0,0.0,0.690355293306859,0.0,0.0,0.0,0.0,0.722325759075222,0.7288592752082662,0.0,0.0,0.0,0.0,0.0,0.6946622757522776,0.7079477442144281,0.0,0.6932627493802507,0.722048498177129,0.0,0.7158874996665345,0.7184817375071966,0.0,0.7131284113007921,0.6999372576482078,0.6982859818939643,0.0,0.7453346015708943,0.7341522850037371,0.0,0.0,0.0,0.7015629665752867,0.7045331322098923,0.0,0.0,0.6881010877182591,0.7259352474249477,0.0,0.0,0.0,0.0,0.0,0.7024882920320519,0.6874596846349443,0.7193217921907541,0.7167053457591831,0.0,0.0,0.6834018656451237,0.0,0.0,0.7013806120222401,0.0,0.0,0.735731046844937,0.6915747716668834,0.0,0.0,0.0,0.7248611050509183,0.7121495261131096,0.0,0.0,0.7762929710441258,0.0,0.0,0.0,0.0,0.7159913641735376,0.0,0.6975289942732795,0.0,0.74206417009175,0.745109953305899,0.0,0.0,0.6998665657843717,0.7006602999565779,0.6967120174518848,0.7284776331124481,0.0,0.0,0.0,0.0,0.0,0.0,0.7350894048022233,0.0,0.0,0.0,0.7138719297338276,0.6901032010550311,0.0,0.730236540489889,0.0,0.6730779845896815,0.7068334591234535,0.7167173336189298,0.6957717304534681,0.7240545827209767,0.7243082251216076,0.0,0.0,0.0,0.0,0.6956782821734836,0.7055284247879617,0.0,0.0,0.0,0.0,0.0,0.0,0.6797580555338156,0.7082651776411292,0.6994659145683483,0.0,0.7520174557784718,0.0,0.0,0.0,0.6944347479091707,0.0,0.0,0.6712552327617106,0.6991138348883121,0.0,0.7138336695692311,0.0,0.0,0.7194602542503364,0.7297091026882806,0.0,0.6900748773288219,0.0,0.7061184715507227,0.0,0.7131963493503988,0.678965235521792,0.7143176465838501,0.6950069065706351,0.704756399598946,0.0,0.7148927031911747,0.0,0.0,0.0,0.0,0.0,0.0,0.0,0.0,0.0,0.71850963431061,0.7085178257485982,0.0,0.722194732817088,0.0,0.0,0.0,0.0,0.7060911628034523,0.7385504376780403,0.708052683720667,0.0,0.0,0.0,0.7003597403503106,0.6913434971229908,0.0,0.0,0.0,0.0,0.0,0.0,0.6911154321419607,0.0,0.0,0.6860028339859852,0.6845010625975307,0.7281731374254573,0.0,0.0,0.0,0.0,0.0,0.0,0.0,0.0,0.0,0.0,0.0,0.6846172117063091,0.748108224794894,0.0,0.0,0.0,0.699850641217447,0.0,0.7076016312893071,0.0,0.0,0.0,0.6701003703352225,0.6889288771482692,0.0,0.0,0.0,0.0,0.6783001637191238,0.0,0.0,0.0,0.0,0.0,0.0,0.0,0.0,0.7065405017166917,0.694767036168276,0.6978909526895203,0.0,0.0,0.0,0.0,0.0,0.0,0.0,0.6983700606475478,0.0,0.6754674846010065,0.6941543713155858,0.7277943077375268,0.0,0.0,0.7052484973372987,0.7309602002333512,0.0,0.7209833485064063,0.0,0.7249306855621563,0.0,0.691672004108112,0.0,0.0,0.0,0.0,0.0,0.7085741679948869,0.6977870807613884,0.0,0.7148669926937194,0.7064377978940143,0.0,0.0,0.0,0.6810779751741588,0.0,0.0,0.0,0.711993650956255,0.0,0.0,0.0,0.692829693137458,0.0,0.0,0.0,0.6998675957789929,0.0,0.0,0.0,0.0,0.0,0.0,0.0,0.0,0.0,0.6828873078667173,0.7069093536701312,0.0,0.0,0.0,0.0,0.0,0.0,0.0,0.6854717823890513,0.0,0.0,0.7030796386478544,0.6922849706351103,0.0,0.7247120757373031,0.0,0.6998570673511662,0.7017955969573678,0.0,0.0,0.0,0.0,0.0,0.6963410122954792,0.0,0.7161348395176534,0.0,0.7013396418259857,0.7429665126344707,0.0,0.0,0.7104918060864248,0.0,0.7469953596826024,0.0,0.0,0.7266204957822167,0.7118240820557281,0.0,0.7062716993210363,0.6764597807045256,0.0,0.7104307643444306,0.0,0.0,0.7054653040953326,0.704427633255001,0.730192433197282,0.0,0.6843109236535873,0.0,0.0,0.0,0.6910466360943782,0.0,0.0,0.0,0.6876256164628374,0.0,0.0,0.0,0.0,0.0,0.0,0.0,0.0,0.7381112015156395,0.0,0.6878698724251736,0.0,0.0,0.705977210402219,0.0,0.0,0.7285465943141389,0.0,0.0,0.0,0.6820606602670348,0.0,0.676285182748934,0.7305632156384836,0.7139530988214811,0.0,0.0,0.0,0.0,0.6525490495443788,0.0,0.0,0.0,0.0,0.7215779125993208,0.7192399751804865,0.0,0.7368973379711946,0.0,0.0,0.0,0.7262830612913462,0.7420351230330453,0.0,0.7114507311111596,0.701170357097532,0.0,0.0,0.7354908290150574,0.6928181842195374,0.0,0.0,0.0,0.0,0.0,0.0,0.6716736673865698,0.7400971443912101,0.0,0.0,0.6926003646729869,0.7054091647888707,0.7126547001156823,0.0,0.0,0.6709101451035286,0.6983208870443061,0.0,0.7371766694138585,0.0,0.0,0.6771855909242099,0.7437458615400631,0.0,0.0,0.729474469382764,0.7001960313844742,0.0,0.6960008219185893,0.6878631317292349,0.0,0.0,0.696833830448319,0.0,0.0,0.0,0.0,0.6746245665989938,0.7101451284427606,0.0,0.0,0.753188779653096,0.0,0.7100437165792074,0.0,0.682888352855831,0.0,0.0,0.702389212476564,0.6764784700855301,0.0,0.6723161350495986,0.7081542513665601,0.0,0.7048138985120713,0.0,0.0,0.7477494237563561,0.0,0.0,0.7056261957352373,0.0,0.0,0.0,0.0,0.6978990665995485,0.0,0.0,0.7309304841346558,0.726257959370122,0.7085778709526337,0.0,0.7135024388815416,0.0,0.0,0.0,0.0,0.7273530964616045,0.0,0.0,0.0,0.7075412485345898,0.0,0.7045551332620252,0.0,0.0,0.0,0.7227329006054231,0.6978982301413815,0.708219477261916,0.7340904715048238,0.0,0.0,0.0,0.718792681794586,0.6897966798106874,0.0,0.0,0.0,0.0,0.6999867944649536,0.7017100614636888,0.7294158815215045,0.6718690388547031,0.0,0.7496709019799016,0.0,0.721329211680986,0.0,0.0,0.0,0.0,0.6806983779121645,0.0,0.0,0.6907882423658026,0.0,0.7281785964046994,0.0,0.0,0.0,0.6624706611980712,0.7049317194333293,0.0,0.0,0.0,0.0,0.0,0.0,0.0,0.0,0.675828098768323,0.7151890272625742,0.0,0.0,0.6907837864965418,0.7470925882404714,0.7179277374616847,0.7011942355968811,0.708439048394784,0.73473087785841,0.7128419176873375,0.6815397528332094,0.6978983559278896,0.7128184443590991,0.7059249399732463,0.0,0.0,0.0,0.0,0.0,0.0,0.0,0.0,0.0,0.0,0.7149620249832576,0.0,0.7199968835113507,0.0,0.0,0.6982463266935598,0.0,0.0,0.0,0.0,0.0,0.0,0.0,0.7188658335091144,0.0,0.7116133648983329,0.0,0.0,0.0,0.0,0.0,0.0,0.0,0.7261616835514466,0.7184269854735862,0.6793075490134832,0.7324294086468048,0.0,0.0,0.0,0.6966173245952048,0.0,0.0,0.0,0.0,0.0,0.7220291292679367,0.0,0.0,0.0,0.0,0.0,0.7176349088917868,0.0,0.0,0.687416100774576,0.6815626101986147,0.7235010072159005,0.0,0.6844140856324794,0.6915464995438444,0.0,0.0,0.0,0.6963558693673243,0.71155668990368,0.0,0.7063930015358207,0.0,0.0,0.7287722783650943,0.7019462077437102,0.7035027832916427,0.0,0.708871797933568,0.0,0.0,0.0,0.0,0.6991046271975897,0.0,0.0,0.0,0.0,0.0,0.0,0.6917851088369196,0.0,0.0,0.0,0.0,0.7093507430467246,0.6908613116352432,0.7394078810218364,0.0,0.694482227383899,0.0,0.0,0.0,0.7030075471011514,0.0,0.0,0.0,0.0,0.0,0.0,0.0,0.0,0.7167258764615528,0.694202511835013,0.0,0.0,0.0,0.7302038677898786,0.0,0.0,0.0,0.0,0.0,0.0,0.0,0.0,0.0,0.7369599876865146,0.0,0.7105798691706879,0.0,0.738492533991715,0.7195346978194068,0.0,0.0,0.0,0.0,0.0,0.7045457956491221,0.0,0.0,0.0,0.0,0.0,0.0,0.6878296120152063,0.7257646268598235,0.0,0.0,0.0,0.0,0.0,0.6733650619783769,0.6930254819130912,0.0,0.6671491624944813,0.6948215543569808,0.7370957141801728,0.0,0.0,0.0,0.7111139981864184,0.7281060699837792,0.0,0.718564151833491,0.6946117749896537,0.6925161269381006,0.7032366651988462,0.6970323805211125,0.0,0.0,0.6986803592552976,0.0,0.7514853990289265,0.0,0.0,0.0,0.0,0.0,0.0,0.0,0.7266713878813202,0.0,0.7035840389811735,0.0,0.737222933236278,0.0,0.6924307793764366,0.7058743400468546,0.702852909538679,0.7504200508354364,0.0,0.7005046434557299,0.7007812316028903,0.0,0.7129173584236564,0.0,0.7015054973695565,0.0,0.0
0.0,0.0,0.623455837832764,0.0,0.0,0.6133491250422685,0.0,0.6098591388630449,0.0,0.0,0.0,0.0,0.6083100223709474,0.6135762533863118,0.6187207856098063,0.0,0.0,0.6182442375240792,0.0,0.0,0.0,0.0,0.6185227438071174,0.0,0.0,0.0,0.0,0.5944876121157227,0.0,0.0,0.5976144584196986,0.0,0.0,0.6410787701073387,0.0,0.0,0.5970604066002387,0.6046873418246966,0.5861772969739709,0.0,0.613422071688135,0.0,0.606081920933441,0.0,0.0,0.0,0.0,0.0,0.6076819756298879,0.6352643150506239,0.6077913112487106,0.0,0.0,0.5953667880801949,0.6055980528295388,0.0,0.6124128182528279,0.6217543246540908,0.0,0.0,0.0,0.6278011182754748,0.6202635511780438,0.6327035970891012,0.0,0.0,0.614304625873589,0.0,0.0,0.0,0.0,0.0,0.0,0.0,0.0,0.0,0.0,0.6448922343187242,0.6089507654295747,0.0,0.0,0.0,0.0,0.0,0.0,0.0,0.0,0.5926326676034049,0.0,0.0,0.0,0.5998645906621615,0.0,0.6101228006275601,0.0,0.0,0.6015868577710803,0.6144766450869047,0.0,0.0,0.0,0.6015910577554511,0.5989985132012018,0.5874143031163123,0.6148833850165458,0.5945657848707236,0.5900397762338023,0.0,0.6149034681952977,0.0,0.0,0.0,0.0,0.0,0.6132229014219155,0.0,0.0,0.0,0.0,0.0,0.6164333952990871,0.6158079890784508,0.5999129605484463,0.0,0.0,0.6005434601918103,0.0,0.0,0.0,0.0,0.5850067513951283,0.6026755725101385,0.0,0.0,0.6349147474522921,0.0,0.0,0.6228166684395382,0.0,0.0,0.0,0.0,0.6309759092643182,0.5982830100643054,0.0,0.0,0.0,0.6139153783882498,0.6241805699520905,0.0,0.0,0.6274978201333596,0.0,0.6139735535506597,0.0,0.5967213749587065,0.594554917772779,0.0,0.0,0.0,0.0,0.0,0.0,0.0,0.0,0.6123000317062774,0.0,0.6314014005743614,0.0,0.6311651131010554,0.0,0.6088214507880503,0.0,0.0,0.0,0.6151271170456836,0.0,0.6057347573730082,0.0,0.0,0.6040619674223785,0.0,0.6080587009875791,0.0,0.6190082699545966,0.6099102133628482,0.5928727390324244,0.0,0.620412639240245,0.6195119519918916,0.611021141699389,0.0,0.6129076471930498,0.6097745281404106,0.0,0.6095684146937684,0.6177757559640586,0.0,0.6020917857359379,0.0,0.6051637237514023,0.6003736190151995,0.0,0.0,0.0,0.0,0.0,0.0,0.5945597192814156,0.6006318636190207,0.0,0.0,0.6136713322497617,0.5873349765268753,0.5922166228089044,0.6240863498378328,0.5983831564548145,0.0,0.0,0.0,0.6271025419153492,0.0,0.0,0.6130213470339987,0.6101610767868073,0.6088309345549638,0.6209072210417657,0.0,0.6125982039599149,0.5949113757742138,0.6411796905685734,0.5835685088443118,0.0,0.0,0.0,0.6166448346056747,0.0,0.0,0.0,0.0,0.0,0.0,0.0,0.0,0.0,0.0,0.5976328747941217,0.0,0.0,0.0,0.0,0.0,0.0,0.6120261138750815,0.6321019859397515,0.0,0.0,0.0,0.0,0.6152435993850134,0.6186962226160869,0.0,0.6097077272294834,0.5990452300808892,0.0,0.0,0.0,0.0,0.0,0.0,0.6376554264067014,0.0,0.6464342188626783,0.0,0.0,0.6087804214478828,0.0,0.6223969217146456,0.0,0.6089906083972074,0.0,0.0,0.0,0.5998993367325273,0.0,0.0,0.6110629524414626,0.0,0.0,0.5942012313560491,0.61907969561336,0.6079959925845876,0.0,0.0,0.0,0.0,0.0,0.6173110616991118,0.0,0.0,0.0,0.0,0.5873090542424869,0.6222880591306013,0.6028987061929545,0.0,0.0,0.0,0.0,0.0,0.0,0.6147774568708351,0.0,0.0,0.0,0.0,0.609650500673779,0.0,0.6337674084038533,0.0,0.6060370739117358,0.0,0.0,0.0,0.619288288585185,0.6005435216899594,0.0,0.6247129317425384,0.0,0.6013533989405463,0.6202427810509059,0.5996023706856188,0.0,0.5893362399521647,0.6149465831685589,0.0,0.0,0.0,0.0,0.0,0.0,0.0,0.0,0.631536228932057,0.6274719617803393,0.0,0.0,0.6169055289552727,0.578137030097083,0.6336932683105891,0.0,0.0,0.0,0.0,0.6109580577334144,0.0,0.0,0.609001134905079,0.0,0.6060776494570959,0.0,0.5990885527616412,0.6226769399430235,0.6005108974531348,0.5978920103208625,0.0,0.0,0.0,0.0,0.612967926050484,0.0,0.0,0.0,0.5999347334849785,0.6130323834483155,0.0,0.6021590533065093,0.0,0.6251885155598604,0.6117075680999019,0.0,0.0,0.0,0.0,0.0,0.6108044705299422,0.5902195679907747,0.5910724726627794,0.0,0.0,0.0,0.0,0.0,0.0,0.0,0.0,0.0,0.0,0.6115832257976243,0.6388634736438313,0.0,0.6120556352748068,0.0,0.0,0.0,0.0,0.6286663602207907,0.0,0.0,0.0,0.5925509658764787,0.0,0.6104983025605064,0.0,0.5813608912484152,0.0,0.0,0.0,0.0,0.0,0.0,0.6116428212098334,0.0,0.5938775781332438,0.0,0.0,0.0,0.6351698916073976,0.6097625847619781,0.0,0.0,0.0,0.6124985137224842,0.6207456884999207,0.0,0.0,0.0,0.0,0.6202610096269522,0.6295763057397834,0.0,0.6324793929720739,0.0,0.6224117018525769,0.0,0.0,0.0,0.0,0.6035681969843675,0.5813812775859448,0.0,0.6221512362054834,0.0,0.0,0.0,0.0,0.0,0.0,0.0,0.0,0.0,0.0,0.0,0.0,0.0,0.0,0.0,0.6054448554134247,0.0,0.6090972011225384,0.5972977199257417,0.6173825905517569,0.0,0.6215052155587825,0.0,0.0,0.6264308926009828,0.6103437332383148,0.0,0.6063404786866252,0.0,0.0,0.0,0.0,0.6049420508923679,0.0,0.0,0.6273308899744567,0.0,0.6168076083237637,0.6086299600387133,0.0,0.6123944190936611,0.0,0.6105903032146924,0.0,0.0,0.5908519606134202,0.0,0.6199678877251301,0.0,0.6060476374416947,0.0,0.6168493175512236,0.0,0.6238619973067181,0.0,0.0,0.6239488961564181,0.0,0.6212250770526321,0.6165039049697926,0.0,0.6102362755977245,0.0,0.0,0.0,0.5888165926086462,0.0,0.0,0.0,0.0,0.595321066185362,0.0,0.0,0.0,0.0,0.0,0.0,0.0,0.6187325146659799,0.0,0.0,0.0,0.6082629703951143,0.0,0.0,0.0,0.0,0.0,0.0,0.5875889829784449,0.0,0.5927283631631198,0.616748133605894,0.0,0.0,0.0,0.0,0.0,0.6187220564329228,0.0,0.0,0.0,0.0,0.0,0.6038689959940806,0.0,0.5933384259382113,0.6206860623353877,0.6059154923577329,0.0,0.6165605422115773,0.0,0.619458883093385,0.0,0.0,0.0,0.5947729453597573,0.0,0.5981395348859404,0.0,0.0,0.0,0.0,0.0,0.6041080323783087,0.606424788825067,0.0,0.630157656701961,0.0,0.5984704589609257,0.0,0.6294994727016157,0.0,0.0,0.0,0.0,0.6112455086102584,0.0,0.0,0.0,0.5820469424409066,0.0,0.0,0.0,0.5978696259795722,0.6262557019023943,0.6082421393704074,0.0,0.0,0.0,0.6244160248693937,0.0,0.0,0.0,0.612311375348889,0.612288949596649,0.5948219701750621,0.0,0.0,0.6175914409443896,0.0,0.6269397332475132,0.0,0.0,0.0,0.0,0.0,0.0,0.0,0.0,0.0,0.0,0.0,0.0,0.0,0.0,0.0,0.0,0.0,0.6046501314402315,0.0,0.0,0.6026356700082778,0.6062988551967274,0.0,0.6067971233893618,0.0,0.6202543295983907,0.5997360202213309,0.6087467080977429,0.0,0.0,0.0,0.0,0.0,0.0,0.5936293699108868,0.6156236836564788,0.6140369553189242,0.0,0.6194881838602107,0.0,0.0,0.0,0.0,0.6190064598490331,0.0,0.0,0.0,0.6190594990728198,0.0,0.0,0.0,0.5974038388179636,0.0,0.6232208623845459,0.6080753265156331,0.6013637099856068,0.0,0.614745723389342,0.0,0.0,0.0,0.6091710169000064,0.0,0.6162576706352786,0.0,0.0,0.0,0.5941278723700308,0.6085768629805949,0.0,0.0,0.0,0.6165309907138757,0.6044677190233244,0.614429605536974,0.0,0.5990488008932007,0.0,0.0,0.6021548905956362,0.0,0.6302905726715459,0.0,0.0,0.0,0.6028924357542508,0.0,0.0,0.6100127974202396,0.0,0.0,0.0,0.0,0.0,0.0,0.0,0.6055136153695294,0.0,0.618651048436667,0.5940836949166918,0.6018518344900762,0.6340614222875991,0.0,0.5843382149277978,0.5914093649748794,0.0,0.6136361365698776,0.0,0.0,0.6204643605438062,0.0,0.0,0.6106798990305885,0.0,0.0,0.0,0.6212665485023151,0.6290178577259112,0.0,0.0,0.0,0.0,0.5729395079318051,0.0,0.0,0.0,0.6150935748523925,0.0,0.0,0.0,0.6056823436143713,0.0,0.6139500261585666,0.6197821869827917,0.6331321072448436,0.0,0.0,0.0,0.0,0.0,0.0,0.0,0.5989892882986934,0.0,0.0,0.0,0.0,0.0,0.0,0.6269114003664105,0.0,0.0,0.6101894200632796,0.0,0.0,0.6201007612320979,0.0,0.0,0.6116754137115169,0.6188638452987414,0.0,0.6114465158064589,0.0,0.6068564090599184,0.5977645500088316,0.6039790242016606,0.0,0.6235846943293071,0.613628440436092,0.0,0.6087396017648448,0.0,0.0,0.0,0.0,0.5913253233173522,0.0,0.6131534277124912,0.0,0.6250662139079565,0.6103602000743674,0.5792251277165835,0.0,0.0,0.0,0.5910230012684392,0.5965886929042005,0.6179619274969789,0.6203551454968351,0.6083281716419026,0.0,0.0,0.0,0.0,0.0,0.0,0.0,0.0,0.0,0.0,0.0,0.6055381097665112,0.6034802819554607,0.0,0.595843522619669,0.6313102674176744,0.0,0.0,0.0,0.0,0.0,0.0,0.0,0.0,0.611390441297576,0.0,0.0,0.6138615867838614,0.0,0.6051296802269674,0.6212219947250985,0.0,0.0,0.0,0.0,0.0,0.6075702730381214,0.0,0.0,0.6039253932136285,0.0,0.0,0.611404727564064,0.6140992630299511,0.5991502800023195,0.0,0.5882023365690272,0.6068868956916332,0.0,0.0,0.6103232714096861,0.0,0.0,0.0,0.0,0.6155385969155455,0.0,0.0,0.0,0.0,0.6177577410986715,0.6171230735037292,0.0,0.6027119249777003,0.5922053697794096,0.6061312267104727,0.0,0.6092067340592507,0.6188976989588688,0.6203865678149204,0.0,0.6239686922592173,0.0,0.0,0.0,0.0,0.0,0.0,0.0,0.6120039711212577,0.6378509330084939,0.0,0.0,0.0,0.0,0.5938586197648402,0.6120212779133358,0.0,0.0,0.0,0.0,0.0,0.5870464105045072,0.5853611204035074,0.5930690499074832,0.6201041547160527,0.0,0.0,0.0,0.0,0.6051452220857837,0.0,0.0,0.0,0.0,0.0,0.0,0.0,0.601393387011726,0.0,0.0,0.0,0.6063828804230954,0.0,0.0,0.0,0.0,0.0,0.0,0.0,0.617759090050351,0.0,0.6213895164288253,0.6090958621459003,0.6070058203001161,0.6196826864004946,0.0,0.0,0.0,0.0,0.6053434190489962,0.0,0.5887284510120369,0.0,0.0,0.6196980174440809,0.6011653812574373,0.0,0.0,0.631955990764722,0.6063960695083304,0.0,0.0,0.0,0.0,0.0,0.6155463650716803,0.0,0.5977518102998678,0.0,0.0,0.0,0.588670874843087,0.0,0.0,0.6112576284962798,0.0,0.6060227710504822,0.643167607511366,0.0,0.583844157667118,0.6061439013904775,0.0,0.0,0.6200915929649712,0.0,0.0,0.6279300796886166,0.0,0.6216021927024892,0.0,0.0,0.0,0.0,0.0,0.6121412223317264,0.0,0.0,0.0,0.0,0.6348033969104564,0.0,0.0,0.5836468913633145,0.6057531261475829,0.6107479566313663,0.0,0.6187434554488888,0.0,0.6003935061231351,0.0,0.6005776457209963,0.0,0.0,0.0,0.0
0.0,0.0,0.26748484154276075,0.0,0.0,0.0,0.0,0.2969932894600103,0.0,0.0,0.0,0.0,0.0,0.0,0.25740381131083606,0.0,0.0,0.24089547021180238,0.0,0.24186591065814572,0.0,0.0,0.0,0.0,0.25623641574664363,0.0,0.2459064008549502,0.0,0.23367789104572365,0.0,0.0,0.0,0.0,0.0,0.0,0.0,0.0,0.0,0.0,0.0,0.2611079370346978,0.0,0.2889923235710419,0.0,0.0,0.27916959707612954,0.2522054273324712,0.28332409205144055,0.0,0.30441602654434363,0.2615671749031187,0.0,0.0,0.0,0.0,0.0,0.26467006675411603,0.0,0.0,0.0,0.0,0.2904938520435055,0.25451441152791476,0.2271025195053929,0.0,0.0,0.0,0.26340731721079624,0.0,0.2702637597744545,0.0,0.24468478057463092,0.0,0.2247131660878653,0.0,0.0,0.0,0.26810386929817376,0.0,0.0,0.25883896405781237,0.0,0.0,0.0,0.0,0.0,0.0,0.26794231802907753,0.0,0.2567591442048846,0.0,0.0,0.2448391845586358,0.0,0.2926335895108798,0.2649555321635896,0.0,0.2661954251971107,0.0,0.0,0.0,0.0,0.2586475318228444,0.0,0.0,0.0,0.0,0.0,0.23499267855069247,0.0,0.0,0.0,0.0,0.0,0.0,0.0,0.0,0.0,0.27936906848546167,0.0,0.2725982926459031,0.0,0.2414123968851951,0.0,0.0,0.30495933029557565,0.0,0.0,0.2417718012636902,0.0,0.0,0.0,0.0,0.0,0.231320233084034,0.274527035154413,0.0,0.0,0.0,0.0,0.0,0.0,0.0,0.277201908640289,0.0,0.24593744289392389,0.2662838817114146,0.0,0.24284450748880562,0.0,0.0,0.2605985634213633,0.0,0.0,0.0,0.0,0.0,0.0,0.24984621987603486,0.25159460342212586,0.29648323491786505,0.0,0.0,0.0,0.0,0.0,0.0,0.24902060940536774,0.0,0.24776714472091427,0.0,0.0,0.0,0.258801443516579,0.24612506971466563,0.0,0.0,0.24956914469867605,0.0,0.259985119686258,0.0,0.0,0.0,0.2659598755508281,0.0,0.2667001544411934,0.0,0.0,0.23791901462344972,0.0,0.0,0.0,0.0,0.0,0.0,0.22825505260329756,0.0,0.28274240397380984,0.2843868598026763,0.0,0.2450767676147691,0.0,0.0,0.0,0.2783310951052418,0.2422585712485043,0.0,0.0,0.2873396928944249,0.29663318731932903,0.0,0.0,0.26325384650894884,0.0,0.25708994282075676,0.25668651042506685,0.0,0.0,0.0,0.0,0.2887901911037261,0.0,0.0,0.0,0.0,0.0,0.262208695411529,0.0,0.0,0.2385583665375668,0.0,0.0,0.0,0.0,0.0,0.0,0.2531603957798552,0.0,0.24836131701442649,0.0,0.0,0.0,0.2667973463231808,0.2748629943931289,0.0,0.0,0.0,0.0,0.0,0.0,0.0,0.0,0.2837970268946894,0.0,0.0,0.0,0.0,0.2615139471329668,0.29557634967167884,0.0,0.29064473108323424,0.27669812569255575,0.0,0.267876770262323,0.0,0.28117840176131514,0.0,0.0,0.26646505446999097,0.27418560172667655,0.0,0.2596314196073173,0.28706315173413566,0.0,0.2526064252260409,0.0,0.0,0.23016726587915654,0.0,0.0,0.0,0.2595220139826399,0.0,0.0,0.2918184561167928,0.28548860637001605,0.0,0.0,0.0,0.23517344282624167,0.0,0.2756953793140475,0.0,0.0,0.2149945975422317,0.26971014297355245,0.2217881859765603,0.0,0.0,0.27215553829328526,0.0,0.0,0.24604267845228148,0.0,0.0,0.23542220079411658,0.0,0.24795007194938015,0.25781906455264075,0.0,0.0,0.0,0.0,0.0,0.2646659429874207,0.0,0.2693191579782569,0.0,0.28483157700772077,0.0,0.0,0.0,0.0,0.0,0.0,0.2883783414322598,0.2532337350655271,0.0,0.0,0.2789664234692395,0.0,0.0,0.19063749182094106,0.0,0.2748207889313706,0.26017158656622774,0.0,0.0,0.0,0.0,0.0,0.0,0.0,0.0,0.0,0.0,0.0,0.0,0.0,0.30470513570946567,0.24696981049794492,0.0,0.0,0.2887749988599589,0.0,0.0,0.26813983279300413,0.0,0.0,0.0,0.2727331505906427,0.26157292891250156,0.0,0.0,0.0,0.2664766155591252,0.0,0.0,0.25386198884830813,0.24738732361352544,0.0,0.2714587409957074,0.27506399473806303,0.25531872308362763,0.28539561306495737,0.0,0.0,0.2553914451408886,0.25781091637355663,0.2667110651945138,0.2719397159684006,0.2684116496325019,0.2515498841828106,0.0,0.0,0.2681415169756687,0.2477850997408981,0.0,0.0,0.0,0.0,0.0,0.0,0.0,0.25230605168827314,0.26496845371497124,0.0,0.0,0.0,0.0,0.0,0.0,0.2387249330073447,0.0,0.0,0.24744532320241777,0.0,0.0,0.24059862847853317,0.25576027849840566,0.0,0.0,0.0,0.0,0.0,0.2619737268564415,0.0,0.22491017506974145,0.0,0.0,0.2116189282228209,0.0,0.0,0.0,0.0,0.0,0.0,0.22053359443735462,0.0,0.0,0.0,0.0,0.26780900667278795,0.251717209362914,0.0,0.0,0.2424217297244222,0.2866039577335698,0.2233749330805655,0.0,0.0,0.0,0.0,0.28754126694717064,0.0,0.0,0.0,0.0,0.0,0.0,0.0,0.0,0.0,0.0,0.0,0.0,0.0,0.0,0.0,0.0,0.27225225265788416,0.0,0.0,0.0,0.2624352475392074,0.0,0.21753809973400995,0.2795750109433773,0.26160051389953703,0.2360340854572643,0.2544088239917849,0.30036648740466115,0.0,0.25080245831509346,0.28797194594317593,0.0,0.0,0.288670511267616,0.0,0.28900303359115764,0.0,0.0,0.0,0.0,0.0,0.0,0.0,0.0,0.0,0.28043627781021735,0.2590443795506417,0.24463853448601078,0.0,0.0,0.0,0.0,0.0,0.0,0.0,0.0,0.0,0.0,0.2694211594460169,0.26601720314484373,0.0,0.20508808006685475,0.2624164356266318,0.0,0.0,0.0,0.0,0.0,0.0,0.0,0.0,0.0,0.24927100996395873,0.0,0.26541023143605413,0.23100908699213998,0.0,0.0,0.0,0.2435721587403514,0.0,0.0,0.0,0.28170058997589564,0.0,0.26064475279152066,0.0,0.29145513150517943,0.2786659332868534,0.0,0.0,0.0,0.0,0.0,0.0,0.0,0.0,0.0,0.27471590452744477,0.0,0.2501435161154908,0.0,0.0,0.26724560799412717,0.0,0.27973019184625975,0.2420951734562484,0.0,0.22537790307256345,0.0,0.0,0.0,0.0,0.2379536963193122,0.0,0.0,0.24076492531538865,0.0,0.0,0.0,0.2797402515870517,0.0,0.21610413701759737,0.0,0.24986350398770163,0.0,0.28081689992653336,0.0,0.0,0.265521901405466,0.0,0.0,0.0,0.0,0.28315363182221365,0.0,0.2725200278354943,0.2787186727698898,0.0,0.2911358976752475,0.0,0.0,0.27913894691506913,0.0,0.0,0.0,0.25984083464209357,0.0,0.0,0.3023015988145283,0.0,0.0,0.2790845516084808,0.2534856311899631,0.2670235545199833,0.0,0.2834437638863613,0.0,0.0,0.0,0.2501115997381633,0.0,0.0,0.0,0.0,0.2656166354445732,0.0,0.0,0.0,0.26837312588664575,0.0,0.0,0.2698737936312474,0.0,0.27282726376373173,0.0,0.0,0.2838734552555617,0.0,0.0,0.0,0.2792681069578499,0.25563368935705144,0.0,0.3060018309190816,0.0,0.0,0.2556626539372553,0.0,0.0,0.0,0.0,0.2835686839145233,0.0,0.0,0.27737192106573866,0.0,0.27580414508956624,0.0,0.0,0.0,0.0,0.0,0.0,0.315790130927559,0.2404568767940536,0.2566554375505619,0.0,0.2772953291338898,0.0,0.26745096940794844,0.2844182640380015,0.2594755334873457,0.2343209565134295,0.0,0.0,0.2766536199443846,0.0,0.0,0.2680861973448598,0.0,0.0,0.0,0.24722058713898712,0.27114339878166926,0.0,0.21186137892707166,0.0,0.0,0.25824909429393417,0.25424633680216435,0.0,0.0,0.26176463385042525,0.0,0.2341812576049389,0.0,0.0,0.0,0.24248367522014858,0.0,0.0,0.0,0.0,0.0,0.0,0.0,0.0,0.0,0.26887128995985676,0.0,0.0,0.0,0.0,0.25363057816880674,0.2540071938320296,0.0,0.0,0.0,0.2661147709238958,0.0,0.0,0.0,0.24653623690931958,0.0,0.0,0.0,0.2702253697998148,0.24096607811486478,0.26790774821229985,0.2910055060132427,0.2651120086500499,0.0,0.0,0.0,0.0,0.26387490326766044,0.0,0.0,0.0,0.27705098419905577,0.2409150519194773,0.24696406545737526,0.0,0.0,0.0,0.0,0.0,0.0,0.0,0.0,0.2540553534400748,0.0,0.0,0.0,0.2418575695316961,0.0,0.0,0.0,0.0,0.0,0.29734849201329316,0.0,0.0,0.0,0.20979934373022846,0.26817725350449817,0.0,0.21095824577161298,0.2761470123056783,0.0,0.0,0.0,0.2727238469997418,0.0,0.0,0.27243768862176587,0.2941051237297906,0.251934649474178,0.0,0.0,0.28173495597639325,0.30855872166768716,0.0,0.0,0.0,0.24921574692884943,0.0,0.0,0.2631777462026219,0.0,0.0,0.0,0.2474126077363026,0.2789077268712112,0.30862324163192784,0.0,0.27734336571503615,0.0,0.0,0.28166358920007173,0.0,0.24581305288377908,0.0,0.0,0.0,0.0,0.0,0.0,0.0,0.2834151807394255,0.0,0.0,0.2412234710173803,0.26431896296861385,0.0,0.0,0.0,0.0,0.0,0.0,0.25741857873442314,0.0,0.0,0.0,0.0,0.0,0.26969857176736484,0.0,0.0,0.2513456291944621,0.0,0.0,0.23783832013787556,0.31253568352676225,0.27835506569390484,0.0,0.0,0.0,0.0,0.0,0.0,0.0,0.0,0.0,0.0,0.25365331896436877,0.2717611044417773,0.0,0.0,0.0,0.0,0.0,0.0,0.0,0.26758690344243763,0.24303474118834179,0.0,0.28461872879988637,0.0,0.0,0.0,0.0,0.263140189957848,0.2404149389368827,0.0,0.0,0.0,0.0,0.0,0.297362586796035,0.2657110590407498,0.2708047876629154,0.2975406061942977,0.0,0.25643388334800343,0.0,0.2619736614592623,0.0,0.0,0.0,0.0,0.27256641385261743,0.0,0.24928089755140823,0.32506902994348574,0.2592161613136003,0.0,0.2439862453922786,0.0,0.0,0.0,0.0,0.2533901401760492,0.22760004298296665,0.2369758872540587,0.0,0.2748394342935107,0.0,0.0,0.2843850166115834,0.0,0.0,0.0,0.26960715939558333,0.0,0.0,0.0,0.0,0.0,0.21250336346122325,0.0,0.0,0.2699758457869515,0.265879275761753,0.0,0.0,0.29698406602123195,0.0,0.0,0.0,0.0,0.0,0.0,0.0,0.0,0.25753256494295645,0.24454062955343311,0.2764403548828263,0.23226673111007184,0.2632533999489675,0.0,0.0,0.26989440844560947,0.2571053612985514,0.0,0.0,0.0,0.0,0.0,0.2695009408259433,0.0,0.2443295236662081,0.27037762107874097,0.0,0.0,0.0,0.0,0.0,0.2533326323280731,0.27751121390880273,0.2655723368575757,0.0,0.0,0.25952165775547853,0.0,0.0,0.0,0.27791878669593595,0.0,0.24081295703328354,0.21074045174646383,0.29595985551243376,0.0,0.2557269862641907,0.0,0.0,0.0,0.0,0.22888927805790477,0.2724818014585207,0.0,0.0,0.2612069370868661,0.0,0.0,0.0,0.264095890348386,0.23600577995826807,0.0,0.26218961226808085,0.0,0.29019419051625367,0.23599434626836124,0.0,0.0,0.0,0.2577882099767561,0.0,0.31018588240786477,0.2183955274800306,0.0,0.0,0.0,0.0,0.0,0.26976698618878486,0.22114489745208532,0.0,0.2713271491545073,0.0,0.0,0.0,0.0,0.0,0.0,0.2185304315986395,0.0,0.0,0.2244138132129672,0.2715642860241835,0.26616437963143275,0.0,0.0,0.2736250830803716,0.0
0.0,0.0,0.0,0.46579137198534204,0.0,0.0,0.0,0.4494056076536529,0.0,0.4551376963055194,0.44006459898157785,0.0,0.0,0.0,0.0,0.4617843392085169,0.0,0.4616994771149117,0.4694277867558119,0.0,0.0,0.0,0.45621311428853395,0.0,0.0,0.0,0.0,0.46746084626816553,0.4465967471336521,0.0,0.0,0.0,0.0,0.441393417042443,0.0,0.0,0.0,0.0,0.4927471775100275,0.0,0.0,0.0,0.4509892836206471,0.43608473480385646,0.0,0.44967346540311914,0.4668623999496223,0.0,0.0,0.0,0.4836030695089739,0.45775979406334866,0.4576609408772872,0.45675978419681307,0.4738690978533682,0.0,0.44269893344649797,0.0,0.0,0.0,0.0,0.0,0.4459505773472907,0.44079145404948084,0.0,0.0,0.4696314658174302,0.0,0.0,0.4545959968576695,0.0,0.0,0.0,0.46882719875195206,0.0,0.0,0.46042568273133005,0.0,0.0,0.4755915307950145,0.0,0.0,0.0,0.0,0.0,0.0,0.48245140329929825,0.0,0.0,0.0,0.0,0.0,0.0,0.47777172232439613,0.0,0.0,0.0,0.0,0.0,0.0,0.46681988092014265,0.0,0.45785276591335544,0.4920185786988583,0.0,0.4843303164858778,0.0,0.0,0.0,0.4723519811136734,0.0,0.0,0.0,0.0,0.0,0.0,0.4794030486613742,0.0,0.47137459631610557,0.0,0.0,0.0,0.455920092651154,0.47734225860408397,0.0,0.44515880464182217,0.4451390850170835,0.4642008665477956,0.4808325825130817,0.0,0.0,0.46400806872957545,0.0,0.0,0.0,0.0,0.0,0.44544864003809687,0.0,0.0,0.0,0.43338092113771143,0.0,0.0,0.4433112057064491,0.4492058183892474,0.0,0.46525481406848784,0.0,0.49925500825746266,0.0,0.0,0.47037876338179907,0.0,0.45444890547284295,0.47274442812118356,0.476134621634586,0.0,0.0,0.0,0.0,0.0,0.0,0.0,0.0,0.0,0.0,0.0,0.0,0.0,0.0,0.0,0.0,0.4645921790448811,0.0,0.0,0.0,0.4576647751225729,0.0,0.0,0.0,0.0,0.0,0.0,0.0,0.0,0.4702031664826321,0.0,0.47122768096790446,0.0,0.0,0.0,0.0,0.47277663633169104,0.0,0.0,0.4449616435294136,0.44259667571260086,0.0,0.4351735382982533,0.4803337543153738,0.482016390550231,0.0,0.0,0.4348198835371333,0.0,0.0,0.0,0.4730956520608467,0.4555938607202994,0.0,0.4609037228182913,0.47770723674090015,0.4875540469813918,0.47075888549845346,0.0,0.0,0.0,0.0,0.47771726370164114,0.4534643690898138,0.0,0.0,0.0,0.4657998825875904,0.4619496116041419,0.0,0.0,0.4565749795727373,0.45889923361445745,0.0,0.4803561649349303,0.0,0.0,0.0,0.4531319422298865,0.0,0.0,0.0,0.0,0.48075833332151335,0.0,0.4960980248871454,0.0,0.0,0.0,0.47792340257605387,0.4376842136129551,0.0,0.0,0.0,0.0,0.4688583275790284,0.0,0.0,0.0,0.0,0.4774456748986942,0.0,0.46278105988163637,0.4664038004954856,0.0,0.4593660018295622,0.0,0.0,0.0,0.0,0.0,0.0,0.4685175217891784,0.0,0.0,0.0,0.0,0.0,0.0,0.0,0.0,0.0,0.0,0.0,0.4544272272090016,0.0,0.0,0.4507806997134032,0.0,0.0,0.4961614155568834,0.0,0.4709212566612258,0.44768430749727256,0.46884925209684364,0.0,0.0,0.45969796113699524,0.0,0.4518600109262659,0.0,0.4681588919706004,0.0,0.0,0.4688366133403652,0.47635484710312787,0.0,0.4756458391581856,0.0,0.0,0.44253920868299684,0.4687248370560788,0.46138936085736176,0.0,0.0,0.0,0.4744005299643288,0.0,0.0,0.46031151371205753,0.0,0.0,0.0,0.0,0.0,0.44692852093602686,0.0,0.0,0.45955227610841604,0.46264313115371275,0.0,0.0,0.48691187325525975,0.0,0.4740391532411463,0.49425435871454376,0.0,0.4548231160079444,0.4542631581913406,0.5044955038608737,0.4648291027155323,0.0,0.0,0.0,0.0,0.0,0.0,0.4599991619362482,0.0,0.47269395980306284,0.0,0.4549528367026247,0.0,0.0,0.0,0.0,0.4538706674565984,0.44710159384077713,0.0,0.0,0.4488528612094656,0.0,0.0,0.0,0.0,0.46786170757919887,0.0,0.0,0.0,0.0,0.0,0.46655216678409084,0.0,0.0,0.0,0.0,0.4618114015729642,0.45924818771926906,0.0,0.45311014285243545,0.4752627055513783,0.0,0.0,0.4538438347884506,0.46141795417814235,0.4618222617829307,0.0,0.45826692512183115,0.4564025170982831,0.45320390870688204,0.0,0.0,0.0,0.0,0.0,0.0,0.0,0.0,0.468013515585766,0.47069666547512384,0.0,0.0,0.0,0.0,0.0,0.4459109606697936,0.0,0.0,0.0,0.4512601562888361,0.0,0.44319923842755843,0.0,0.4791264656868506,0.0,0.0,0.47765254351018094,0.47600151273116675,0.4306223132944457,0.0,0.0,0.0,0.0,0.0,0.0,0.0,0.0,0.0,0.0,0.0,0.0,0.0,0.0,0.4792001343673924,0.0,0.0,0.0,0.4539998488472571,0.0,0.0,0.0,0.0,0.4331128131013885,0.0,0.46077037982635155,0.0,0.0,0.0,0.0,0.43920145445949893,0.0,0.48329034381603336,0.4794897614617033,0.4584696783832169,0.0,0.46000778739498416,0.0,0.0,0.0,0.0,0.0,0.0,0.4669724641897662,0.0,0.0,0.0,0.4760348353720966,0.45936677959418587,0.0,0.459715873203286,0.0,0.0,0.4635755250179613,0.0,0.47327114876104726,0.0,0.0,0.0,0.0,0.0,0.0,0.0,0.45722270899120304,0.4596871667811666,0.0,0.0,0.0,0.0,0.0,0.0,0.4551399729238113,0.0,0.4535904111391385,0.0,0.4704972543136325,0.46393176244386614,0.0,0.0,0.0,0.0,0.46207676628871663,0.48113516135203444,0.45223767828176087,0.0,0.0,0.0,0.0,0.0,0.0,0.0,0.0,0.0,0.46762989535100824,0.0,0.47043528361173176,0.46821044218871255,0.0,0.0,0.0,0.46473985404883233,0.49527775604375895,0.0,0.4660377532915526,0.0,0.0,0.4955837046055755,0.0,0.0,0.0,0.4739534495023727,0.0,0.0,0.4871506830553987,0.0,0.0,0.0,0.0,0.0,0.0,0.0,0.0,0.469119592989594,0.471933019570456,0.0,0.4748609198219673,0.0,0.49741680115957115,0.47365379145946124,0.0,0.0,0.4556706993857488,0.0,0.0,0.4534074985900114,0.0,0.46362241805265897,0.0,0.0,0.0,0.0,0.5051905803530855,0.0,0.4502655746009036,0.0,0.4690328156392585,0.0,0.0,0.0,0.0,0.4552958639078871,0.0,0.4581964720593772,0.0,0.0,0.467371816956933,0.0,0.47709960110087035,0.0,0.46679083822315653,0.0,0.0,0.45566117733697004,0.4459408884734708,0.0,0.0,0.0,0.0,0.4732423863328764,0.0,0.473027048972385,0.45702204237939786,0.0,0.4677420000552576,0.0,0.0,0.46390762882235304,0.4744669366664242,0.0,0.0,0.0,0.46124472603060446,0.4716672343979549,0.0,0.0,0.0,0.0,0.0,0.48259289168906705,0.0,0.0,0.4922770888833671,0.48104984172583665,0.0,0.0,0.4879270138463733,0.0,0.0,0.0,0.46202806789720463,0.4713289504149678,0.0,0.0,0.0,0.0,0.47982772398588813,0.4783144863804829,0.47515385556439843,0.0,0.0,0.0,0.0,0.0,0.0,0.4682107789570311,0.0,0.4942184275616749,0.0,0.0,0.4742069193082609,0.47583910205219193,0.0,0.0,0.0,0.48050421665162474,0.4548699596127996,0.0,0.4472008062623581,0.0,0.4709959670750237,0.0,0.0,0.4709744975413252,0.0,0.4362727052723483,0.0,0.4675110632453005,0.4707308455727931,0.0,0.0,0.4507699940506147,0.46922795371346004,0.0,0.0,0.0,0.45225661644218046,0.0,0.0,0.0,0.4589036525009125,0.0,0.0,0.0,0.44927170682398243,0.47078702575043363,0.4751033999121249,0.0,0.0,0.45443454332251226,0.461463868164024,0.463510527664357,0.0,0.0,0.4764254947483169,0.4534304852383179,0.4595623225859903,0.0,0.0,0.0,0.4650339806229536,0.0,0.45457914166506286,0.0,0.0,0.0,0.0,0.0,0.46623471814667183,0.0,0.4727383472246155,0.47083695522162045,0.0,0.0,0.4741199687148788,0.0,0.4655985140183347,0.45989082368359524,0.0,0.0,0.0,0.45193088615448324,0.47822900199191415,0.474403067206504,0.0,0.0,0.0,0.0,0.0,0.47791299142179766,0.0,0.0,0.4715598004065671,0.47580277292773066,0.0,0.0,0.0,0.48625641117734997,0.0,0.0,0.0,0.46729519644796197,0.4744151162717656,0.0,0.0,0.45273532392949245,0.4838950825485626,0.0,0.0,0.4686210690661554,0.47458468260053044,0.4577208796621925,0.46037382596745857,0.46615661349834286,0.4699827704312631,0.4439623806186093,0.45031882164373205,0.0,0.0,0.0,0.0,0.4543957845949501,0.0,0.0,0.0,0.46487990416082375,0.0,0.4648408795659579,0.46241851815737656,0.0,0.0,0.4567738168667025,0.0,0.4493732564071589,0.0,0.4462355499920395,0.46435888439469375,0.0,0.46289931589860156,0.0,0.4663074266610357,0.0,0.0,0.0,0.466126659241207,0.45443763758772415,0.0,0.0,0.0,0.47581781429544573,0.4541624926173446,0.46171159925581867,0.46878350762694443,0.47376272862423274,0.472066589310718,0.0,0.0,0.47915517263415786,0.45173053870588237,0.0,0.0,0.0,0.0,0.4651972237534724,0.0,0.0,0.45474392315541695,0.0,0.0,0.46685819314600596,0.48313047152003913,0.4591441115476552,0.0,0.4570724522573103,0.4778532212463898,0.4901287549421553,0.0,0.0,0.0,0.0,0.4842517273764382,0.0,0.46139573179602344,0.0,0.0,0.0,0.4716507885119449,0.44980883850996606,0.46641653568140645,0.4791054457199669,0.0,0.45646218869552996,0.46300003102065274,0.4787547620066157,0.0,0.0,0.0,0.4701777359186384,0.0,0.0,0.4487619971554176,0.0,0.48313815775836,0.0,0.4429702089528266,0.4818287478013922,0.0,0.4622721167145108,0.46918255857907865,0.4624717460103019,0.0,0.0,0.0,0.45781818025998344,0.4405485711252922,0.4576356204777107,0.0,0.0,0.0,0.0,0.0,0.0,0.0,0.0,0.0,0.4818921053902793,0.47862753242757045,0.4532045061177141,0.0,0.459325612785615,0.0,0.465049097001412,0.0,0.0,0.4603875807077787,0.4376962034760011,0.0,0.4416109097565155,0.0,0.0,0.0,0.465612415988791,0.46403813819696615,0.4779211519996715,0.0,0.4503033822098096,0.4877992825883155,0.0,0.0,0.0,0.0,0.0,0.0,0.0,0.4581748912986893,0.0,0.0,0.0,0.4581829972970948,0.4546197887293442,0.0,0.0,0.0,0.0,0.0,0.0,0.0,0.0,0.0,0.4697514522892692,0.46877130141588125,0.4786447067581442,0.4480142411886127,0.47586081582734324,0.0,0.45182590833530006,0.47181773954117834,0.0,0.4635431960899891,0.4696522672891706,0.0,0.47412971091072403,0.0,0.0,0.0,0.0,0.0,0.47454202102657733,0.4560271602029952,0.0,0.0,0.0,0.44741175467306565,0.4909693956352462,0.0,0.4680014095304526,0.0,0.0,0.0,0.45702560166597384,0.0,0.43972540182243536,0.0,0.0,0.0,0.0,0.0,0.48904046652784816,0.4776082478787247,0.0,0.4620928777035357,0.4665532790964628,0.0,0.0,0.4538627548810366,0.4605416448009762,0.0,0.4456525597579762,0.0,0.45878264329481544,0.0,0.0,0.0,0.0,0.442762997983012,0.4748936607016074,0.43325871596218424,0.0,0.4648688320748076,0.4724417014454203,0.0,0.4654454656870081,0.0,0.0,0.4632135351715622,0.0,0.48792677542482793,0.0,0.0,0.0,0.466251303226844,0.0,0.4554618566782992,0.0,0.0,0.0,0.0,0.0,0.4463455070947575,0.4577612633588399,0.0,0.0,0.0,0.0,0.4775900785505807,0.0,0.46428732849395515,0.0,0.4551084801626335,0.0,0.4659763743099761,0.4550161865116689,0.4552658122382708,0.0,0.45764660895808734,0.4629818413309565,0.4814553710875777,0.0,0.4708137873280409,0.0,0.47485852264022727,0.0,0.0,0.0,0.0
0.497699516532245,0.0,0.0,0.0,0.0,0.0,0.4979980292605095,0.0,0.49277814874828385,0.0,0.4927526121630489,0.45781543897526444,0.4810492240533297,0.0,0.47877764934216016,0.48666616953341535,0.49509456924333534,0.4746214245006149,0.0,0.0,0.0,0.4607457652708579,0.4618083877534663,0.0,0.46868913054217565,0.0,0.5030974920930313,0.0,0.0,0.0,0.4621805175434874,0.0,0.4499557111507648,0.0,0.5079578044612866,0.0,0.0,0.0,0.0,0.0,0.5131621682615792,0.0,0.0,0.48183630545691086,0.49080882295377576,0.4943896006643019,0.47780208948956987,0.0,0.0,0.5274089612139228,0.0,0.4941973519462132,0.5130640819802523,0.5219960800235791,0.5048593027600569,0.4837551721694806,0.49151691024725264,0.0,0.0,0.5077191528924292,0.0,0.0,0.504043472934616,0.0,0.4652226198167693,0.0,0.4871896335870113,0.0,0.47094633612673864,0.4968054206558384,0.0,0.0,0.0,0.0,0.0,0.0,0.0,0.49931293691544887,0.0,0.0,0.0,0.4377953141818142,0.0,0.0,0.0,0.5042674641742785,0.0,0.0,0.0,0.4930708126217389,0.0,0.0,0.0,0.0,0.0,0.0,0.0,0.0,0.0,0.0,0.48125842132222546,0.0,0.48525409566020533,0.0,0.518254177382988,0.0,0.4498132025338146,0.0,0.4832643434001147,0.0,0.0,0.0,0.0,0.5000494821339875,0.0,0.0,0.0,0.0,0.0,0.4505012349287371,0.0,0.5243039466589892,0.4352590836058714,0.0,0.0,0.0,0.0,0.0,0.0,0.47210326178602713,0.4640779429113295,0.0,0.4628991450621041,0.0,0.0,0.0,0.0,0.5058411616420376,0.47713059206249864,0.0,0.0,0.5049329297727635,0.4608563757324503,0.47309104140458097,0.48761695517355386,0.0,0.0,0.0,0.4540370297627632,0.0,0.0,0.0,0.0,0.47236764825153194,0.0,0.0,0.46999525458880165,0.0,0.0,0.46242725508012916,0.0,0.0,0.0,0.0,0.0,0.48548295885307113,0.0,0.0,0.0,0.0,0.4393651572822858,0.5094386379004531,0.4949899209700393,0.0,0.4954875104879602,0.0,0.48072721448699535,0.4928579055828916,0.4825041886801904,0.0,0.0,0.0,0.5146070807577482,0.0,0.0,0.49701627374879853,0.0,0.0,0.4920370802284285,0.4225288345661837,0.0,0.0,0.46768896043967884,0.0,0.0,0.5077195382081955,0.0,0.0,0.0,0.0,0.508178333878064,0.0,0.0,0.0,0.0,0.0,0.0,0.4839135560499733,0.0,0.0,0.0,0.0,0.0,0.0,0.0,0.4954656439374399,0.0,0.0,0.0,0.0,0.0,0.4658845699666905,0.0,0.0,0.0,0.0,0.4722329167509705,0.0,0.48646195343988585,0.0,0.0,0.4495025532225319,0.0,0.0,0.0,0.0,0.4362889021738806,0.5079520903640671,0.0,0.46792910834945123,0.0,0.0,0.0,0.0,0.0,0.0,0.4583790705942449,0.46306922528169725,0.0,0.0,0.0,0.0,0.0,0.0,0.4836264689636083,0.0,0.0,0.510998036693807,0.0,0.0,0.0,0.4969595781309593,0.0,0.5135640516436255,0.0,0.0,0.0,0.0,0.0,0.0,0.0,0.0,0.4945828603416585,0.4832486156478853,0.0,0.4506346787024666,0.0,0.0,0.4938157492855193,0.0,0.0,0.0,0.0,0.0,0.0,0.4339642866508065,0.0,0.4747634748379077,0.0,0.0,0.0,0.47075314884786235,0.0,0.46246235367090616,0.0,0.0,0.0,0.430111104359202,0.4134296346835052,0.46619450688580794,0.0,0.4695731029854137,0.4923958748034748,0.0,0.0,0.4954506516180514,0.0,0.0,0.4870586340909607,0.5144396100396507,0.0,0.0,0.0,0.0,0.0,0.0,0.0,0.0,0.5075933247173974,0.0,0.0,0.0,0.4930268827749094,0.0,0.0,0.0,0.0,0.0,0.4717719987996236,0.0,0.0,0.0,0.0,0.0,0.4651234833943213,0.48993785389581324,0.48745040726822425,0.4964146891171612,0.0,0.0,0.4384890504205694,0.0,0.0,0.0,0.5110222718030455,0.0,0.0,0.0,0.0,0.528136154599241,0.44909117045621894,0.0,0.0,0.0,0.0,0.0,0.0,0.4898769332031158,0.0,0.0,0.0,0.0,0.0,0.0,0.0,0.0,0.0,0.4687673610413733,0.43497630925839503,0.0,0.0,0.0,0.0,0.0,0.0,0.0,0.49535496213064684,0.4908451897317118,0.4895576822587731,0.4789288818733311,0.0,0.44983631943301894,0.0,0.47211746393300913,0.44863297766126053,0.0,0.0,0.49963894428286276,0.0,0.473329996426883,0.0,0.0,0.0,0.0,0.0,0.5031006602288476,0.0,0.0,0.44086703580543596,0.4917424151403619,0.0,0.0,0.45432005266464304,0.0,0.0,0.0,0.5157593194159494,0.0,0.47425050250437834,0.0,0.0,0.0,0.0,0.0,0.0,0.4990454522002932,0.0,0.0,0.0,0.47048304115084866,0.0,0.5098294469252657,0.0,0.4816001501190693,0.5106129788829779,0.0,0.0,0.46745707825534655,0.0,0.0,0.0,0.4860347789564961,0.44367640276798437,0.45019080834813163,0.0,0.0,0.47424777702794946,0.0,0.0,0.0,0.0,0.0,0.0,0.49180103700289257,0.0,0.0,0.0,0.0,0.4419199901597812,0.0,0.0,0.46394386723604236,0.487774321799575,0.0,0.0,0.4918120595393359,0.0,0.4623891364949515,0.0,0.4656048821362277,0.0,0.0,0.0,0.0,0.4791797564820956,0.0,0.49979675882447894,0.0,0.4909407965568824,0.0,0.0,0.4852191514178617,0.4571268174019933,0.0,0.0,0.0,0.41951097731126696,0.0,0.4894131473199047,0.5136178963380932,0.0,0.0,0.5096514055191956,0.0,0.0,0.0,0.49096834862547234,0.0,0.0,0.0,0.0,0.4279506384063921,0.0,0.0,0.4730725877786338,0.0,0.0,0.0,0.4937015691566096,0.0,0.45379046086606634,0.0,0.0,0.4696787805689771,0.0,0.4573525497327093,0.436774555201675,0.0,0.5079034044014528,0.0,0.0,0.0,0.0,0.0,0.0,0.4543087561789422,0.500988458235221,0.0,0.0,0.45679717223716587,0.0,0.4483313112673825,0.4979491669581963,0.0,0.0,0.0,0.46234672096238766,0.0,0.0,0.0,0.0,0.0,0.0,0.0,0.0,0.0,0.0,0.0,0.0,0.4465088809431984,0.0,0.0,0.0,0.0,0.0,0.0,0.0,0.4691192199224954,0.0,0.0,0.4875450635905583,0.0,0.0,0.0,0.45348120603713177,0.0,0.0,0.0,0.0,0.0,0.48663529776761516,0.0,0.0,0.46741045640850604,0.4621232354498228,0.4763127446977096,0.46479841824375634,0.4778223874562537,0.0,0.0,0.0,0.0,0.0,0.48627653717479996,0.0,0.473763543353783,0.0,0.0,0.4955513404043363,0.0,0.0,0.0,0.0,0.48742669894893165,0.0,0.0,0.4675549609627659,0.0,0.49897852491667755,0.0,0.0,0.0,0.0,0.47009337451832117,0.0,0.0,0.46484961568204697,0.4852553323212949,0.4513265908665472,0.4664902899641169,0.0,0.0,0.0,0.4610059373340273,0.4906484903005791,0.0,0.0,0.4987316611345723,0.0,0.0,0.0,0.0,0.0,0.0,0.0,0.0,0.46355870316822495,0.0,0.0,0.0,0.0,0.4716680663108127,0.0,0.0,0.4517648216633505,0.48511239028922765,0.0,0.0,0.4892803030867283,0.0,0.0,0.0,0.0,0.0,0.49151615999171394,0.527632977803829,0.4715259893143837,0.0,0.0,0.0,0.0,0.5293982110394266,0.0,0.469249979363468,0.0,0.472194266162271,0.0,0.0,0.0,0.0,0.0,0.46401667427544857,0.0,0.0,0.0,0.0,0.5085973465284764,0.4869796416946292,0.0,0.0,0.0,0.0,0.44774166034189716,0.0,0.4826152700608797,0.48288245226799414,0.0,0.4741158121879484,0.4662652279285587,0.5054720713581035,0.4792298441496544,0.45726292837873184,0.0,0.0,0.47810915605457294,0.0,0.0,0.4925843591304237,0.0,0.47567041050145425,0.0,0.4885381107441084,0.49170841102893537,0.46478818488632984,0.0,0.0,0.0,0.48188981061164576,0.0,0.0,0.0,0.0,0.48485026146689925,0.0,0.5194864451157986,0.0,0.5006841843702042,0.0,0.0,0.0,0.0,0.0,0.0,0.48535134596644297,0.0,0.0,0.0,0.0,0.0,0.0,0.0,0.0,0.5104044893867306,0.5125121900672642,0.4941246407443015,0.0,0.0,0.5017031646136737,0.0,0.0,0.0,0.0,0.0,0.4969812709733042,0.4534889036714788,0.0,0.4884974405265256,0.0,0.48384976631807114,0.0,0.0,0.0,0.0,0.0,0.0,0.4860417645360429,0.4553405080941379,0.0,0.48492701315759174,0.0,0.0,0.49749555722345384,0.0,0.0,0.0,0.5163649996213081,0.0,0.0,0.501213644987674,0.4492279282326487,0.0,0.0,0.0,0.48126500389357196,0.5004732918625978,0.4854096223786602,0.4741540600753357,0.0,0.0,0.5244352471534478,0.4949648334328543,0.5078340471102353,0.0,0.0,0.0,0.47268167995781984,0.5062116378106436,0.0,0.0,0.0,0.5243602183293201,0.0,0.0,0.48646578046901484,0.4796420383489302,0.0,0.4978606212875452,0.0,0.5063434363040904,0.0,0.0,0.4732806089420206,0.0,0.0,0.0,0.0,0.0,0.0,0.0,0.0,0.0,0.0,0.0,0.0,0.45805334920313573,0.4593671902359376,0.4662524479544921,0.0,0.0,0.46902813130803583,0.49953114769035023,0.48878625260358033,0.4991744133538747,0.45713588869453603,0.0,0.48084260333786194,0.46363369743156135,0.4917339472516081,0.0,0.0,0.0,0.0,0.4591716738204743,0.0,0.0,0.5054765735892494,0.0,0.0,0.0,0.4820368064998911,0.0,0.0,0.0,0.4607479388135901,0.0,0.46012149954623927,0.0,0.0,0.5045506539137539,0.4613804596949657,0.4970222655051817,0.0,0.0,0.4805526906597449,0.0,0.46519711390195,0.0,0.47240463477003286,0.0,0.4600895235234567,0.0,0.0,0.0,0.5150546138896483,0.49705459034372595,0.0,0.0,0.0,0.0,0.0,0.0,0.4723575357830303,0.44105807725410273,0.0,0.0,0.0,0.47344556543098976,0.0,0.0,0.49163853181167916,0.0,0.4520824691403356,0.4557743493600202,0.0,0.0,0.0,0.0,0.0,0.5141751322162375,0.0,0.0,0.0,0.5359196568249478,0.0,0.0,0.5089734743714549,0.5003561877076488,0.0,0.0,0.0,0.47586485228542424,0.0,0.5032575683716993,0.0,0.0,0.46520683237462523,0.0,0.0,0.0,0.0,0.0,0.0,0.0,0.0,0.47043971595396755,0.4519279811463947,0.0,0.49234508905321106,0.0,0.0,0.0,0.0,0.0,0.0,0.4686623051618266,0.0,0.0,0.0,0.0,0.0,0.0,0.48306451061307787,0.45588672348067055,0.5038434124479743,0.0,0.47611829007126893,0.5094626380628258,0.4459739461955273,0.4606863249636428,0.0,0.0,0.0,0.44228989118880857,0.0,0.4979057142624037,0.0,0.0,0.0,0.5172315612805054,0.0,0.4789525009106956,0.4774809522372848,0.4759540360700482,0.0,0.0,0.52057686540516,0.0,0.0,0.0,0.0,0.4677424779211384,0.49037589371222823,0.4768657157322136,0.0,0.48077085352250004,0.0,0.4480264672230977,0.0,0.4968937301571114,0.0,0.0,0.0,0.0,0.5061950476341837,0.0,0.0,0.0,0.0,0.0,0.4995805976981502,0.0,0.0,0.0,0.0,0.4684486890609263,0.0,0.5004919970830176,0.0,0.0,0.0,0.0,0.0,0.0,0.4686815078704434,0.0,0.501510139378479,0.0,0.0,0.4853295652001344,0.0,0.5119851119972884,0.4840822369233057,0.0,0.0,0.4540388405220786,0.0,0.47126430626512267,0.0,0.0,0.4666726136615093,0.0,0.0,0.0,0.0,0.0,0.0,0.43817186697409516,0.0,0.0,0.0
0.5120771222140377,0.5036106610380016,0.0,0.5076518019412066,0.0,0.0,0.0,0.0,0.0,0.0,0.0,0.0,0.0,0.46476064119469923,0.49545005384210705,0.0,0.0,0.4951436538092926,0.0,0.49321442783328034,0.0,0.0,0.5258500139117317,0.0,0.0,0.0,0.0,0.0,0.5076306280521166,0.4832619493900873,0.0,0.0,0.51410494964675,0.4700050134567025,0.4792471411592019,0.5004223490005036,0.4915450547135008,0.0,0.0,0.0,0.4956255148672178,0.0,0.0,0.0,0.0,0.4749741638098359,0.5020370163089954,0.5004371842806516,0.49925467651359245,0.0,0.4944091704960369,0.0,0.0,0.0,0.0,0.5310342439499336,0.5297192176100936,0.4760574766004674,0.0,0.0,0.4990695317365674,0.48957922738857373,0.0,0.0,0.49916884648225607,0.0,0.5161285214455537,0.0,0.0,0.5112839784087724,0.0,0.0,0.0,0.0,0.0,0.4660691901414734,0.4909186721409799,0.49942584403436474,0.0,0.0,0.0,0.0,0.0,0.0,0.0,0.0,0.5020343173911872,0.0,0.0,0.0,0.0,0.0,0.5064246583130688,0.0,0.0,0.0,0.0,0.5127219721519908,0.0,0.0,0.0,0.0,0.0,0.0,0.0,0.0,0.0,0.0,0.5298687867841503,0.0,0.487685184997381,0.0,0.5179419708579287,0.0,0.0,0.0,0.0,0.0,0.4787985886055896,0.0,0.5158991902426096,0.0,0.0,0.5122476043839563,0.0,0.0,0.0,0.4864658380562098,0.0,0.0,0.0,0.0,0.0,0.4854154989308965,0.47856466444495926,0.0,0.0,0.5137728645063786,0.0,0.0,0.0,0.0,0.5031115315428787,0.0,0.0,0.5139070070183367,0.0,0.0,0.5068303594355927,0.0,0.0,0.0,0.0,0.5009267987833487,0.48858256116581983,0.4781126732771467,0.4760288853018015,0.0,0.0,0.5059769756413895,0.0,0.0,0.0,0.4759627290082481,0.0,0.0,0.0,0.0,0.4830327743059127,0.0,0.4857340925558027,0.0,0.0,0.0,0.5163338779946086,0.0,0.0,0.0,0.0,0.0,0.0,0.0,0.0,0.5126566417996488,0.4957205448911195,0.0,0.5023308815116458,0.48488288646319994,0.4942950443693397,0.0,0.0,0.0,0.0,0.0,0.0,0.519388914296571,0.0,0.0,0.0,0.0,0.504420768887056,0.4969273445169892,0.0,0.0,0.4803467614707628,0.491212697961433,0.47920758141983133,0.0,0.0,0.0,0.0,0.0,0.0,0.0,0.5027866557309424,0.0,0.0,0.0,0.0,0.48867313942127755,0.0,0.4989037663148593,0.0,0.46157178784427794,0.0,0.0,0.49066763405717057,0.521882805270973,0.0,0.5028214619108112,0.48474410553063935,0.0,0.0,0.0,0.0,0.4836538225380783,0.0,0.0,0.0,0.0,0.5132150525403102,0.0,0.4970626208375654,0.0,0.0,0.0,0.5054906314008343,0.0,0.0,0.0,0.0,0.0,0.4885013040433068,0.0,0.5029336847088092,0.5107941002283317,0.0,0.0,0.5010707419128442,0.5139149856498987,0.5195972432362611,0.4938000303036568,0.5033660203344683,0.0,0.0,0.0,0.0,0.0,0.48404120651055577,0.0,0.5081391971354963,0.0,0.0,0.0,0.0,0.0,0.0,0.0,0.0,0.0,0.0,0.518657449335559,0.0,0.0,0.0,0.0,0.0,0.0,0.0,0.0,0.0,0.0,0.0,0.49015489445580596,0.0,0.0,0.0,0.5045263085986742,0.49799665837513424,0.0,0.0,0.0,0.4952822160070703,0.47226214795267885,0.0,0.0,0.0,0.0,0.47670779401546465,0.0,0.0,0.0,0.0,0.0,0.0,0.0,0.47017501645529103,0.0,0.0,0.0,0.0,0.5224200589118194,0.0,0.0,0.0,0.0,0.5025970238206686,0.0,0.0,0.0,0.5154460430486313,0.0,0.5060012798741238,0.0,0.5181623798188911,0.0,0.0,0.4724361460572543,0.0,0.4989816150951157,0.4915637810549917,0.0,0.4825915464709191,0.49874677460420674,0.518334780100826,0.4957908762110761,0.5143187299638173,0.4807294206443261,0.0,0.4959221148692914,0.5235475160194836,0.0,0.0,0.0,0.0,0.0,0.0,0.0,0.49945193194075577,0.0,0.0,0.0,0.5095622175112946,0.0,0.0,0.48722953571692984,0.0,0.0,0.49881451979639263,0.0,0.5026529401508569,0.49371266555323984,0.0,0.0,0.0,0.0,0.5095108320257411,0.0,0.4891158047697463,0.0,0.49463565712887075,0.47998956191502423,0.5079707447163133,0.5225434329622054,0.0,0.0,0.0,0.0,0.5029883440468166,0.0,0.0,0.0,0.0,0.0,0.0,0.49274667514046067,0.48447738556286984,0.4950630867126459,0.0,0.0,0.4903664712653914,0.5189769408132487,0.5013562992696947,0.0,0.0,0.0,0.5110141809951653,0.0,0.0,0.0,0.0,0.0,0.5052377026118161,0.0,0.48797774583173165,0.5042270349384084,0.5005875143297202,0.5120792273610791,0.0,0.48942708417870284,0.0,0.0,0.0,0.0,0.49379778302028005,0.5130704421460566,0.0,0.5136469523217448,0.4855501029543539,0.0,0.4920175114585182,0.0,0.0,0.4939969140129413,0.4952535211709413,0.0,0.0,0.49349440116695753,0.457405797876451,0.0,0.0,0.0,0.0,0.0,0.0,0.0,0.0,0.0,0.49079950012842183,0.0,0.0,0.0,0.0,0.0,0.0,0.0,0.4928516115491778,0.0,0.0,0.0,0.0,0.0,0.0,0.0,0.49424450758155714,0.0,0.49413332940605853,0.49082569002007126,0.0,0.47655463131380177,0.503678242439548,0.0,0.0,0.0,0.0,0.0,0.491155192638422,0.0,0.0,0.0,0.0,0.0,0.0,0.0,0.0,0.0,0.0,0.0,0.0,0.0,0.0,0.0,0.0,0.0,0.4950977405494391,0.0,0.0,0.0,0.49651015692838046,0.4743633606505591,0.0,0.0,0.0,0.5125108481087131,0.0,0.4936022956096394,0.0,0.5086158123029254,0.0,0.48766763316334594,0.0,0.5059979724355085,0.4832368082002756,0.5049135738802282,0.0,0.0,0.0,0.0,0.47526086211147617,0.0,0.0,0.0,0.513545865390348,0.4935073562427241,0.0,0.0,0.0,0.0,0.0,0.0,0.0,0.0,0.0,0.0,0.4889348533823489,0.0,0.48761794746100795,0.0,0.0,0.0,0.5084354654101574,0.0,0.0,0.49277820461685073,0.4955304566237865,0.0,0.0,0.0,0.0,0.48078521945018576,0.5018371826055049,0.0,0.48050315042374825,0.0,0.0,0.0,0.0,0.0,0.0,0.0,0.5045507159702092,0.0,0.4820470131016574,0.48592312184626063,0.4838328851539182,0.0,0.48042959011884473,0.4966358553801173,0.4982333249665532,0.0,0.0,0.4699476383815821,0.0,0.0,0.0,0.0,0.0,0.0,0.5204995577942891,0.5055395568615829,0.0,0.0,0.0,0.5080979197092033,0.4718577045837799,0.0,0.49159037663000565,0.0,0.0,0.5011925210106671,0.47107659633415655,0.0,0.0,0.5218445852450716,0.0,0.0,0.4845393405082845,0.0,0.0,0.0,0.0,0.0,0.0,0.49812352948476274,0.0,0.0,0.0,0.5047289326301434,0.4831076378727625,0.0,0.0,0.0,0.0,0.0,0.0,0.0,0.4907496440409793,0.0,0.48599860493391894,0.505114319922439,0.0,0.0,0.5008252918065379,0.0,0.5051356341481988,0.5086177202228988,0.0,0.0,0.0,0.0,0.4929959018006366,0.0,0.5012665814237279,0.0,0.0,0.4862393903636168,0.5132807674367356,0.0,0.0,0.5060620064685288,0.5023318275145061,0.0,0.0,0.5170670906405845,0.0,0.5142502784391514,0.0,0.0,0.0,0.0,0.5058801994881456,0.0,0.4776669524668177,0.5053786065781177,0.0,0.0,0.523627857131227,0.48601148652562937,0.0,0.0,0.0,0.4778964503051154,0.0,0.5061861071784767,0.4909896747601083,0.0,0.0,0.4832718634508049,0.0,0.5310566192471682,0.4848068769085045,0.4993574168385005,0.0,0.0,0.0,0.0,0.46928201683420656,0.0,0.0,0.0,0.4930540297227229,0.0,0.0,0.5172763811148101,0.0,0.0,0.5130155412030518,0.0,0.0,0.0,0.0,0.0,0.0,0.0,0.0,0.47225203060190374,0.516401040819016,0.0,0.0,0.515172828505835,0.0,0.0,0.0,0.4937891647556108,0.0,0.0,0.5082287668815897,0.4677560535723376,0.0,0.0,0.0,0.0,0.0,0.0,0.47120668418646977,0.5089483360943634,0.0,0.0,0.0,0.0,0.0,0.0,0.5086765663944672,0.5045588966317427,0.0,0.0,0.0,0.0,0.0,0.0,0.5039935878685884,0.5033523353219835,0.0,0.4849561274305578,0.0,0.0,0.0,0.0,0.0,0.519857212197813,0.0,0.0,0.0,0.0,0.0,0.0,0.0,0.4979523204951416,0.505285284857219,0.0,0.49447248681988104,0.0,0.0,0.5000738835376487,0.0,0.48190454557811935,0.0,0.0,0.48607952707176383,0.0,0.0,0.5018657416035028,0.0,0.4806961007667831,0.0,0.0,0.48512728836288743,0.47151682688008234,0.0,0.4823678773381774,0.0,0.0,0.0,0.5012727456238499,0.5060225977514263,0.0,0.0,0.4968806419143684,0.0,0.0,0.4949812917975887,0.4953497080967789,0.48532218249186715,0.0,0.0,0.0,0.0,0.0,0.4815688387434954,0.0,0.0,0.0,0.0,0.0,0.5040674971172376,0.5135291083479223,0.0,0.0,0.0,0.0,0.0,0.5042746457508609,0.0,0.0,0.0,0.5188193712030806,0.0,0.0,0.0,0.0,0.0,0.4750896006853561,0.5372605254691931,0.0,0.0,0.4855818461001292,0.4947150357636751,0.515095771032167,0.47928479298348003,0.4811375793473069,0.0,0.0,0.0,0.0,0.0,0.0,0.0,0.505742322180993,0.0,0.0,0.0,0.5007926069718271,0.0,0.0,0.5010325287425963,0.0,0.0,0.505918972530981,0.5078053682906972,0.0,0.0,0.0,0.0,0.4854005916330705,0.4952277332110945,0.0,0.0,0.0,0.0,0.0,0.5081006389193601,0.0,0.4885875902546282,0.0,0.0,0.0,0.0,0.4904720633277104,0.0,0.5040915186838001,0.0,0.0,0.5092587747151441,0.48437454994862905,0.0,0.0,0.0,0.0,0.5091281217290667,0.0,0.0,0.0,0.5060338028000801,0.47921231228940453,0.0,0.0,0.0,0.47826813501448356,0.5002266292426948,0.0,0.0,0.4893891135655062,0.0,0.0,0.0,0.0,0.0,0.0,0.0,0.0,0.4997892616038771,0.0,0.0,0.0,0.49705263019034307,0.49780560274767,0.0,0.0,0.49786149057542683,0.47817103809560907,0.0,0.4774557127146817,0.0,0.5107188199222048,0.523912866338343,0.4805272929617069,0.4999414886846545,0.4809718440814368,0.0,0.0,0.0,0.48761127841156726,0.0,0.511582537002829,0.0,0.0,0.4888029953867476,0.0,0.0,0.0,0.0,0.4745097258490815,0.0,0.0,0.0,0.4871291980235046,0.0,0.515472442206819,0.5071585852621855,0.0,0.0,0.0,0.5288051903673581,0.502015701934137,0.0,0.0,0.0,0.481988595447229,0.0,0.519516522762178,0.4873722242716567,0.5188131338787793,0.0,0.4990500240831363,0.0,0.0,0.0,0.507176423078296,0.0,0.0,0.0,0.0,0.0,0.5123309344698674,0.0,0.0,0.0,0.4969521737941876,0.0,0.0,0.0,0.5004342356133152,0.5150022747979011,0.0,0.0,0.4914423753382685,0.4890314168464367,0.0,0.0,0.4802285665866667,0.0,0.49164809597049236,0.4984426627064339,0.4917364936274735,0.0,0.0,0.0,0.5003058235478954,0.48833993191240277,0.0,0.0,0.4947166311907566,0.0,0.0,0.475567328591726,0.0,0.0,0.0,0.0,0.0,0.0,0.5154122040991165,0.0,0.5017216951074694,0.0,0.4815879670830113,0.5007118799519727,0.0,0.0,0.0
0.0,0.17562987377129413,0.13032801090614748,0.0,0.0,0.0,0.0,0.0,0.0,0.0,0.0,0.1522218671784927,0.15717838773181342,0.0,0.14260501378313398,0.1504547357622356,0.0,0.14627461212093407,0.0,0.0,0.0,0.0,0.0,0.0,0.14592748465416702,0.0,0.0,0.0,0.15936807209771553,0.0,0.0,0.0,0.0,0.20633315878281255,0.0,0.0,0.0,0.0,0.0,0.0,0.14934789169791818,0.0,0.15619347278813953,0.0,0.0,0.0,0.0,0.0,0.13996267259020323,0.1605181068989074,0.0,0.17977828415217958,0.1832031312425188,0.0,0.0,0.0,0.18231166538115182,0.14401904102573654,0.0,0.0,0.0,0.0,0.0,0.1763236152545823,0.1641001648195422,0.0,0.16861333257286584,0.0,0.0,0.0,0.0,0.14712721535870232,0.0,0.0,0.0,0.0,0.0,0.19177171485662328,0.0,0.16835323767810806,0.0,0.0,0.0,0.0,0.0,0.0,0.16611590943981494,0.12986835763720508,0.14874674484000985,0.0,0.0,0.1297415957659793,0.0,0.0,0.13760442117136326,0.1216807159525512,0.0,0.0,0.0,0.0,0.0,0.0,0.0,0.0,0.0,0.13476257112048975,0.11675723993831401,0.0,0.0,0.13095424255222773,0.18614389186289607,0.0,0.0,0.0,0.0,0.0,0.16281082515056258,0.0,0.0,0.0,0.0,0.0,0.17797610328387234,0.18686955737887836,0.0,0.15886285694794777,0.13266469705714193,0.0,0.1656944735180979,0.0,0.14310798637422747,0.0,0.11845168726137387,0.0,0.20189069200816478,0.0,0.0,0.17215274703513003,0.16392146519733655,0.0,0.0,0.1738378530907737,0.0,0.0,0.15149508194847983,0.17778811963258725,0.0,0.14725889971098538,0.1799904633977028,0.0,0.11963925109759933,0.15653604506057617,0.0,0.1914198677329252,0.20312654592088342,0.14730559313844424,0.0,0.0,0.0,0.0,0.0,0.17220140412947882,0.0,0.13675484852520778,0.0,0.1693214208061897,0.0,0.17636718704275164,0.0,0.18340513768564007,0.0,0.0,0.0,0.16253637602410953,0.14882811541437507,0.1681235218986852,0.0,0.15997696143094692,0.1652553471507733,0.0,0.12027279514091056,0.17894254050683656,0.0,0.18284890071051843,0.0,0.0,0.0,0.15792334783022505,0.0,0.0,0.0,0.0,0.17107741887549546,0.13182295069618033,0.0,0.0,0.0,0.0,0.0,0.0,0.1531971891231302,0.18628596473517178,0.0,0.0,0.0,0.19296728459729062,0.0,0.11883339811746628,0.14333865435742643,0.14991174647665745,0.0,0.1390953769120109,0.0,0.0,0.15875034822273731,0.0,0.0,0.16341683636134954,0.13190550338740153,0.0,0.1260451530563742,0.13773760761390694,0.0,0.1753956009693779,0.0,0.14627453086742992,0.1816103212363455,0.0,0.15457399876084227,0.1379493967592091,0.0,0.0,0.0,0.13315785326548946,0.0,0.0,0.17799989604069286,0.0,0.18959254486604452,0.13574935201648183,0.0,0.0,0.16875287116252088,0.0,0.0,0.0,0.13873089875921746,0.1455743844917089,0.0,0.0,0.0,0.0,0.0,0.1597902594387247,0.0,0.12086718207218648,0.0,0.18179065058469498,0.0,0.0,0.0,0.1798947227526709,0.0,0.0,0.0,0.0,0.0,0.0,0.1553637858249857,0.0,0.0,0.0,0.17850877703068466,0.0,0.0,0.0,0.11613908543474767,0.0,0.18199557113764783,0.0,0.0,0.0,0.14803001801821122,0.0,0.0,0.14587048741984426,0.0,0.14210021717352392,0.0,0.0,0.0,0.16519252691323283,0.140994765643203,0.1804844231180452,0.0,0.0,0.0,0.1610025628646753,0.15927181862634482,0.0,0.12820835065637254,0.0,0.0,0.13931930049173757,0.0,0.14969463743808292,0.0,0.0,0.15474270930269118,0.0,0.0,0.12568900428827812,0.12940668152023546,0.0,0.13624433742711434,0.13618941744154556,0.0,0.0,0.0,0.0,0.1502869943426748,0.0,0.0,0.0,0.0,0.0,0.17893629906930267,0.0,0.0,0.0,0.183660434776565,0.13491614202064434,0.15405571721493272,0.0,0.0,0.0,0.0,0.0,0.12948327589006184,0.18380376770381932,0.0,0.0,0.0,0.0,0.0,0.0,0.0,0.17042493056237876,0.0,0.0,0.17596962092515836,0.0,0.0,0.1726037528182284,0.0,0.0,0.0,0.0,0.0,0.0,0.0,0.15434402139298234,0.16463678679767957,0.0,0.12603682486092152,0.0,0.0,0.15107599426936247,0.1739195813778184,0.0,0.16420109541837286,0.1981433874708149,0.1660400771659489,0.0,0.18608214631922032,0.0,0.0,0.0,0.0,0.0,0.0,0.0,0.0,0.12015338119872274,0.13469334107876174,0.16327354804121239,0.16340131621206716,0.0,0.0,0.0,0.0,0.0,0.0,0.0,0.17726257609565363,0.17281073825892085,0.1204929187043595,0.0,0.14841936889800217,0.0,0.0,0.12135585236373174,0.0,0.0,0.0,0.0,0.1510661187729698,0.0,0.0,0.0,0.0,0.0,0.0,0.09681352040777318,0.14987578074349045,0.0,0.0,0.0,0.0,0.0,0.0,0.15926858972618063,0.0,0.0,0.0,0.0,0.0,0.0,0.12713487392604753,0.0,0.15177842288591653,0.0,0.0,0.16139657864498533,0.0,0.0,0.0,0.16375305420418265,0.0,0.0,0.14084446881120702,0.10499951252917729,0.0,0.1748642773208702,0.11930978719718531,0.0,0.0,0.0,0.0,0.15567815085586417,0.0,0.0,0.0,0.0,0.0,0.0,0.0,0.0,0.0,0.0,0.0,0.0,0.0,0.1478904535934414,0.0,0.13555194614103244,0.0,0.14312924577492958,0.0,0.0,0.0,0.0,0.15092351756298014,0.0,0.0,0.0,0.0,0.0,0.0,0.0,0.0,0.0,0.0,0.0,0.0,0.0,0.0,0.13932347669538167,0.0,0.16675161005563519,0.16132485398478258,0.17139894420205337,0.1551226256775742,0.0,0.0,0.0,0.0,0.13357551181362087,0.18329272292039706,0.13241001394043725,0.13154691829970905,0.13750030612388434,0.0,0.14916217997242742,0.0,0.1579184344457594,0.0,0.15323221907950155,0.0,0.0,0.17888031007015864,0.1258465524940837,0.16177759432175612,0.15536309467307036,0.0,0.1841965086509972,0.0,0.0,0.1415865019771357,0.17885995878621525,0.0,0.20565237220426386,0.15249345301874262,0.0,0.0,0.0,0.1360984906194801,0.0,0.0,0.0,0.0,0.1542597639105083,0.0,0.0,0.13197814209266065,0.0,0.0,0.0,0.0,0.18287919439979908,0.0,0.15097659393400287,0.0,0.16727040522064657,0.17726874234763262,0.0,0.15243418675816162,0.0,0.0,0.0,0.1925515520044173,0.0,0.197944943434468,0.0,0.0,0.0,0.0,0.17247155581056298,0.14555539988719732,0.0,0.0,0.106694639234773,0.153229919554055,0.0,0.0,0.0,0.16658226057322192,0.20273390062839408,0.0,0.0,0.12406539257037412,0.14290769849666562,0.14078999071776707,0.14198009421310723,0.0,0.1904538070715043,0.0,0.0,0.1625278388311458,0.20048675934826074,0.0,0.0,0.0,0.0,0.0,0.12118090178166334,0.0,0.0,0.0,0.0,0.0,0.0,0.0,0.13621503395922258,0.0,0.0,0.0,0.0,0.0,0.12145188756404939,0.11107650183295703,0.16017337156593425,0.0,0.0,0.11517651367126291,0.0,0.1461197204431135,0.15576086696951424,0.0,0.14978841355511693,0.0,0.0,0.0,0.1568733931733977,0.0,0.1479063951304112,0.0,0.14450683396649955,0.0,0.14684904631395979,0.0,0.0,0.14341503926540855,0.16360945711672314,0.0,0.15776521108523434,0.0,0.0,0.13430528213491058,0.0,0.19526365100623563,0.0,0.17984303560594014,0.0,0.0,0.0,0.17237657240496448,0.18949746055759706,0.0,0.15346312078533583,0.0,0.0,0.1387819262634349,0.0,0.0,0.0,0.0,0.0,0.14754603089715457,0.0,0.1807319024404474,0.14128020068288114,0.15043225988521994,0.0,0.0,0.0,0.1534567340038961,0.16276541270767536,0.0,0.0,0.12894371500271673,0.0,0.14219917247669994,0.0,0.0,0.155664073550838,0.0,0.0,0.0,0.0,0.1667830345841258,0.0,0.1272203907585593,0.14183738352747075,0.0,0.0,0.1628891823944393,0.0,0.0,0.0,0.13749033286209345,0.0,0.151836578207107,0.16158365321542908,0.0,0.1766077081608617,0.0,0.18843840517071625,0.1575623976188162,0.0,0.0,0.15310167351362597,0.1432196646182465,0.0,0.0,0.0,0.0,0.0,0.0,0.0,0.0,0.0,0.0,0.0,0.1359045666958444,0.0,0.0,0.0,0.0,0.0,0.0,0.0,0.0,0.13024096560720216,0.0,0.0,0.0,0.0,0.11513763927262081,0.0,0.0,0.0,0.17307285640602882,0.0,0.0,0.0,0.15384047489093586,0.0,0.09674135722265109,0.14165554774333386,0.13532027195316856,0.0,0.0,0.0,0.0,0.16106301469456172,0.0,0.0,0.11137296482568669,0.0,0.0,0.0,0.14852401062220055,0.1590138670540992,0.0,0.0,0.16889618478207782,0.0,0.0,0.19390623969820936,0.11412144483925318,0.0,0.17560918398764871,0.1463981063486275,0.0,0.0,0.150800673860981,0.0,0.0,0.14297307360844116,0.14100054775131168,0.0,0.0,0.0,0.0,0.16908244378052423,0.1364462654101557,0.0,0.0,0.0,0.16329244403702142,0.0,0.0,0.0,0.15990250508458229,0.11210302240734152,0.0,0.0,0.0,0.1508176946092513,0.0,0.0,0.12925378963969947,0.14091838441462584,0.16833555933920852,0.0,0.15212408829404628,0.0,0.0,0.0,0.13729920203403664,0.1457663568228755,0.0,0.0,0.1392703178451199,0.19826907460809412,0.0,0.0,0.18504145264793645,0.0,0.0,0.0,0.0,0.15656951118666973,0.0,0.0,0.14656549062772412,0.0,0.0,0.0,0.0,0.0,0.0,0.0,0.16120379945574007,0.0,0.15902773216711324,0.207089423718513,0.0,0.0,0.0,0.0,0.13193036852247778,0.0,0.0,0.1408959955296247,0.0,0.1701831145537177,0.0,0.199370238758747,0.1500737617203461,0.1816884315659361,0.0,0.0,0.17575665047526337,0.0,0.0,0.0,0.0,0.14578861051526726,0.1521859769135741,0.0,0.0,0.0,0.0,0.17227943353508224,0.0,0.12509524518720994,0.1628885244278761,0.0,0.15290762964573823,0.15108666347116226,0.0,0.0,0.0,0.0,0.0,0.15448648597732087,0.0,0.0,0.0,0.0,0.1530521131392017,0.0,0.0,0.0,0.0,0.0,0.0,0.1274710198636246,0.0,0.0,0.0,0.0,0.14790798586566456,0.13725366482722878,0.0,0.14694567662987765,0.0,0.0,0.12767837778674163,0.0,0.0,0.15629514296569935,0.17399052645904067,0.14434576662326806,0.0,0.0,0.0,0.0,0.145590762347613,0.0,0.0,0.0,0.17301353779144343,0.19176304849742817,0.0,0.0,0.0,0.0,0.0,0.0,0.0,0.0,0.0,0.0,0.12476897977984547,0.0,0.0,0.0,0.0,0.0,0.15513662662538633,0.1468868143874329,0.0,0.12366677947336799,0.15662413418863844,0.18540169360377076,0.1386154961086737,0.0,0.0,0.18988499105092385,0.0,0.0,0.12126792579191092,0.17233835550088616,0.0,0.0,0.0,0.16756249775120177,0.19016624330684812,0.1468736574592459,0.0,0.0,0.0,0.0,0.0,0.1550706060016198,0.0,0.1364462610513316,0.0,0.0,0.0,0.0,0.1415141314164515,0.0,0.0,0.0,0.0,0.0,0.0,0.0,0.0,0.0,0.1490880546670927,0.0,0.12747804856713882,0.16353851116867138,0.0,0.15065527766216127,0.0,0.0,0.0,0.0,0.15451562909170535,0.0,0.0,0.0,0.0,0.1292618338442113,0.0,0.0,0.0,0.1588817131694912,0.0,0.0,0.0,0.0,0.0,0.1340775356154391,0.0,0.18492172231145518,0.0,0.10007291238823528,0.15743213529764927,0.12298628484799401,0.0,0.14104012297964252,0.0,0.1871004372151661,0.1617366632502592,0.0,0.0,0.16384122124698364,0.0,0.0,0.19257624265034326,0.13986355056195324,0.0,0.0
0.2200560913455086,0.20875312259389547,0.0,0.0,0.0,0.22641905226575804,0.0,0.2554318263610005,0.23169218469347003,0.0,0.24106318524437872,0.0,0.0,0.0,0.24833115869629532,0.0,0.0,0.20500688035321987,0.0,0.0,0.2278737566280988,0.0,0.1906533831115399,0.0,0.0,0.0,0.0,0.0,0.2553222819051552,0.0,0.0,0.0,0.2133876470745146,0.0,0.25024149200707896,0.2541849959975129,0.0,0.0,0.0,0.0,0.0,0.0,0.23196038644349096,0.2522998667164211,0.0,0.24523365585358128,0.0,0.0,0.2501493423238501,0.0,0.2303510521755202,0.0,0.0,0.0,0.24384719182248105,0.22661427393219133,0.0,0.0,0.248369668888657,0.0,0.0,0.0,0.2507693193628139,0.0,0.0,0.0,0.2628337231914726,0.0,0.0,0.0,0.0,0.0,0.0,0.23930050674481382,0.0,0.0,0.0,0.26847212669803566,0.0,0.0,0.0,0.23926452357090908,0.0,0.0,0.0,0.0,0.2762304805953929,0.22557618174833222,0.23516407487997915,0.23093035127837477,0.0,0.0,0.0,0.0,0.25801303932211916,0.24570525091563916,0.0,0.20024178935567677,0.0,0.0,0.2310993143383783,0.0,0.25323286702996256,0.2521876629252566,0.0,0.22160912697969287,0.0,0.0,0.0,0.24186618816324265,0.0,0.0,0.2271922565363177,0.0,0.0,0.0,0.22399108504646448,0.0,0.0,0.26613079922237587,0.2158197943658746,0.0,0.0,0.0,0.22963120331835787,0.27432408374448414,0.0,0.0,0.0,0.0,0.24584447859972658,0.0,0.2605185099928824,0.0,0.24441037985578554,0.0,0.0,0.23678427667002003,0.0,0.0,0.0,0.0,0.0,0.0,0.0,0.0,0.0,0.0,0.2274939676345688,0.2547570138779601,0.0,0.2056492517793755,0.0,0.0,0.23974009545973862,0.2838353498910307,0.20222001934554593,0.0,0.0,0.0,0.0,0.0,0.0,0.0,0.0,0.0,0.0,0.0,0.26294706835854503,0.0,0.2343706000560316,0.0,0.0,0.23704391539093508,0.22922545859192298,0.0,0.24923343943193793,0.0,0.0,0.0,0.2334704629705137,0.0,0.0,0.22254778090984775,0.0,0.2822123604210463,0.24038359016844404,0.24868347491496595,0.0,0.0,0.0,0.0,0.27171656139307043,0.29055751350464715,0.0,0.0,0.0,0.23086629073408585,0.23629932413991078,0.0,0.2535464461250335,0.0,0.0,0.0,0.0,0.0,0.2435156422631053,0.0,0.24578774765145256,0.22715025054693827,0.0,0.0,0.1935142186410784,0.25985956428370366,0.0,0.24583373505268352,0.0,0.0,0.0,0.26943598892530957,0.0,0.0,0.22856264838426005,0.0,0.0,0.2340803004532452,0.0,0.21133019268571931,0.22407256404920947,0.24590064950571755,0.22742655697895173,0.24213085588885938,0.0,0.0,0.0,0.20009773438324052,0.0,0.24372642791977925,0.2208986474937975,0.0,0.22807306863109597,0.0,0.2144887010873416,0.0,0.0,0.0,0.0,0.0,0.0,0.0,0.0,0.0,0.24313614115385335,0.2298319635660011,0.0,0.0,0.0,0.25476931528384184,0.2056918927597039,0.0,0.0,0.0,0.0,0.2703566127764662,0.24743103075358136,0.22511587492102772,0.22184104797514997,0.0,0.0,0.0,0.0,0.0,0.2704591489857118,0.26425125662732185,0.0,0.22389854094881498,0.0,0.24572628613560749,0.0,0.0,0.0,0.19026560101055212,0.0,0.0,0.0,0.0,0.0,0.24954172857878673,0.24948273878204816,0.21176087286614803,0.0,0.22484623920332966,0.23318576704333835,0.24384791194798952,0.0,0.0,0.0,0.22053509073662284,0.0,0.26063207662675547,0.0,0.0,0.0,0.0,0.24015386948179146,0.0,0.0,0.25145407326106245,0.0,0.0,0.0,0.24182050061452887,0.0,0.0,0.2643772236632233,0.0,0.0,0.22880113090922213,0.0,0.0,0.0,0.0,0.0,0.0,0.0,0.0,0.24178469731282676,0.0,0.0,0.0,0.0,0.2562239731484355,0.0,0.0,0.18731694776530877,0.0,0.0,0.0,0.0,0.19664199778494443,0.0,0.0,0.0,0.0,0.0,0.0,0.2539795023579227,0.2565919415733474,0.0,0.22425188579409,0.0,0.0,0.0,0.0,0.0,0.0,0.0,0.25951921778156545,0.0,0.25444484576577703,0.0,0.26848871214387127,0.2354706457173588,0.0,0.0,0.0,0.0,0.0,0.20470565089495146,0.23119706054829212,0.23641978708634082,0.0,0.0,0.23187836871541567,0.18292446252204614,0.0,0.0,0.0,0.0,0.0,0.20321555972762145,0.2227600246650608,0.21111975456457047,0.0,0.0,0.0,0.23444043223334032,0.0,0.0,0.0,0.0,0.0,0.0,0.0,0.24471508412920476,0.0,0.23520932010233978,0.0,0.2316867553786871,0.0,0.0,0.2105015976758739,0.0,0.0,0.0,0.0,0.0,0.0,0.24314473302807502,0.24376981984027835,0.0,0.0,0.0,0.2559798904824519,0.0,0.0,0.0,0.0,0.0,0.23744202753722357,0.0,0.0,0.0,0.0,0.0,0.0,0.0,0.2191288420441562,0.0,0.24112838423412464,0.20922054247885105,0.0,0.24227134572936224,0.213676452851842,0.0,0.0,0.0,0.0,0.24205061009539958,0.0,0.0,0.25481504067550625,0.0,0.23326496089149829,0.0,0.0,0.23739719580565846,0.0,0.20151008573118312,0.0,0.2679783664063958,0.20551521226890343,0.0,0.0,0.2152048754682198,0.0,0.0,0.2651155483164615,0.2627464155124665,0.0,0.22609888731021352,0.0,0.0,0.0,0.0,0.0,0.22579541596387886,0.0,0.0,0.2621250389406805,0.0,0.23170008856302993,0.2466927182737521,0.0,0.0,0.24304142942676385,0.0,0.0,0.2567164489625106,0.2528041165023484,0.0,0.0,0.0,0.0,0.26000986044158586,0.0,0.0,0.0,0.0,0.0,0.2235167279116443,0.2275463919774852,0.22112011072188123,0.0,0.0,0.0,0.0,0.26030319683485237,0.2565362928932334,0.0,0.2208747797466304,0.0,0.0,0.22331677298999564,0.0,0.2505176894282143,0.252694491734863,0.23407565571523917,0.0,0.21606045375745034,0.0,0.0,0.0,0.0,0.0,0.22363704422061725,0.0,0.0,0.0,0.2403115838175668,0.0,0.20964217242149333,0.2608626357117794,0.0,0.0,0.0,0.0,0.0,0.0,0.0,0.0,0.0,0.0,0.0,0.19471794274842,0.0,0.0,0.23780684841639732,0.0,0.1968429688650216,0.0,0.2567314593576362,0.23932279744027135,0.0,0.0,0.0,0.19787581914208657,0.25420976364456394,0.0,0.0,0.0,0.0,0.22440302925561087,0.0,0.0,0.0,0.0,0.0,0.0,0.0,0.0,0.0,0.0,0.23104694779569604,0.2322294738165739,0.0,0.24210756423100338,0.1943016103982213,0.0,0.0,0.0,0.0,0.0,0.24325458104298026,0.0,0.0,0.24763885178979053,0.24620943740055323,0.0,0.2612850029195646,0.0,0.0,0.0,0.0,0.0,0.0,0.0,0.0,0.24210425649000616,0.0,0.24826193941077943,0.23147263378095406,0.0,0.22869821132506563,0.0,0.23335847996913686,0.0,0.20968047827130915,0.0,0.0,0.2363337522492015,0.0,0.0,0.0,0.0,0.0,0.0,0.24825053089510568,0.2526252498360926,0.23388000824145944,0.24931522282420443,0.24069562800219554,0.0,0.0,0.0,0.0,0.0,0.0,0.23796072481665942,0.0,0.23615005128541158,0.0,0.0,0.2233404824797097,0.21155757022199193,0.0,0.0,0.0,0.23969184103738989,0.0,0.23009879871598837,0.22396909902019166,0.23558641103302258,0.0,0.23988005478401345,0.2547277013203814,0.20646474106658316,0.26840608611969885,0.0,0.0,0.0,0.0,0.2055064538449623,0.24224460094440012,0.0,0.0,0.0,0.0,0.0,0.21875435849903171,0.20749584641250773,0.2345576969821987,0.22494580073406256,0.0,0.0,0.20855449141383514,0.26188006807088715,0.25975803251283885,0.0,0.0,0.0,0.0,0.2629787234050604,0.0,0.0,0.0,0.0,0.2451709897183516,0.0,0.25226960566333045,0.2627025496095014,0.0,0.0,0.0,0.2504885909015369,0.2218317687212658,0.2138352076971137,0.2531773032840975,0.2338440037387097,0.0,0.24925919921294554,0.25689547328038964,0.28599376659328,0.18864094930834865,0.0,0.2205560422458216,0.0,0.0,0.0,0.0,0.0,0.0,0.0,0.25585663789142427,0.0,0.0,0.0,0.0,0.0,0.0,0.0,0.0,0.2374961839457546,0.21223865073258885,0.0,0.0,0.0,0.23990513600707186,0.2494675728168813,0.0,0.0,0.0,0.0,0.0,0.0,0.0,0.0,0.0,0.0,0.0,0.23776291528135834,0.21269328340620344,0.0,0.2603037312379616,0.0,0.0,0.2031282156797378,0.0,0.27000274080465136,0.21519842551381227,0.0,0.0,0.0,0.2145798093496388,0.0,0.0,0.0,0.0,0.257080524636973,0.0,0.0,0.26495596624628354,0.0,0.0,0.0,0.0,0.0,0.0,0.0,0.0,0.22091935515967545,0.21238285555280362,0.23908955505563986,0.2624156553492679,0.0,0.21779475579901128,0.27799081477741144,0.2332635255174476,0.25704367603761835,0.26985760599787045,0.0,0.0,0.0,0.21318016675872115,0.0,0.2389088346485492,0.0,0.0,0.0,0.23702427291853856,0.0,0.0,0.24152298108660392,0.0,0.23127004094442974,0.0,0.0,0.0,0.0,0.0,0.0,0.0,0.0,0.0,0.0,0.0,0.26659083079955753,0.0,0.0,0.24979934944491752,0.21718671157056127,0.0,0.0,0.0,0.0,0.23727463345721725,0.0,0.22742740775207507,0.0,0.0,0.2508697796551192,0.23701702796258245,0.2639557854771624,0.24615651619341347,0.0,0.0,0.0,0.0,0.0,0.0,0.0,0.0,0.2494960201864,0.0,0.2721171628177795,0.0,0.0,0.20815143255773233,0.0,0.0,0.0,0.0,0.0,0.0,0.0,0.2480249030741754,0.0,0.20097804719355009,0.0,0.0,0.0,0.0,0.0,0.25398422976672624,0.22242069940465095,0.0,0.2752546450337507,0.0,0.21173220272363333,0.0,0.0,0.0,0.0,0.0,0.2541701262568185,0.0,0.0,0.0,0.25680441580542174,0.0,0.0,0.0,0.0,0.0,0.0,0.0,0.2782700606745557,0.2326500175797494,0.0,0.2395370796846994,0.2607783352545586,0.24522792903325685,0.2238272140952358,0.0,0.27851889387876777,0.0,0.0,0.2554447747902574,0.0,0.23675111430506596,0.0,0.2379242904468431,0.26117680784036457,0.0,0.0,0.28352266888970834,0.22894318995556245,0.0,0.0,0.0,0.2596653662290763,0.22017307944840023,0.2805683488741177,0.0,0.19365107057140277,0.2657427455920826,0.0,0.0,0.0,0.0,0.26242118565996975,0.0,0.0,0.0,0.2304278931972356,0.21601101462134092,0.24753945307637282,0.26164054684250565,0.2535744492938091,0.0,0.0,0.0,0.0,0.0,0.0,0.0,0.2261950136690595,0.0,0.0,0.25492619958995877,0.0,0.23571072707457774,0.0,0.0,0.2587493044161872,0.0,0.0,0.22265209297091204,0.0,0.0,0.25234107406577033,0.2227797344782007,0.21989230695445738,0.0,0.0,0.0,0.0,0.22744930937624847,0.0,0.2142921761331233,0.22792011224416012,0.24246932531771198,0.0,0.0,0.0,0.0,0.0,0.0,0.2364614278980259,0.24119847967385358,0.22324559138669703,0.27409222604702554,0.2604661650650193,0.0,0.0,0.0,0.0,0.0,0.0,0.0,0.2474839830193152,0.2270234725366943,0.0,0.24616038773390203,0.24019999196848105,0.0,0.0,0.20800593163882616,0.0,0.0,0.0,0.0,0.0,0.0,0.0,0.0,0.0,0.2139889946496967,0.0,0.0,0.0,0.0,0.2681079352318196,0.24816056472134013,0.0,0.2642243947735134,0.0,0.25198040633935886,0.23411016540386642,0.0,0.0,0.0,0.0,0.0,0.23267318881189253,0.24538847246271295,0.2479960256918855,0.0,0.23221994156859146,0.23616262044815114,0.0,0.0,0.0,0.0,0.0,0.0,0.0,0.0,0.25284775046764124,0.0
0.0,0.0,0.17891364288869627,0.0,0.0,0.0,0.0,0.0,0.20311383327493757,0.0,0.0,0.0,0.0,0.0,0.1639992688288511,0.0,0.0,0.1731427341492891,0.0,0.0,0.0,0.0,0.0,0.0,0.21283799202513998,0.0,0.0,0.0,0.0,0.0,0.0,0.0,0.0,0.0,0.0,0.0,0.0,0.0,0.0,0.0,0.0,0.0,0.0,0.0,0.0,0.1962852801191412,0.0,0.0,0.0,0.1760398482633685,0.0,0.0,0.20397495273733413,0.0,0.1892231155498087,0.18962774309508365,0.19574083942890394,0.173914789228181,0.0,0.0,0.0,0.0,0.22108862479274813,0.16275355252961324,0.0,0.0,0.21168716504279791,0.0,0.23627020776301683,0.1829771030682024,0.0,0.23614331354401674,0.0,0.0,0.0,0.0,0.2073349731520707,0.0,0.0,0.0,0.0,0.0,0.0,0.0,0.0,0.0,0.22584325878115144,0.0,0.21174915666478816,0.0,0.0,0.0,0.0,0.0,0.0,0.0,0.0,0.0,0.0,0.0,0.0,0.21814227572175376,0.0,0.25217184019947025,0.0,0.19188355293769457,0.20374297807280728,0.0,0.0,0.0,0.0,0.0,0.19808110521707156,0.0,0.0,0.0,0.1948883618104029,0.0,0.0,0.0,0.2257513148342443,0.0,0.0,0.0,0.18846986679764807,0.0,0.0,0.23387651806531093,0.21935043232423937,0.0,0.1782762841930908,0.20673272050606165,0.0,0.2515715288225243,0.17943760076401544,0.0,0.0,0.0,0.18738752797247676,0.0,0.22794588326423265,0.226291277410481,0.20096836294860204,0.20086632425406079,0.0,0.1989984695058368,0.0,0.20189010045482403,0.18070512065757235,0.20191110972950924,0.0,0.17842669052662483,0.2086094697585408,0.0,0.0,0.0,0.21133539689561448,0.0,0.0,0.21377784904802308,0.2384769610806122,0.1974912248257975,0.0,0.0,0.0,0.0,0.22330563074136695,0.18472618929409593,0.0,0.18599989674168763,0.0,0.0,0.0,0.0,0.0,0.18880358667157954,0.2326516999708836,0.2074595096649628,0.0,0.24213867197811947,0.21565688966790786,0.0,0.0,0.0,0.0,0.19656831333362432,0.2187061272214319,0.1844607938286699,0.0,0.0,0.0,0.0,0.20979979925908696,0.0,0.0,0.16731048347828945,0.19325671706983247,0.0,0.20000962188132965,0.0,0.18107728785327357,0.19596705133055808,0.2119923583869304,0.0,0.0,0.0,0.0,0.1841848629743416,0.20183259974950024,0.0,0.0,0.24156878824761205,0.1954136428567734,0.21575458410290244,0.2189338477803075,0.20245623365396473,0.0,0.0,0.0,0.0,0.17776397766781954,0.0,0.0,0.2271137042761586,0.1938566529701121,0.20223736804523498,0.0,0.1632703486519882,0.1848699916130682,0.18555490574519964,0.0,0.19153596018740907,0.0,0.0,0.0,0.0,0.17098361340516294,0.0,0.21695667061890275,0.0,0.20712038057573803,0.0,0.0,0.0,0.0,0.22365319944203502,0.21321743629566173,0.0,0.0,0.0,0.0,0.0,0.21389846811571525,0.0,0.16282314656001784,0.1988228027798224,0.0,0.22085243032358376,0.21861987514741257,0.0,0.17940905318360884,0.0,0.0,0.0,0.0,0.0,0.0,0.0,0.0,0.2162964693702849,0.0,0.0,0.1547770568345834,0.0,0.0,0.20871372756267068,0.20335912518568178,0.0,0.16486143620036595,0.0,0.0,0.2328988525845454,0.0,0.0,0.0,0.21649743520032672,0.0,0.0,0.21056959428370056,0.212427898816906,0.0,0.2185944901149142,0.2109592922996439,0.0,0.21727179224669346,0.0,0.0,0.0,0.2362490519876948,0.22513529716087585,0.0,0.0,0.21485019482800843,0.22280167137894186,0.20972270833477938,0.0,0.0,0.2112320313839465,0.0,0.24853983268351268,0.0,0.0,0.2364607759075341,0.0,0.22011809205638314,0.18262687661026963,0.0,0.20226315444829912,0.16858786106551304,0.0,0.0,0.0,0.0,0.0,0.0,0.21838712848303973,0.0,0.17887576329515847,0.22301551262571193,0.0,0.0,0.0,0.18935100998825588,0.0,0.20809690833227307,0.0,0.21795547215009953,0.0,0.0,0.0,0.0,0.0,0.0,0.2089771034130964,0.0,0.0,0.20050545709653075,0.0,0.0,0.1729638167954828,0.21051825890060552,0.0,0.0,0.0,0.21514283568209847,0.0,0.0,0.0,0.2040589529073109,0.0,0.0,0.0,0.0,0.17912465054386537,0.18335038383892632,0.0,0.20211143720798205,0.0,0.2436905517437755,0.0,0.20769485794009523,0.2324852808215417,0.0,0.19289539709861067,0.205063479476495,0.0,0.23774681639977688,0.2218659530272386,0.0,0.0,0.18954441861370097,0.2165879320448088,0.21669093360989058,0.0,0.2152671952468344,0.0,0.0,0.0,0.21241291002822268,0.0,0.21557452210343786,0.0,0.20882270341623296,0.0,0.1877791730967867,0.0,0.0,0.0,0.23057875559329943,0.0,0.0,0.0,0.18282420959625448,0.0,0.0,0.0,0.1978324290413759,0.0,0.0,0.20767913471861998,0.0,0.0,0.0,0.0,0.0,0.0,0.20893693163686622,0.0,0.0,0.0,0.2026541707066132,0.0,0.0,0.0,0.19859780115692202,0.0,0.0,0.0,0.0,0.0,0.0,0.0,0.2054919984662731,0.1983017859717436,0.21488662045899912,0.24439105782784237,0.0,0.0,0.0,0.0,0.0,0.0,0.0,0.18355697040695884,0.0,0.0,0.0,0.0,0.21455157383591159,0.0,0.0,0.0,0.0,0.0,0.21674262412574002,0.0,0.0,0.0,0.0,0.20132132026060187,0.0,0.21748514189646248,0.0,0.25892016606656687,0.0,0.0,0.17804068826230587,0.20920358327868369,0.0,0.18011432720297885,0.0,0.0,0.0,0.1731904124056572,0.21439303264952095,0.23117914770669915,0.1669963762858217,0.2101728831301248,0.0,0.20877328181772015,0.0,0.0,0.0,0.0,0.0,0.0,0.2319562457650295,0.16879671567310944,0.20503690729738133,0.0,0.22542638136594312,0.220703630409232,0.1908190010481053,0.0,0.1607745831360507,0.0,0.0,0.0,0.0,0.0,0.2503341819004752,0.0,0.21773200105537752,0.19900551055436103,0.2203508333382955,0.0,0.0,0.0,0.1567230876585469,0.22194277934090434,0.2092376384210119,0.1799597572091734,0.0,0.0,0.0,0.0,0.18936808732880878,0.0,0.21101191523732019,0.0,0.20717451184395974,0.2387016856619782,0.19108316617415005,0.22037386422886918,0.0,0.0,0.0,0.0,0.0,0.0,0.0,0.24569564526387988,0.0,0.0,0.0,0.0,0.0,0.235994419253651,0.0,0.2173417912799841,0.2312964021352695,0.0,0.20336091489944103,0.0,0.1898303095471388,0.0,0.0,0.0,0.0,0.0,0.1663346789456613,0.0,0.16907611434252753,0.0,0.1992371598032178,0.0,0.22649905230005937,0.17036950477640125,0.0,0.0,0.19116225095754744,0.0,0.0,0.0,0.18975475714695353,0.0,0.0,0.0,0.0,0.0,0.2101714232636428,0.15779499208387102,0.23152871374383466,0.22825806723437336,0.0,0.20564590484927517,0.0,0.0,0.0,0.0,0.23156042866236265,0.2158152363086362,0.0,0.17358861394294203,0.0,0.0,0.20528286323890824,0.0,0.0,0.0,0.22371906654753854,0.0,0.0,0.20229547513615037,0.0,0.0,0.18384303302107638,0.18363091040501828,0.2138189511084313,0.0,0.0,0.0,0.0,0.0,0.0,0.0,0.0,0.0,0.0,0.23095073430753627,0.0,0.1798726553464875,0.0,0.20994701741612334,0.0,0.0,0.0,0.0,0.0,0.0,0.0,0.0,0.0,0.1921995551466247,0.2384426058574578,0.0,0.0,0.22612381517396407,0.0,0.0,0.18273715195140136,0.0,0.0,0.0,0.1745950289449933,0.20163285060556466,0.1806433160378365,0.19281434820352683,0.23215504010937263,0.0,0.2140850792988619,0.0,0.0,0.0,0.0,0.2076337934197116,0.0,0.0,0.23825483980545736,0.17945937220802544,0.1866097404995473,0.19446189094065702,0.21168414954242065,0.2085868837398794,0.0,0.0,0.17425996239316796,0.16565801232616034,0.0,0.0,0.0,0.0,0.0,0.0,0.0,0.0,0.0,0.16102177449695845,0.0,0.0,0.0,0.22673628126946846,0.20894398664349548,0.0,0.20568327866638414,0.0,0.21493061466458155,0.21506988102043142,0.0,0.0,0.0,0.215430384567577,0.0,0.19736826225051915,0.0,0.22502830207673574,0.0,0.0,0.0,0.23012133331828968,0.0,0.0,0.0,0.0,0.0,0.21308080333183294,0.0,0.0,0.0,0.0,0.0,0.22422511357836064,0.0,0.0,0.21580649722461342,0.22525499745906657,0.0,0.0,0.0,0.0,0.0,0.0,0.18691541220840532,0.0,0.0,0.1899638487241109,0.0,0.19650809750269702,0.1896831088558778,0.0,0.20084650724866465,0.1945081049604538,0.23315036720076687,0.0,0.0,0.0,0.1833409404682084,0.0,0.23807829513558107,0.0,0.19972731800573412,0.19415403276481527,0.0,0.0,0.0,0.22163809932741263,0.19680566424860843,0.0,0.0,0.21750696049046434,0.0,0.0,0.1884869510796937,0.0,0.0,0.0,0.0,0.22855791624502145,0.24930455500767454,0.22243996452940748,0.0,0.2187243239375775,0.23341176500774743,0.0,0.0,0.22483544132676092,0.22030134019139092,0.0,0.21705583146759347,0.0,0.0,0.0,0.0,0.0,0.0,0.21159919260886617,0.0,0.0,0.0,0.19720653359124782,0.18469866602807342,0.24127023071538,0.0,0.0,0.2693712015207048,0.18097012228700887,0.0,0.18896968655927046,0.20480858339321548,0.0,0.0,0.0,0.1877641320508043,0.0,0.21444507622272357,0.0,0.24089601494250634,0.0,0.2343040204592624,0.0,0.2039786899913505,0.20356475031479684,0.0,0.0,0.20026498951089214,0.20811988314237692,0.0,0.0,0.0,0.0,0.0,0.20848730607252627,0.18023796483746057,0.0,0.0,0.0,0.0,0.0,0.0,0.0,0.0,0.0,0.0,0.0,0.208244173289701,0.0,0.0,0.21718499741641212,0.0,0.0,0.0,0.0,0.0,0.0,0.0,0.0,0.0,0.2041993003957555,0.0,0.0,0.1963711834163377,0.0,0.0,0.22578744960707725,0.0,0.0,0.0,0.0,0.0,0.18477589403220573,0.19809008283345003,0.0,0.18506365652580287,0.0,0.0,0.22900445816126563,0.0,0.0,0.0,0.0,0.0,0.0,0.0,0.0,0.0,0.0,0.0,0.2411376775045544,0.0,0.18916633191795842,0.0,0.20754942435497878,0.220417668805981,0.22374950046962655,0.0,0.0,0.0,0.0,0.23549571593923568,0.19771415559402034,0.18737251898735183,0.22921638915064027,0.16705212089877586,0.0,0.0,0.0,0.0,0.24564040036652132,0.0,0.0,0.20551634505841912,0.21555321454944504,0.0,0.20453351470692724,0.18333856116712688,0.2051969123544304,0.0,0.0,0.22719745658304963,0.20448598239397475,0.0,0.23297379340454927,0.22715608699811318,0.0,0.16726698602773352,0.0,0.19727049567505758,0.22607579694552413,0.21428509570086798,0.0,0.22518085619232706,0.0,0.0,0.0,0.21113368838097674,0.0,0.20382125102079415,0.0,0.0,0.0,0.0,0.0,0.0,0.23080431519863506,0.2170890571874513,0.0,0.0,0.0,0.21365188639069135,0.0,0.0,0.0,0.24091393298472713,0.0,0.1574597081356899,0.0,0.21144822176336636,0.0,0.0,0.1882784115285642,0.2191073481597246,0.0,0.0,0.2427422526991248,0.1834821874805215,0.0,0.0,0.0,0.0,0.0,0.0,0.24046489339628568,0.0,0.17342907659530737,0.0,0.0,0.229856959562215,0.0,0.0,0.0,0.0,0.2245962594915261,0.0,0.2078552588995512,0.0,0.0,0.186788107541345,0.24885453707633395,0.0,0.0,0.0,0.207414189981961,0.0,0.0,0.1703340599936054,0.0,0.0,0.20856583758240307,0.0,0.0,0.0,0.21311190683205175,0.0,0.24322116745822875,0.1911716711449075,0.23094186848091858,0.0,0.0,0.0,0.1683352035986286,0.20235854836525569,0.20085030388559422,0.0,0.0,0.1930117804605361,0.1886770257774536,0.0,0.0,0.0,0.19374638714691547,0.18564170168105604,0.2080982266796676,0.0,0.16345147946042338,0.0,0.16703228200030212,0.1796791904424079,0.0,0.0,0.0
0.0,0.17863243092882755,0.0,0.2229512459870852,0.0,0.0,0.0,0.22821446906481357,0.0,0.23137515723854402,0.0,0.0,0.0,0.0,0.20463363766291473,0.0,0.0,0.19644610818524938,0.0,0.0,0.0,0.0,0.19726197298468912,0.0,0.0,0.0,0.0,0.0,0.0,0.0,0.0,0.0,0.197793487192284,0.0,0.0,0.0,0.0,0.0,0.0,0.0,0.0,0.0,0.0,0.21804976673109264,0.0,0.0,0.21218353737166457,0.0,0.21505139154932928,0.20806810177355586,0.0,0.19895030070212524,0.21495048395097524,0.0,0.0,0.17529551203080326,0.2093274942242913,0.0,0.20550488957949214,0.0,0.0,0.20737868872804133,0.22404415548382794,0.2243332478442112,0.0,0.0,0.22981690224270218,0.0,0.0,0.20796535637905417,0.0,0.18586259738164185,0.0,0.0,0.0,0.0,0.0,0.20654900502053833,0.22478302256930566,0.1935563680486616,0.0,0.18372811348925264,0.0,0.0,0.0,0.19379053433061072,0.0,0.20247952969822935,0.18773776294106556,0.19382811875825062,0.21071480753197183,0.0,0.0,0.0,0.0,0.0,0.0,0.0,0.0,0.0,0.0,0.0,0.0,0.0,0.0,0.0,0.0,0.0,0.0,0.23594586034187653,0.0,0.0,0.0,0.0,0.1976130429416734,0.0,0.1778629548470906,0.0,0.0,0.2006344482930938,0.217723906363772,0.0,0.19964169493155431,0.0,0.0,0.21557602498219627,0.0,0.21895463839950227,0.0,0.0,0.19539817798466094,0.2039115881409924,0.1938769597018416,0.0,0.0,0.0,0.0,0.2144726854026658,0.21316578042999632,0.20489780215996295,0.0,0.1735792933626582,0.21326663457515918,0.0,0.0,0.17341174936171555,0.0,0.0,0.0,0.2280617479631038,0.0,0.20417019872218156,0.0,0.0,0.0,0.0,0.0,0.0,0.22664773657991974,0.19783166610761796,0.2185288824915356,0.0,0.0,0.2239534832152781,0.0,0.0,0.0,0.0,0.1785564857806306,0.22035685763882076,0.0,0.0,0.0,0.0,0.0,0.19786252729206613,0.18139935649234754,0.17411858997571392,0.0,0.0,0.2029908514258889,0.20523247385536394,0.0,0.20729260142305383,0.0,0.0,0.2377983647596852,0.0,0.21062190176416204,0.0,0.1851394873065065,0.0,0.0,0.0,0.19289072207931393,0.20847670267075685,0.0,0.0,0.0,0.19364191673368925,0.0,0.19858272483517647,0.0,0.0,0.2239829526276426,0.20996899812738207,0.0,0.0,0.0,0.0,0.0,0.23619078666746862,0.21492143656703763,0.0,0.24380806371431393,0.20003523958723268,0.0,0.22450920561025398,0.0,0.0,0.0,0.0,0.0,0.0,0.21847276834084356,0.0,0.0,0.16246087091708472,0.22668473040613665,0.0,0.20117541562183774,0.1900360317448699,0.2150254082600288,0.20020001157733416,0.0,0.0,0.20106481607686316,0.20810611897448364,0.19255091397439147,0.0,0.0,0.19547752280967998,0.19809754006714603,0.0,0.0,0.0,0.0,0.0,0.0,0.0,0.20850206796102927,0.0,0.19958354791584862,0.0,0.0,0.20638280834169825,0.0,0.21100642667241726,0.0,0.0,0.0,0.0,0.20620729332733936,0.0,0.0,0.0,0.0,0.0,0.0,0.0,0.0,0.0,0.0,0.0,0.0,0.0,0.2151470789568096,0.0,0.17282273669271875,0.0,0.0,0.21986654293459026,0.0,0.22755490427118835,0.2241066581224663,0.0,0.0,0.2032965236088846,0.0,0.0,0.21677477428037448,0.2089319459658889,0.0,0.19333891525429486,0.2085360922421963,0.1979246988422898,0.0,0.0,0.0,0.0,0.0,0.0,0.0,0.0,0.22896876701490915,0.0,0.0,0.0,0.23577554182924426,0.0,0.0,0.21275203830567638,0.0,0.19835458548879828,0.21558354594631282,0.18296190866511902,0.0,0.19383135886394115,0.18780883586115255,0.0,0.0,0.0,0.0,0.0,0.21729710049523857,0.23453490263081275,0.20661418272362547,0.0,0.0,0.0,0.18448598687266596,0.0,0.20678130407669162,0.0,0.22561184379386187,0.0,0.21939809599532248,0.0,0.0,0.0,0.20980883742477752,0.0,0.0,0.0,0.19649374610884113,0.0,0.0,0.20465611582924545,0.0,0.1965644697400042,0.0,0.0,0.0,0.19776989442957493,0.2004761601537888,0.0,0.0,0.0,0.1953127249931441,0.2103803343543594,0.0,0.22016327283435655,0.18012079043319382,0.18658574273631698,0.21314069909072025,0.0,0.0,0.18955172709949347,0.0,0.0,0.22342298632870952,0.1939103130147184,0.0,0.0,0.2145707601431852,0.0,0.0,0.0,0.21807828216801006,0.0,0.0,0.23511028198214942,0.0,0.20421876230440988,0.0,0.0,0.18504576082195826,0.0,0.214453234054906,0.0,0.0,0.21300496384851128,0.20165940928043846,0.21630764171087094,0.0,0.0,0.0,0.0,0.0,0.18713265099794676,0.0,0.21157852778223726,0.0,0.0,0.0,0.0,0.0,0.0,0.0,0.0,0.0,0.0,0.0,0.21780698589802394,0.22019338128929428,0.22834704751084275,0.0,0.0,0.0,0.217608843376912,0.1983471465092938,0.22011908002330688,0.0,0.19405109829922695,0.190911611626936,0.0,0.0,0.0,0.0,0.0,0.23430663181094655,0.0,0.21139986566017804,0.1975880730982435,0.22503935050848067,0.19534635988112173,0.0,0.0,0.2303044530437935,0.20784070685724765,0.20999529237903317,0.0,0.0,0.21317335655625452,0.0,0.2164687935390073,0.0,0.0,0.0,0.0,0.2089874759542739,0.0,0.0,0.0,0.18799774206148404,0.0,0.0,0.0,0.0,0.0,0.0,0.0,0.0,0.0,0.20674178099260065,0.0,0.16981198118564259,0.23036366053885857,0.2384198514392521,0.0,0.0,0.23436089215848846,0.0,0.0,0.0,0.0,0.19499327405880218,0.21176846383891584,0.0,0.20966405330788432,0.2111240678382649,0.0,0.0,0.0,0.0,0.0,0.0,0.0,0.19705882024107993,0.0,0.0,0.1897698953179936,0.19285921366104422,0.0,0.21382136795307974,0.0,0.21031164675888794,0.0,0.21487612284722613,0.2175615404504621,0.22843789052027635,0.0,0.18114878592625847,0.19119223559030837,0.0,0.0,0.0,0.18871174069162688,0.19121719562066722,0.19758719668761657,0.22389834466153133,0.21990338720222993,0.0,0.20062027558153248,0.0,0.18958618516988535,0.0,0.25884835955989266,0.0,0.0,0.0,0.19380614403301208,0.1885135859539408,0.20535530314716338,0.0,0.0,0.204151685557449,0.0,0.0,0.0,0.0,0.0,0.20134935399557136,0.0,0.0,0.0,0.0,0.0,0.19553761410410087,0.0,0.0,0.21419795648756224,0.0,0.2248150982168486,0.0,0.0,0.0,0.20831178637590078,0.0,0.0,0.19086127393744678,0.0,0.19895101385403824,0.0,0.1991526452094958,0.0,0.21503952747230273,0.0,0.0,0.2474873923987134,0.2107595443714069,0.0,0.0,0.0,0.0,0.0,0.21810477736361158,0.0,0.20859491459309765,0.0,0.0,0.17040762090923325,0.22525710020831768,0.19660331371881784,0.0,0.0,0.0,0.21309111119343396,0.0,0.0,0.20597126334672897,0.21873137584765476,0.0,0.21118399397945983,0.0,0.0,0.18604086751034754,0.0,0.23707924613251202,0.0,0.21874868726964125,0.0,0.0,0.0,0.0,0.0,0.0,0.20814658125804672,0.2037237980667188,0.0,0.20949143727071898,0.0,0.0,0.0,0.2289360580850878,0.0,0.19761480537552106,0.0,0.0,0.0,0.0,0.0,0.0,0.2024492866854469,0.0,0.20940625939286736,0.20877543033156923,0.0,0.0,0.22125288500829085,0.0,0.2158028783496083,0.0,0.1925110187621266,0.19769401122983027,0.20295880319667495,0.0,0.0,0.0,0.0,0.0,0.198185594212605,0.19686767534001742,0.0,0.20401738843278316,0.20491521372046512,0.17624125764417958,0.2157601581844677,0.0,0.21158222299324883,0.21878003702299464,0.0,0.22587457361494917,0.0,0.0,0.20576861603822186,0.0,0.20609390187140378,0.2128711553040758,0.0,0.0,0.0,0.22292545163444427,0.0,0.20707837041458,0.0,0.0,0.2331430089595995,0.0,0.0,0.0,0.0,0.0,0.20413658008360813,0.18302714492527172,0.2428363544699702,0.0,0.0,0.0,0.18537850455156044,0.0,0.22009205944154847,0.209555354888367,0.21552799249131213,0.18411909382749103,0.1873968863350376,0.20716620303332037,0.0,0.0,0.0,0.23035482596751775,0.0,0.22423876698115786,0.23052090881681753,0.19108002313982825,0.19061711635631656,0.0,0.19257211564755036,0.20708331086983467,0.0,0.20809958586228003,0.23031649432716234,0.0,0.0,0.0,0.0,0.0,0.0,0.0,0.0,0.0,0.0,0.0,0.0,0.2084161549049436,0.0,0.2048066154198968,0.0,0.21533166149550118,0.0,0.21320950039332617,0.0,0.0,0.21107899781265918,0.0,0.0,0.0,0.22826270266212245,0.21113956617241503,0.0,0.0,0.20106043920640432,0.19139745807339836,0.0,0.0,0.0,0.0,0.19903082088248666,0.0,0.16603930804444414,0.18893934182543673,0.0,0.0,0.19799462699476594,0.0,0.19512490132886548,0.0,0.20594033735891681,0.0,0.0,0.0,0.2272292778894866,0.0,0.0,0.0,0.20585898436896358,0.0,0.0,0.0,0.19806175226362635,0.0,0.0,0.1969075325587746,0.201190329474788,0.0,0.21855644245445596,0.22913489145362526,0.0,0.20988592899621622,0.0,0.21756952496328863,0.21109350956815925,0.0,0.2052569370541024,0.0,0.1955638797621479,0.0,0.0,0.0,0.2086346010864666,0.0,0.0,0.0,0.17333065002078837,0.0,0.19996642709296922,0.0,0.0,0.0,0.0,0.19599892951171227,0.1980858932064455,0.0,0.0,0.0,0.0,0.21155801934474344,0.0,0.0,0.0,0.0,0.20611880928292134,0.0,0.0,0.0,0.2271482134924128,0.0,0.21827254881652372,0.1890918108144044,0.0,0.2067751791922541,0.0,0.0,0.1955775302780103,0.0,0.0,0.0,0.0,0.0,0.0,0.0,0.0,0.0,0.0,0.0,0.0,0.20841107393679736,0.1843525982020254,0.0,0.0,0.0,0.0,0.0,0.0,0.0,0.18465902893026329,0.0,0.0,0.21181945305360556,0.0,0.19210067198230835,0.0,0.0,0.0,0.20256456606045087,0.0,0.0,0.20528635415609936,0.21385693253360172,0.0,0.21354761873789413,0.2371684771636492,0.0,0.0,0.0,0.19745678954637122,0.0,0.0,0.23125919625100405,0.0,0.22653662138513503,0.23967890198730327,0.22195370310091533,0.0,0.0,0.2272048093047546,0.2165190423520604,0.0,0.0,0.20658647320668552,0.0,0.0,0.22039676986823797,0.0,0.18184699747847102,0.0,0.0,0.0,0.21645292534444588,0.0,0.0,0.0,0.0,0.0,0.19875424254337715,0.2239287640115448,0.0,0.2226793501246073,0.0,0.0,0.21299333222954328,0.0,0.0,0.2108253299750627,0.1919055863431036,0.2073688295860911,0.0,0.0,0.0,0.0,0.0,0.0,0.0,0.0,0.0,0.18857575706099688,0.1802911372105021,0.2114645274774852,0.0,0.0,0.1958189977569481,0.19538275547317024,0.0,0.0,0.0,0.0,0.21551469811391555,0.0,0.0,0.0,0.0,0.0,0.19647494569744978,0.20163962215626408,0.2039664581614197,0.0,0.22721172235459744,0.0,0.0,0.0,0.0,0.0,0.19931239439366538,0.0,0.0,0.0,0.23513558684438585,0.20130349441246406,0.0,0.0,0.0,0.0,0.2236328328704698,0.20945316746512588,0.17229884216330457,0.0,0.0,0.0,0.0,0.0,0.20900610588972246,0.2001295721314764,0.0,0.20562702372263642,0.20667678517693647,0.21246114975891403,0.19974128825958654,0.0,0.0,0.0,0.0,0.19839552642958921,0.0,0.18956355771280453,0.0,0.0,0.0,0.22864323621910063,0.0,0.20023702419135903,0.0,0.0,0.0,0.0,0.20661522017311143,0.21597792883302613,0.0,0.0,0.0,0.20859773980912583,0.0,0.21038774246592934,0.0,0.22796788357152664,0.0,0.0,0.0,0.0,0.0,0.0,0.0,0.21383396453632642,0.0,0.0,0.20250535092961675,0.18215214536840063,0.0,0.0,0.23934689779414706,0.0,0.20907085350064766,0.0,0.20074264780712456,0.0,0.0,0.21152032811823054,0.1960659150468947,0.0,0.0,0.0
0.7305377062276934,0.6783484072043735,0.0,0.6880491766597246,0.0,0.0,0.0,0.0,0.0,0.0,0.6803620411476304,0.7251558132850353,0.0,0.0,0.0,0.0,0.0,0.6847427718666081,0.0,0.687355724522832,0.0,0.692457308311192,0.7125083486706951,0.7099842045959264,0.7020716316274882,0.0,0.0,0.0,0.7067707208445798,0.0,0.0,0.0,0.6961252209733464,0.6331116831613245,0.0,0.0,0.0,0.0,0.0,0.0,0.6975175590812894,0.0,0.0,0.0,0.0,0.0,0.0,0.7005249507209822,0.0,0.0,0.0,0.6673994867064561,0.6963753251456453,0.0,0.0,0.0,0.6639666059362693,0.0,0.0,0.0,0.6604485927670061,0.6758578913563491,0.0,0.0,0.675358699618557,0.0,0.6947831662596049,0.0,0.656914766273087,0.0,0.7026753979384723,0.6359948349905556,0.0,0.6802370683697352,0.0,0.0,0.0,0.6623292886782802,0.0,0.69687711481085,0.6729655583397696,0.6562373782881371,0.0,0.0,0.0,0.6987564196687438,0.6924124628538595,0.0,0.0,0.0,0.0,0.0,0.0,0.6717026014835168,0.0,0.0,0.0,0.0,0.0,0.0,0.717427633631797,0.0,0.0,0.0,0.0,0.6863016322192687,0.0,0.0,0.6857311696242608,0.0,0.7092753350988416,0.0,0.0,0.0,0.6604219697481142,0.0,0.6905760357087273,0.0,0.0,0.7134738371417295,0.6695858295297201,0.6812439404138617,0.6900258161545136,0.6929713284941748,0.0,0.0,0.0,0.0,0.696162005425948,0.6485142046891238,0.0,0.0,0.0,0.0,0.0,0.0,0.0,0.6609869654261371,0.0,0.0,0.0,0.667448832769131,0.7258987957980637,0.0,0.0,0.0,0.0,0.0,0.6654296252585231,0.0,0.0,0.0,0.0,0.6706209131026336,0.6710827210263421,0.0,0.7035823812902803,0.0,0.6989396411473289,0.7106499466195253,0.0,0.0,0.0,0.0,0.7213455292816581,0.0,0.0,0.7042036236603045,0.6817044974840363,0.0,0.0,0.0,0.0,0.719794647632796,0.6906073789158219,0.0,0.6958619956269632,0.6987417717432507,0.0,0.0,0.0,0.0,0.704921856621775,0.6875068129247001,0.6698925084545102,0.6627957419245757,0.0,0.6764272987617558,0.6689100948781358,0.0,0.0,0.0,0.687916888406934,0.0,0.0,0.0,0.0,0.7189193314326682,0.0,0.0,0.0,0.6895096110863543,0.0,0.0,0.0,0.0,0.673615380194614,0.0,0.0,0.7146215264875067,0.0,0.0,0.0,0.0,0.701091227253354,0.6524421207432398,0.0,0.6799281533276001,0.0,0.0,0.0,0.0,0.0,0.6944966661986458,0.0,0.0,0.6712481431008397,0.6819447696514459,0.0,0.0,0.6524701412019075,0.6644712302105915,0.0,0.7075255106463351,0.0,0.6827417466282051,0.0,0.6862351928066937,0.0,0.7115590464135911,0.0,0.6796013145487259,0.0,0.0,0.6981784163026704,0.0,0.0,0.0,0.0,0.0,0.0,0.0,0.7012613425851029,0.0,0.0,0.0,0.0,0.6606353385864913,0.7041884017829453,0.0,0.0,0.6936405993542624,0.0,0.0,0.0,0.0,0.0,0.0,0.0,0.0,0.6778082821577454,0.0,0.6490082773434616,0.0,0.0,0.0,0.0,0.0,0.0,0.7040724906229945,0.0,0.0,0.0,0.0,0.6847929563431477,0.0,0.0,0.0,0.0,0.6961589549114211,0.6742845276317068,0.674442084443027,0.0,0.6808331807800422,0.0,0.0,0.6619372432704098,0.0,0.7209335518298597,0.0,0.0,0.0,0.690191043651672,0.6915282695090035,0.0,0.0,0.0,0.6690338524889968,0.6851541258144431,0.6834074232292434,0.0,0.0,0.0,0.6955836689829535,0.0,0.6529856251636447,0.6952712933404775,0.0,0.6871386063899801,0.0,0.6732668576449882,0.0,0.0,0.0,0.0,0.0,0.6975860846022605,0.0,0.0,0.0,0.6944452315420266,0.715977611216523,0.6987460411761937,0.0,0.7022493799311805,0.0,0.0,0.0,0.0,0.6869169481791646,0.6975975241848176,0.0,0.0,0.6852339465268472,0.7123047454939618,0.0,0.6780001680441113,0.7061216300576693,0.0,0.7238919233706366,0.7090161904894456,0.0,0.0,0.0,0.6607543361267296,0.0,0.0,0.0,0.0,0.0,0.0,0.6801217305783428,0.6948219919559357,0.0,0.0,0.0,0.6804099559587992,0.6708112676129324,0.7120689182036092,0.7276736871244862,0.0,0.673466094976585,0.0,0.704810431787868,0.7008633086671728,0.0,0.0,0.6558164801345256,0.6716138594997138,0.7281223276649973,0.660686447218996,0.0,0.6751390417444693,0.0,0.0,0.6946849208054681,0.7011444767367894,0.0,0.0,0.0,0.0,0.0,0.0,0.0,0.6993329569424374,0.6964606154707448,0.0,0.6936068035419942,0.6857478369934308,0.6815149934028345,0.0,0.7128051727655673,0.0,0.0,0.0,0.6777330762597528,0.6967114736295718,0.0,0.696240764380355,0.0,0.0,0.0,0.0,0.0,0.6843896703731304,0.0,0.0,0.0,0.0,0.6785462887168857,0.6743552905384994,0.6593962688526971,0.0,0.7233647836004539,0.0,0.0,0.0,0.6649831732489102,0.0,0.0,0.0,0.0,0.6991169280034273,0.6815716998432807,0.0,0.6734744049866347,0.0,0.0,0.0,0.699379541132657,0.0,0.0,0.0,0.0,0.0,0.0,0.0,0.0,0.0,0.6915170703052533,0.0,0.0,0.6938640634822649,0.6848658930763055,0.0,0.0,0.690461075454604,0.0,0.0,0.6871140149378357,0.0,0.0,0.0,0.0,0.688260434978433,0.6830597371192237,0.644166678761931,0.0,0.6715914885360763,0.0,0.0,0.0,0.0,0.0,0.0,0.6857444116777299,0.6950470106260732,0.0,0.0,0.0,0.7074029000492139,0.0,0.0,0.0,0.0,0.0,0.0,0.0,0.0,0.0,0.6989137851119863,0.7311314624759703,0.6861783620102059,0.709472150506015,0.0,0.0,0.0,0.7078031490837003,0.6725072932551398,0.0,0.0,0.6769039527463804,0.0,0.6726136325697106,0.0,0.6805926335368755,0.0,0.0,0.66286983960842,0.0,0.6898363897837965,0.6853499339942686,0.0,0.696152035391201,0.0,0.0,0.6949909677823063,0.0,0.6980405229007078,0.7115105736016502,0.0,0.68676601452066,0.0,0.7152978553517777,0.0,0.0,0.0,0.0,0.0,0.6838638805472266,0.0,0.6745812274956182,0.0,0.0,0.0,0.0,0.6755547393142561,0.0,0.0,0.6989508818478174,0.0,0.6967049976852027,0.0,0.6622419846780213,0.6784146115356232,0.0,0.6948280285906989,0.7039287383196267,0.0,0.6909714384455347,0.6896862569580691,0.6908065017218163,0.6626216663601338,0.0,0.6890885376247886,0.0,0.6912284037431267,0.6733788229924811,0.0,0.0,0.0,0.0,0.720393736796676,0.6813634725638452,0.0,0.6949295874131364,0.0,0.6715481658531303,0.6654940298758115,0.0,0.0,0.0,0.0,0.0,0.0,0.6808415448706104,0.6917209850266701,0.68540010212277,0.6819434088046372,0.6731531393910577,0.0,0.0,0.0,0.0,0.0,0.0,0.0,0.0,0.0,0.7116992795486716,0.0,0.0,0.7073985770101894,0.0,0.0,0.0,0.0,0.0,0.6894651134765176,0.0,0.0,0.6919711938758382,0.0,0.6773998578626181,0.0,0.0,0.689360649119727,0.0,0.0,0.0,0.0,0.682653572145182,0.0,0.0,0.0,0.0,0.0,0.0,0.0,0.0,0.6765891705750153,0.0,0.0,0.0,0.6813401995945467,0.0,0.0,0.0,0.0,0.0,0.6785075085785097,0.6944911361765209,0.6917192806134853,0.0,0.0,0.0,0.0,0.6781214195528971,0.0,0.698501003393692,0.0,0.0,0.0,0.0,0.0,0.0,0.0,0.0,0.0,0.0,0.0,0.0,0.664027445212961,0.0,0.0,0.7014284559174796,0.0,0.0,0.7044362725487897,0.0,0.0,0.0,0.0,0.0,0.6962819973425666,0.0,0.0,0.6808979954696224,0.0,0.0,0.6729418511227705,0.6868440951410807,0.0,0.0,0.0,0.0,0.6553140290136009,0.689846161184918,0.0,0.6729271609206596,0.0,0.0,0.0,0.0,0.0,0.0,0.0,0.6564406485942469,0.646619582910135,0.0,0.0,0.0,0.0,0.0,0.6826641256063141,0.6534459687294013,0.0,0.7042064716726916,0.0,0.0,0.0,0.0,0.0,0.0,0.0,0.0,0.7125402315526129,0.6402516275731442,0.670411089397171,0.7128126143291227,0.0,0.0,0.0,0.0,0.0,0.6900968472568337,0.0,0.0,0.0,0.0,0.6943199044458108,0.0,0.6925288061742698,0.0,0.0,0.0,0.6801135888230218,0.0,0.0,0.0,0.710509982639219,0.691360059245719,0.0,0.0,0.0,0.6862716257826824,0.6967003608030914,0.0,0.0,0.7101235972360788,0.68037709417971,0.0,0.688425827388003,0.0,0.0,0.0,0.6868298389792367,0.7063205005612504,0.6723363189766944,0.6962190919579693,0.0,0.67597573200719,0.681947543417221,0.0,0.7045262357240334,0.0,0.683283964376337,0.0,0.0,0.6960003233844466,0.6922078867272701,0.0,0.0,0.6752094160769765,0.0,0.0,0.0,0.0,0.0,0.6680315500318118,0.0,0.7008646589045655,0.68431292871042,0.7025981509158372,0.6770086030089241,0.0,0.0,0.6728596797826223,0.6734604906235893,0.715951427049321,0.0,0.6896259081441589,0.0,0.0,0.0,0.6925565306935639,0.0,0.7061135061268212,0.710593844548317,0.0,0.6918320196297301,0.0,0.0,0.6948842420800707,0.0,0.6944296937607694,0.0,0.0,0.6661563788492654,0.0,0.6696577175258933,0.0,0.6589402656359425,0.0,0.0,0.7176447639524717,0.0,0.0,0.0,0.0,0.0,0.0,0.7113634540538626,0.0,0.6959073459831209,0.7243086499304703,0.0,0.6760687870386818,0.0,0.6828353914855859,0.0,0.0,0.0,0.0,0.0,0.0,0.7028360639439196,0.0,0.6766312282364111,0.70768819934045,0.0,0.7002104916374825,0.70878373882751,0.6981412440569128,0.6775500934446522,0.0,0.0,0.0,0.0,0.0,0.0,0.0,0.7103021892320088,0.0,0.0,0.6889670074960167,0.0,0.0,0.0,0.0,0.6850995974489437,0.0,0.6732064709666874,0.0,0.0,0.0,0.6873785605592474,0.6887475283772009,0.0,0.6506871924499964,0.7267938102194085,0.700819252313471,0.0,0.6802627365145255,0.697111517400261,0.0,0.0,0.0,0.0,0.0,0.0,0.0,0.0,0.0,0.0,0.6996769225347134,0.6969136032615267,0.0,0.7231187671440106,0.0,0.0,0.0,0.0,0.7190412577588919,0.6831701927481805,0.6766218801326686,0.0,0.0,0.0,0.0,0.7045890321545434,0.0,0.7101424438450548,0.0,0.6835637458401137,0.7217123492571842,0.7057364694591161,0.0,0.7011107536071393,0.0,0.0,0.0,0.0,0.0,0.6774481617458097,0.6820167200964735,0.0,0.6994293112223945,0.0,0.0,0.0,0.6387194787549025,0.6740568678708099,0.0,0.6561624161981681,0.0,0.0,0.714982180593809,0.0,0.0,0.0,0.6593619497271374,0.6965396821536124,0.0,0.0,0.6940976252663654,0.6422823004311576,0.0,0.0,0.6870043861578957,0.6631944864648792,0.0,0.0,0.0,0.6928529421535436,0.0,0.0,0.6840746227060199,0.7167577517603875,0.0,0.6660304241985501,0.0,0.6368046045764427,0.6974342304704407,0.0,0.6997928139124007,0.6949881388660191,0.0,0.6990491015971305,0.0,0.0,0.0,0.0,0.7016379751478814,0.0,0.0,0.0,0.7141586462936736,0.0,0.0,0.0,0.7130442391215535,0.0,0.0,0.0,0.0,0.0,0.0,0.6642491840869029,0.0,0.7000917196135681,0.6565166959064911,0.0,0.673341114394888,0.0,0.7006602619577771,0.0,0.0,0.0,0.0,0.6739515087004355,0.6454865450042552,0.0,0.0,0.6538773399872256,0.0,0.0,0.0,0.0,0.6828935537457029,0.6655133407381035,0.6926530328890017,0.0,0.7048065055818042,0.0,0.691295753795579,0.6942232356386563,0.0,0.0,0.0
0.0,0.0,0.0,0.0,0.0,0.0,0.0,0.04350428489855298,0.02377360478560139,0.0,0.0,0.0,0.0,0.021856414807624458,0.0,0.0,0.0,0.0,0.0,0.0,0.0,0.0,0.0,0.0,0.0,0.0,0.01491253347941852,0.0,0.0,0.0,0.015262436620298426,0.0,0.0,0.018564783115751708,0.0,0.0,0.0,0.03556627735331734,0.0,0.0,0.04213348341654175,0.032481441723904644,0.0,0.019754943545214503,0.0,0.0,0.045174840108788895,0.0,0.0,0.03227924253317979,0.0,0.0,0.04081464619701739,0.02912437068499053,0.0,0.0,0.04333128613225457,0.022157089754451218,0.0,0.0,0.025253466537250042,0.05618833248035055,0.0,0.0,0.01993479595073,0.0,0.02751173729161326,0.027373809826892064,0.0,0.07028698602067661,0.0,0.0026499947763210046,0.0,0.0,0.0,0.020478927906400875,0.0,0.048019261460777125,0.04545157542339365,0.01636033168702601,0.0,0.0,0.0,0.0,0.0,0.0,0.0,0.05284347924359964,0.027951788337564936,0.0,0.0,0.016992707329473045,0.017952552318272183,0.0,0.05195707662392097,0.0,0.0,0.0,0.0,0.0,0.03849444777702783,0.011872114003262539,0.0,0.03067060488499637,0.015027315684224456,0.07117395233001754,0.0,0.0,0.0,0.0,0.0,0.0,0.0371652973131027,0.0,0.03075096140321371,0.0,0.054708809927762184,0.0,0.0,0.0,0.023030524132936908,0.0,0.03326407295857687,0.020211852110347206,0.0,0.05268682873026761,0.0,0.02696402910837521,0.0,0.0,0.0,0.0570713726333093,0.0,0.0,0.0,0.0,0.0,0.030906517866172625,0.04091806309992465,0.032830252014813724,0.0,0.03091939322393561,0.03411622891564283,0.0,0.0,0.062221687129211986,0.0,0.027764232389489794,0.0,0.041332104387988726,0.0,0.04924492597953318,0.034706622920372306,0.0,0.058872982499273,0.0,0.03970037268958961,0.0,0.016708964646036786,0.04488181935552777,0.0,0.0,0.0,0.0010632281793726747,0.0,0.0,0.0,0.0,0.0467109092913684,0.0,0.0,0.0,0.0,0.0,0.0,0.0,0.03579650488178652,0.0317061453456591,0.0,0.0013309963127199845,0.054931664936466285,0.054511316980252716,0.0,0.0,0.06675792407423246,0.049515684640877945,0.0,0.0,0.0,0.0,0.0,0.0,0.0,0.0,0.0,0.0,0.0,0.0,0.0,0.03648984325233723,0.05354969293508965,0.07047345223213823,0.0,0.0,0.029907255820373943,0.0,0.0,0.010226710982882865,0.0,0.03442605010994247,0.0,0.0,0.07789244078708249,0.0,0.0,0.0,0.0,0.005037518003795657,0.0,0.0,0.0,0.0,0.0,0.0,0.0,0.059568639517411155,0.023218829415672392,0.0,0.060921733894701624,0.0,0.028645172527363278,0.0,0.0,0.01852238089006293,0.012369870659016673,0.03106722481931263,0.051864593763871716,0.0,0.02426912072817125,0.0,0.0,0.0,0.04270119371385355,0.0,0.0,0.0,0.0,0.0,0.0,0.0,0.061383493176216414,0.0,0.0,0.02834781083817594,0.06565753506354888,0.0,0.04693816658003409,0.035361112403782646,0.09774880893641531,0.06979254577911569,0.0,0.04300809643147885,0.0,0.0,0.0,0.0,0.0,0.0,0.04209355502589801,0.033679376481985775,0.0,0.0,0.06892524035313688,0.017423144246268944,0.0,0.03619392529577699,0.03848156854767876,0.03864731960285607,0.0,0.0,0.0,0.0,0.010928076454488754,0.0,0.0051664713305095865,0.0,0.0,0.0,0.02208789553545816,0.040668653738144926,0.0,0.0,0.0,0.028411783483533886,0.016931231075796953,0.0,0.0,0.06553455210472311,0.02691989826998613,0.018071281124266807,0.0,0.0,0.0,0.0,0.0,0.02964376860870128,0.0,0.06769530642973053,0.017811470950486345,0.0,0.0,0.07198852043786774,0.0,0.023020415449686485,0.0,0.06494649417674399,0.0,0.0,0.05540023100110095,0.0,0.0,0.0,0.0,0.0,0.04816259289013874,0.0,0.046293516891360145,0.0,0.0,0.0,0.048553803117117905,0.0,0.0455132036271332,0.019433740045229027,0.0,0.0,0.0,0.026164451110186428,0.0,0.0,0.0,0.0,0.0,0.05206789711331991,0.0,0.02326262602574558,0.0,0.0,0.0,0.06570993895220167,0.028485224472686827,0.0,0.0,0.0,0.0,0.0,0.0,0.06452491232676522,0.02404975328806506,0.0,0.0,0.05090220346877313,0.0,0.0,0.06116429626355006,0.0,0.019905150119598834,0.02365051744869631,0.0,0.0,0.0,0.03931735610839317,0.019639607495740598,0.05307584498693174,0.0,0.0,0.0,0.0,0.0,0.03235923709925686,0.0,0.0,0.04488337432972242,0.0,0.034586805152248504,0.035859392137959,0.03087186999133889,0.0,0.04758881468983063,0.0,0.0,0.024060099590310753,0.0,0.0,0.0,0.0,0.0,0.0,0.02393061452988325,0.04085622249534809,0.02968068104717542,0.04424652177255214,0.03226022815419006,0.0,0.0,0.0,0.0,0.030589148546086457,0.0,0.0,0.0,0.04187027789546941,0.0682274777506737,0.06388929589595647,0.0,0.0,0.0,0.0,0.0,0.028658966381142844,0.0,0.049949220917629426,0.0,0.0,0.0,0.04855485172247219,0.0,0.03668034807949843,0.0,0.0,0.0,0.0,0.0,0.06608406878023788,0.0,0.0,0.0,0.05478059658654097,0.0,0.0,0.0,0.037429098535163505,0.0,0.03984087097879186,0.0,0.0,0.023849244402498745,0.0,0.05965417492688146,0.0,0.04478933138177716,0.0,0.019422384256471345,0.0,0.0,0.0,0.0,0.0,0.0,0.0,0.01658016152197239,0.0,0.0,0.0,0.04594501630465368,0.0,0.0,0.036879904179050856,0.0,0.0,0.08115118317694743,0.029174792054225362,0.0,0.0,0.0,0.0,0.0,0.0,0.0,0.0,0.0,0.0,0.0,0.01079652030860882,0.0,0.01882061599837417,0.0,0.050172460379570905,0.0,0.0,0.0,0.04022870030601972,0.02542491546042607,0.0,0.06389196625720535,0.0,0.0,0.0,0.035389024958820486,0.04789794737937715,0.03350202697986955,0.0,0.0,0.0,0.0,0.0,0.05971591284872344,0.0,0.04242243941332055,0.05614486405372102,0.0,0.07259211113123484,0.0,0.0,0.0,0.0,0.0,0.0,0.01113466156608566,0.04965999809732219,0.0,0.050228606063781406,0.0,0.012192521871379211,0.0,0.0,0.062473502014396214,0.0,0.0,0.0,0.0,0.0,0.0,0.0,0.0,0.0,0.0,0.0,0.0,0.0,0.031804078916449804,0.053224722997085507,0.0,0.0,0.030335376807160957,0.0,0.005958639184092022,0.028863210421951994,0.0,0.0,0.0,0.0,0.02668862909622391,0.0,0.0,0.0,0.0,0.0,0.0,0.0,0.0,0.0443828819062875,0.0,0.04369268639753821,0.06768979651344414,0.0,0.0,0.044795902771408734,0.0,0.0,0.015072896070764822,0.0,0.0,0.0617077592724281,0.0,0.0,0.0,0.0,0.0553109580348428,0.0,0.0,0.056069882532894674,0.016408155096822846,0.0542068470692767,0.0,0.0,0.0,0.0,0.0,0.0,0.0,0.0,0.0,0.06658016316173544,0.0,0.0,0.05805518398105618,0.056125719207678296,0.0,0.0,0.06134726790958771,0.0,0.0413102952034356,0.02527782707951904,0.02272968156363178,0.0,0.015563234761833309,0.0,0.0,0.03573576960623011,0.0,0.0,0.0,0.045834529902151484,0.0,0.0,0.0,0.0,0.03971775502906966,0.0,0.015246489247744532,0.03918046000254622,0.0,0.0,0.028855756478537595,0.010842048741491838,0.0,0.0,0.029708779921545865,0.0,0.03206840587888916,0.06106521377208601,0.0,0.0,0.0,0.0,0.0,0.013962389345156269,0.0,0.031355259599528264,0.04562476872674379,0.0,0.0,0.0,0.004851784658886868,0.0,0.0,0.0,0.0,0.0,0.03359807302624133,0.03630627757109317,0.0,0.0,0.0,0.0,0.0,0.0,0.0,0.0,0.0,0.014847763171979278,0.0,0.0,0.03990398988965365,0.043598324391850525,0.0,0.05601211107215791,0.0,0.06966327589207588,0.058828822472608615,0.0,0.03123255454461074,0.0,0.0,0.0,0.03916406355600243,0.05133210987171128,0.0,0.0,0.0,0.0,0.04831114930171954,0.06273531905323672,0.0,0.0,0.01748391098358384,0.0,0.005703949239918882,0.0,0.0,0.02918389533733378,0.0,0.0,0.0,0.0,0.0,0.0,0.0,0.0,0.0,0.0,0.055420997618355436,0.034233548840196255,0.0,0.0,0.0,0.032735013153702065,0.030656213165508463,0.02804869159013092,0.0,0.0,0.030880129540436847,0.0,0.0,0.0,0.0,0.014979823416374506,0.0,0.0,0.0,0.0,0.03961069420421176,0.02513689879113512,0.026111178514790168,0.012728345893564773,0.0,0.049700308901982626,0.0,0.05953521888538489,0.06852974655582592,0.064117941528969,0.0,0.051272245022373285,0.0,0.0,0.0,0.0,0.0,0.0,0.0,0.0,0.02693239291406575,0.0,0.0,0.0,0.0,0.0,0.03524758524154959,0.0476683422521237,0.035408859565239495,0.0,0.04247345681692399,0.047701388054358536,0.0,0.0,0.05421380783368452,0.025671968298762848,0.0,0.05866617087399682,0.0,0.0,0.025310126679008078,0.0,0.0,0.05591495422829752,0.0,0.0,0.0,0.0,0.0,0.0,0.0,0.03128064704591893,0.0,0.0,0.0,0.03351859217505258,0.04336835022010311,0.03882125445751575,0.0,0.0,0.05252018768468286,0.0,0.06574869320192621,0.0,0.0,0.0,0.0,0.0,0.0,0.0,0.0,0.0,0.0,0.04272267143014334,0.0,0.05883173577874094,0.04895081324240155,0.056734429143462946,0.0,0.0,0.0,0.05181038801794993,0.0,0.0,0.03558792439753598,0.043244833497989875,0.0,0.0,0.0,0.0,0.0511107157571794,0.0,0.027551450396375382,0.0,0.055942912080716126,0.0,0.05907415972479109,0.0,0.0,0.0,0.0,0.0,0.0,0.0,0.0,0.05847647187292458,0.0,0.0,0.0,0.0,0.0,0.059108561203210716,0.0,0.019328619675586564,0.0,0.056583434978333694,0.06318069866905145,0.03496519216477429,0.0,0.0,0.0,0.0,0.0,0.0,0.0,0.0,0.037275350204306494,0.0,0.06369014922875459,0.04396058099557523,0.056649208113930344,0.0,0.0,0.021286391482753336,0.0,0.0,0.0,0.0,0.0212673530117062,0.0,0.0,0.0,0.037209944321833985,0.010113973542068926,0.0,0.0,0.023897917404538022,0.05682784925646184,0.0,0.0,0.0,0.0,0.0,0.019997958973410477,0.0,0.0,0.0,0.01055933701112959,0.0,0.06695465163364155,0.0,0.024422833364884194,0.0,0.012503241799099566,0.0,0.0,0.0,0.03279099916377651,0.07618826651096029,0.0,0.0,0.0,0.03764513900226354,0.050406662315897625,0.0,0.06951664966937673,0.0,0.03622785414459067,0.0,0.0,0.0,0.0,0.0,0.027973661058487222,0.0,0.0,0.0,0.0,0.0,0.0,0.02234013450097086,0.050937253883451425,0.04275949468919723,0.0,0.0,0.008157831013520942,0.0,0.0,0.0,0.0,0.0,0.0,0.0,0.012097873367939752,0.019507604131167745,0.04155476103552436,0.0,0.0,0.0,0.0,0.027335351385270382,0.0,0.06100990368915729,0.034021055341276626,0.03150408675996744,0.017052897877348476,0.0,0.06068359047794518,0.0,0.07087831345814996,0.01752808576762337,0.0,0.05299247145413634,0.029651183555399602,0.0375196522245855,0.0,0.012312681952727776,0.0,0.06024576080860704,0.02864777203948402,0.03979699247351774,0.043649260039239746,0.0,0.0,0.03758722557497255,0.046079878135463805,0.0,0.0,0.0,0.042626875381548045,0.0,0.0,0.0,0.0,0.0,0.028454155540902522,0.0,0.0,0.0,0.048842365101658854,0.0692647171297548,0.0638483604739019,0.0,0.0,0.0,0.0,0.03151951988626746,0.061004281325392144,0.0,0.017268305097759132,0.0,0.0,0.0,0.0,0.059899938080566366,0.0,0.05218526345205929,0.03641141758193989,0.0,0.0,0.027130994126164935,0.0,0.014469117791025183,0.0,0.03925032121993835,0.0,0.0,0.0
0.0,0.17746803791409838,0.1515254773805681,0.18973181483988658,0.0,0.2143690190802202,0.0,0.0,0.0,0.0,0.16423960054494657,0.17036714304814707,0.0,0.0,0.19750923588271851,0.2254556887680151,0.0,0.0,0.0,0.0,0.22379920308955684,0.0,0.0,0.0,0.0,0.0,0.0,0.0,0.17027792458391758,0.2016163499651106,0.0,0.18138237894694662,0.0,0.19910275832526358,0.0,0.0,0.0,0.19629668322545138,0.0,0.0,0.0,0.0,0.20359543781373396,0.19712338307297156,0.0,0.0,0.0,0.0,0.19020693301244224,0.0,0.0,0.2171447275321572,0.17853739469108712,0.0,0.21369467253167249,0.0,0.0,0.0,0.0,0.17838201223018213,0.18263273312643735,0.0,0.0,0.0,0.17676748358785066,0.0,0.17491830944312511,0.23293505142425353,0.0,0.12457517248646555,0.0,0.2486901827445025,0.0,0.0,0.0,0.0,0.18712750045242998,0.18804210266958846,0.0,0.0,0.0,0.17859435213158062,0.0,0.0,0.0,0.0,0.18212784360851628,0.15441084484673906,0.18909556786534312,0.0,0.0,0.18157948431922377,0.1870138769992386,0.0,0.20548200765771643,0.0,0.0,0.16258012257414664,0.0,0.0,0.2109066867640623,0.0,0.18009597359454718,0.20406909577796567,0.21035295693677142,0.0,0.0,0.0,0.18187369356836144,0.0,0.0,0.0,0.1779276074605772,0.0,0.2120955264538413,0.0,0.1683994891379001,0.0,0.0,0.0,0.19474003327748676,0.16070071235979613,0.0,0.0,0.18584707151059507,0.21064925598972542,0.0,0.21608978266635073,0.22296078562198685,0.0,0.194195437518373,0.19522604352688122,0.0,0.1778792040854267,0.20660729061724964,0.0,0.0,0.18743962555984667,0.0,0.19083744542314068,0.0,0.2139820773692405,0.15287804924962373,0.0,0.0,0.0,0.21311189121057486,0.21203401838221753,0.0,0.18917129719474754,0.18266376288074082,0.0,0.0,0.0,0.0,0.2165565720027962,0.0,0.0,0.2055337493408029,0.154802074005535,0.0,0.0,0.0,0.0,0.0,0.0,0.0,0.17347387251325172,0.0,0.20588895138163796,0.0,0.0,0.0,0.0,0.2018615098000326,0.18684166460921225,0.0,0.2090050113295884,0.17779689630898018,0.0,0.0,0.0,0.0,0.21391565760660103,0.0,0.0,0.0,0.0,0.0,0.0,0.0,0.1850280168351385,0.19787752855536894,0.20903210194441227,0.0,0.19749120731596326,0.19921270236902966,0.0,0.0,0.20601493128626072,0.17002029130740354,0.0,0.2017542702232615,0.0,0.0,0.0,0.0,0.0,0.0,0.18901061226137617,0.20065248760962642,0.0,0.1811405100284678,0.0,0.2034643677336267,0.0,0.0,0.0,0.0,0.0,0.0,0.0,0.0,0.0,0.0,0.1841995372356648,0.0,0.0,0.17511461427177755,0.17309084195117322,0.1988981431122636,0.0,0.0,0.0,0.0,0.18053819989210057,0.0,0.0,0.16845642550955145,0.0,0.13956454078157093,0.0,0.0,0.0,0.22593318531036352,0.0,0.0,0.0,0.0,0.0,0.0,0.0,0.19957103080641822,0.1948437941017993,0.0,0.16826699798999814,0.0,0.1884153464734172,0.0,0.0,0.0,0.0,0.0,0.24229075785407145,0.0,0.0,0.0,0.0,0.0,0.0,0.0,0.0,0.0,0.0,0.0,0.0,0.0,0.0,0.18167764686021734,0.19185066715720617,0.0,0.0,0.0,0.0,0.0,0.0,0.0,0.1776013207128593,0.0,0.1766132820810595,0.1503673053908417,0.0,0.0,0.20044749960829739,0.0,0.0,0.15727023859583145,0.0,0.0,0.18143145409034728,0.0,0.0,0.0,0.22423470798524905,0.0,0.16586572372086106,0.0,0.18192699993508218,0.0,0.0,0.0,0.0,0.20093212921926504,0.0,0.192324699394859,0.2154848125562855,0.0,0.23257325692257894,0.21059504370562,0.0,0.0,0.0,0.0,0.0,0.0,0.18720666572977512,0.0,0.0,0.0,0.0,0.0,0.0,0.0,0.0,0.0,0.0,0.17716872609358383,0.0,0.0,0.0,0.0,0.0,0.0,0.18680416687967483,0.18694807280139153,0.0,0.0,0.0,0.2104841983443033,0.0,0.0,0.0,0.0,0.0,0.0,0.0,0.0,0.17543663665636006,0.21376495754161473,0.0,0.0,0.0,0.18827917281307627,0.0,0.17600306792424095,0.19659446761336988,0.0,0.0,0.18096333977616186,0.0,0.1444734371333981,0.0,0.0,0.0,0.17039935025462657,0.0,0.0,0.0,0.0,0.0,0.0,0.17519421605125074,0.0,0.0,0.0,0.0,0.1986428180566617,0.0,0.1668993225970876,0.0,0.0,0.0,0.0,0.0,0.0,0.17815824725194357,0.0,0.0,0.22598002032762193,0.17178554910978006,0.0,0.1783157060898798,0.17484075816570813,0.0,0.19776493996106925,0.0,0.0,0.0,0.0,0.0,0.0,0.0,0.0,0.16647259456334676,0.18971411072414093,0.0,0.0,0.0,0.0,0.0,0.0,0.1598938186564852,0.0,0.0,0.2110642447056372,0.0,0.0,0.16333807012859766,0.0,0.0,0.15543933161485857,0.0,0.0,0.18424960598278675,0.20108325562903318,0.20571656484275325,0.0,0.15721300020945347,0.17157597743383068,0.17133798030488598,0.0,0.19119624431725288,0.0,0.0,0.20427880542666882,0.0,0.19830995214723726,0.0,0.16601673320850177,0.0,0.2239210773009202,0.0,0.0,0.0,0.0,0.20386319694146776,0.17655659773559085,0.0,0.0,0.0,0.0,0.0,0.18308176509787794,0.0,0.0,0.2046396984868576,0.0,0.0,0.0,0.19179171211383575,0.0,0.0,0.21238800991121953,0.0,0.0,0.0,0.0,0.0,0.0,0.0,0.0,0.0,0.0,0.0,0.0,0.0,0.0,0.0,0.1632085710788902,0.2075571764431303,0.0,0.0,0.0,0.0,0.0,0.0,0.0,0.0,0.17934803065007715,0.18556436550481087,0.0,0.0,0.0,0.1855677101290385,0.1896415543546927,0.19141113211985916,0.0,0.19519403706724747,0.19025773552777728,0.0,0.15852345028494425,0.0,0.0,0.0,0.0,0.0,0.0,0.0,0.0,0.20488327274571103,0.0,0.0,0.0,0.0,0.0,0.0,0.0,0.0,0.0,0.0,0.0,0.0,0.0,0.0,0.0,0.0,0.0,0.0,0.18204948526411222,0.1844369623303721,0.0,0.2128561082381058,0.0,0.163114975707014,0.0,0.0,0.0,0.16742635156452446,0.0,0.0,0.17733186601990222,0.0,0.16855657382429157,0.0,0.23644181927863306,0.0,0.19465305208164516,0.0,0.19000721042643606,0.0,0.0,0.21550806857386606,0.18224628736943396,0.21235559581198968,0.0,0.17990460536767355,0.0,0.17610470566503655,0.18826586421548205,0.0,0.0,0.0,0.21134775325561725,0.20519100350598937,0.0,0.21314085701567062,0.0,0.17022908384614194,0.18049313720204446,0.15984177732322843,0.0,0.19991819625266108,0.0,0.0,0.0,0.0,0.19447551902145094,0.20200945125042008,0.0,0.180520429127793,0.0,0.0,0.15624248568893268,0.0,0.0,0.0,0.0,0.16619254071103204,0.0,0.0,0.22282686139473593,0.0,0.18796431848798034,0.0,0.0,0.0,0.179782337216836,0.2192178347642312,0.0,0.0,0.0,0.20447107949643858,0.0,0.0,0.0,0.2087574345399491,0.0,0.0,0.0,0.19827708944847577,0.1802768336586226,0.17824716837466864,0.0,0.18715402063970377,0.16236326411989055,0.22255437300729888,0.0,0.0,0.21520235079371713,0.0,0.0,0.0,0.2056308357745511,0.2240539964018487,0.0,0.17966325514420017,0.1820014179291331,0.0,0.0,0.0,0.19062072401458063,0.0,0.0,0.0,0.2281904203699906,0.18983371763288517,0.0,0.0,0.22690270990039121,0.0,0.157973578934077,0.15094669816673412,0.19796685015750398,0.0,0.2172760854378291,0.14394188211024933,0.0,0.17974894888187284,0.0,0.0,0.0,0.20267270142549867,0.0,0.0,0.15358372383489194,0.18821318765273146,0.0,0.1903380002182605,0.15487142867571896,0.19838332093670907,0.1776101742458449,0.18873323803239606,0.20452746094685137,0.0,0.0,0.19135989939887002,0.0,0.0,0.0,0.17295108742137658,0.17032388246848507,0.0,0.19905097021221735,0.15047897078607939,0.0,0.20092244523688033,0.0,0.0,0.20572608628045755,0.0,0.0,0.0,0.0,0.21843410483477269,0.0,0.0,0.0,0.0,0.0,0.14210267217808767,0.0,0.0,0.0,0.0,0.22928441680741019,0.0,0.0,0.0,0.0,0.0,0.0,0.19854887654688907,0.2019467760733849,0.0,0.23467548115922396,0.0,0.0,0.0,0.0,0.0,0.18016069577012755,0.0,0.1624542384848514,0.18215746329210136,0.0,0.0,0.15768051012846448,0.17851627816175644,0.21135715500583582,0.0,0.0,0.1529982109779826,0.0,0.18162239060263288,0.0,0.23168033181457473,0.0,0.1921806474002296,0.19054124055216715,0.23667743236578195,0.0,0.19815260489525066,0.19152312397384627,0.2072056037746703,0.0,0.0,0.0,0.20151261841184026,0.0,0.1785235324060337,0.189630266987175,0.19159279917685443,0.16045561277902334,0.17897283329969477,0.17769128453499003,0.0,0.17966890434248664,0.20500957980009105,0.0,0.19643261797978617,0.18072295248231804,0.0,0.0,0.0,0.0,0.19191368920136975,0.18789705252503022,0.0,0.0,0.0,0.22897146503082735,0.0,0.0,0.0,0.0,0.20116536152694522,0.0,0.0,0.0,0.21622109605756182,0.0,0.1812247956344604,0.1654226901688448,0.14867229587244607,0.0,0.0,0.0,0.0,0.0,0.0,0.16320395252046915,0.1603520963510017,0.0,0.18465376955670462,0.0,0.1737406391550401,0.0,0.15525957610078991,0.0,0.17170858371790543,0.0,0.24187247428842337,0.184321052533764,0.0,0.0,0.0,0.0,0.0,0.0,0.0,0.0,0.21504634632704625,0.18404519478773582,0.18179771303729353,0.24328092373841212,0.0,0.0,0.0,0.0,0.0,0.20568289262629205,0.0,0.0,0.20592569686684095,0.0,0.19135727760549837,0.0,0.0,0.209181951707741,0.19032373531926755,0.1912930378454188,0.0,0.0,0.0,0.14786858238187706,0.20632206689295302,0.0,0.0,0.16616585487811789,0.19736264451207727,0.0,0.0,0.0,0.0,0.0,0.0,0.20028478170761208,0.0,0.20723851148567485,0.0,0.18681462801985182,0.0,0.0,0.0,0.2183824219524219,0.2077552635467322,0.21500825098176793,0.19914156886646103,0.0,0.0,0.20795745770502064,0.208862167982303,0.16449662909301335,0.0,0.0,0.0,0.0,0.20073732446504836,0.0,0.0,0.1751663946278988,0.17588086605876962,0.0,0.0,0.1907787815968776,0.0,0.16979643209488232,0.0,0.0,0.0,0.0,0.0,0.0,0.19577208465331,0.0,0.0,0.0,0.0,0.0,0.0,0.16781388358590926,0.0,0.22121756419864136,0.0,0.18862888403861194,0.17756307910081495,0.15311061831303116,0.18962196286481606,0.0,0.20407788956202133,0.1813460964509322,0.2274174350042232,0.0,0.19798988871811413,0.15047448175499986,0.0,0.0,0.0,0.0,0.0,0.0,0.18682385051348915,0.19722425289140863,0.19459181613026258,0.0,0.0,0.22226060521771204,0.0,0.18758446958385358,0.0,0.0,0.0,0.21600850836133711,0.0,0.1742411094002798,0.0,0.0,0.20257272990126743,0.0,0.19229825197893058,0.0,0.0,0.0,0.17123672926518163,0.0,0.1808575953270572,0.0,0.0,0.20001325938145562,0.0,0.0,0.21274412967126946,0.0,0.0,0.16581289757033976,0.1435501580506174,0.0,0.0,0.0,0.0,0.19004310124831808,0.0,0.0,0.15402254903312565,0.0,0.0,0.20145810264066807,0.21431983164845153,0.0,0.20642768989572038,0.0,0.15781580471733694,0.1312201229897951,0.0,0.1891416566917294,0.0,0.0,0.0,0.0,0.0,0.0,0.14974461466342023,0.17301147942516054,0.0,0.0,0.24020045378835758,0.0,0.0,0.0,0.0,0.17993118787392487,0.19916931977643285,0.0,0.0,0.0,0.17064278021543822,0.19042984332997048,0.22385088190293317,0.18871705152282953,0.0,0.0,0.0,0.0,0.19187025848199812,0.0,0.18843476130014328,0.16661777157343563,0.0,0.0,0.0
0.0,0.5487893293091907,0.0,0.5801892999809213,0.0,0.0,0.5428896217119037,0.0,0.0,0.0,0.6088674209600705,0.5467158790804698,0.0,0.0,0.5821999160242473,0.5735499677724528,0.0,0.5576268393608453,0.0,0.6039254447311903,0.0,0.0,0.5735571533999267,0.0,0.0,0.0,0.0,0.0,0.5455127382475656,0.0,0.0,0.5488187747412784,0.5545089531020914,0.0,0.0,0.5607443596567712,0.0,0.0,0.0,0.0,0.0,0.0,0.5676940837224375,0.5462541296346223,0.0,0.0,0.5654926683897121,0.5504696092816375,0.0,0.0,0.5730578800498725,0.0,0.0,0.0,0.5398221668241431,0.5456624523163396,0.0,0.5570832689560963,0.0,0.0,0.0,0.5638992425917418,0.544252386760438,0.5936442242237129,0.0,0.0,0.5705358353528202,0.0,0.0,0.5996540888359309,0.0,0.0,0.0,0.5735593309322001,0.0,0.539704059081822,0.0,0.58239634241069,0.0,0.0,0.0,0.6001892660193273,0.0,0.0,0.5561853725252249,0.0,0.0,0.5423248799038751,0.5446412745960517,0.0,0.0,0.0,0.0,0.0,0.5562334795238348,0.0,0.0,0.5480467644412977,0.0,0.0,0.5629730243607981,0.0,0.5456979887258857,0.5611751195756776,0.0,0.5804103911924359,0.5328890560614644,0.0,0.0,0.0,0.5591929497672377,0.0,0.0,0.0,0.0,0.0,0.0,0.0,0.5365915724637216,0.0,0.0,0.0,0.0,0.5351688679263769,0.0,0.5841005492642648,0.0,0.0,0.0,0.0,0.0,0.5618272977701587,0.0,0.0,0.5551547471970111,0.0,0.0,0.5718513629443014,0.5684158717632197,0.5310606485211161,0.0,0.0,0.577218569610366,0.0,0.0,0.5519245386471223,0.0,0.0,0.0,0.0,0.0,0.5394505910361446,0.0,0.0,0.0,0.5901443920365004,0.0,0.0,0.0,0.5807568627745179,0.0,0.0,0.0,0.0,0.5485100426958991,0.5798421114918831,0.0,0.5321501859094725,0.0,0.0,0.0,0.0,0.5551856051596897,0.0,0.5677269497653435,0.565328208663636,0.0,0.0,0.0,0.0,0.0,0.0,0.0,0.0,0.5638757150459502,0.5870523673202875,0.0,0.5617808466921098,0.5788368988734044,0.0,0.0,0.0,0.0,0.0,0.0,0.0,0.0,0.0,0.0,0.0,0.5749427988746928,0.5769007538452768,0.0,0.0,0.0,0.0,0.0,0.0,0.0,0.0,0.0,0.0,0.5815882829235187,0.0,0.5870787711191567,0.0,0.0,0.5677345630538938,0.5412640044181111,0.5759392513562961,0.5259535030808336,0.0,0.0,0.0,0.0,0.5953332255363457,0.0,0.5332853948897558,0.5704350166061158,0.0,0.5355212236517082,0.5904706715169628,0.0,0.0,0.0,0.5854810931742793,0.5722154566081255,0.0,0.0,0.0,0.0,0.0,0.0,0.0,0.0,0.0,0.0,0.0,0.5477088494567889,0.0,0.0,0.0,0.0,0.0,0.5901593881828954,0.5588098012826468,0.0,0.5976490478586836,0.5333815936261089,0.5649975161886399,0.5535114579574564,0.5614881947260413,0.5892964603353793,0.0,0.0,0.5582070524675448,0.0,0.0,0.5741650406942773,0.0,0.5803756097286294,0.5370129800400614,0.0,0.5596882360887829,0.0,0.0,0.5401552609532666,0.5513673209976488,0.5490499865604719,0.5578874245119682,0.0,0.0,0.0,0.0,0.0,0.5400595558694361,0.5656705111260804,0.0,0.0,0.0,0.5700671693558232,0.0,0.0,0.5579260908732359,0.0,0.5612077714265814,0.5730880078881949,0.5521147372769477,0.5699834749822734,0.0,0.0,0.0,0.0,0.5604168875034854,0.0,0.0,0.0,0.5717149073916858,0.0,0.0,0.0,0.5860395666123481,0.0,0.0,0.0,0.5485452690536693,0.5485380432723487,0.0,0.0,0.0,0.0,0.0,0.0,0.0,0.0,0.0,0.5659962678470909,0.576664985870473,0.0,0.0,0.0,0.0,0.577138877075007,0.5627350729799601,0.5558525143096403,0.0,0.5595486916246025,0.0,0.55008518638155,0.0,0.5524012897514824,0.5442562161402614,0.0,0.5520572536742622,0.5642045363974825,0.0,0.5702675679086632,0.0,0.0,0.0,0.5671914891748189,0.0,0.0,0.0,0.0,0.0,0.0,0.5402396467489489,0.5521514155310874,0.0,0.0,0.0,0.5513816443943721,0.5691351209398811,0.5433299827365807,0.0,0.0,0.0,0.0,0.0,0.5673282515566104,0.5411427975535441,0.5305873871681961,0.5990164638632585,0.5733591324723218,0.0,0.0,0.0,0.0,0.545960304824728,0.5901055378042968,0.5870960836108301,0.5668857423246851,0.0,0.0,0.5403076617813684,0.0,0.0,0.0,0.5576438789345787,0.0,0.0,0.0,0.0,0.0,0.0,0.0,0.5618109137156061,0.5450747879889255,0.5688549669618261,0.0,0.0,0.5557855174446793,0.0,0.0,0.5708351076517195,0.5841532960769215,0.0,0.0,0.5480770450107353,0.0,0.0,0.5421307722962103,0.5668600181680219,0.561634914966868,0.5746612847171073,0.5575509708292454,0.0,0.0,0.0,0.0,0.5859827502455818,0.0,0.0,0.0,0.0,0.0,0.0,0.0,0.5477661009229327,0.5780172879630731,0.5749269137847346,0.5633523864474131,0.5383152053651418,0.0,0.0,0.0,0.0,0.0,0.5698379721261108,0.5554409990400442,0.5543749346110657,0.0,0.562736247709216,0.0,0.0,0.0,0.0,0.5811021678408439,0.0,0.5408282968319045,0.5501236555044482,0.0,0.0,0.5469507559923166,0.5847340062531665,0.0,0.0,0.0,0.5744792431157767,0.0,0.0,0.5565368428155641,0.0,0.0,0.5552539867503783,0.0,0.0,0.574902869118644,0.0,0.0,0.5760306311215249,0.5574514302629601,0.559122760859021,0.0,0.0,0.548170619745317,0.0,0.0,0.5887228621306554,0.0,0.0,0.0,0.0,0.5577970412328603,0.0,0.0,0.5359528841727937,0.0,0.5349173925840679,0.5593382302320364,0.5523184813326614,0.0,0.0,0.0,0.0,0.5513869626675539,0.0,0.60121757433971,0.0,0.0,0.0,0.0,0.5398419734145798,0.0,0.5634562710606624,0.5323619785239927,0.5357064090620222,0.0,0.5438718180765862,0.0,0.5408369545832737,0.0,0.0,0.0,0.0,0.0,0.5823938486715938,0.0,0.5441339576531776,0.0,0.5734405151950537,0.5415669064361561,0.0,0.0,0.0,0.5693262764097744,0.0,0.0,0.597907794500989,0.0,0.0,0.5489963826816764,0.0,0.0,0.0,0.0,0.5634954713566517,0.0,0.5695713779637673,0.0,0.5664311347896465,0.0,0.0,0.0,0.0,0.0,0.6011969143383806,0.5567740967056932,0.0,0.0,0.0,0.568005723702239,0.0,0.5736453404138728,0.0,0.5803060378753631,0.0,0.0,0.0,0.5752237417086072,0.0,0.0,0.0,0.5815215355889946,0.5763010187707883,0.0,0.0,0.5820740124039049,0.0,0.0,0.0,0.0,0.0,0.0,0.5777681010958904,0.0,0.5532676214079361,0.5772967186329094,0.5926759437349929,0.0,0.5859694170171322,0.5306999555006229,0.0,0.0,0.0,0.0,0.0,0.0,0.5414170628728665,0.0,0.0,0.0,0.568795586856613,0.5499764246409493,0.0,0.0,0.5722998841101746,0.5808612728049496,0.0,0.569405592497325,0.0,0.0,0.567413880659238,0.0,0.0,0.0,0.5790393167791721,0.0,0.5564912795600248,0.0,0.5539746112608221,0.0,0.5384236952272315,0.0,0.5689411658561603,0.5420351474073607,0.0,0.0,0.5554196401352839,0.5629869114041332,0.0,0.0,0.5693028742345719,0.0,0.0,0.0,0.0,0.0,0.0,0.0,0.5415419656229719,0.5718988982471425,0.5420819477213356,0.0,0.0,0.5756800687036562,0.0,0.5530790329708731,0.5384295821703361,0.5712005582139968,0.0,0.0,0.5756521475959757,0.0,0.5958065275286932,0.0,0.5369004148768975,0.5590788391308077,0.5429399627898424,0.0,0.0,0.0,0.0,0.0,0.5688063806569027,0.0,0.0,0.0,0.0,0.5404291390708016,0.0,0.5671126911636651,0.0,0.5757538501212377,0.0,0.5499780100839486,0.0,0.0,0.5588800380951725,0.0,0.0,0.5580619695067134,0.0,0.0,0.5233796017034787,0.0,0.5768286052395815,0.0,0.5633879202989234,0.0,0.0,0.5768809048882654,0.5527247566401899,0.0,0.5440483632977837,0.5114115850042276,0.5733590516027196,0.0,0.5437498810172445,0.0,0.0,0.0,0.0,0.0,0.0,0.5451682821695697,0.0,0.5437873130168472,0.5761785720134712,0.0,0.5158598888006969,0.0,0.0,0.5555476572584834,0.0,0.5357720230069167,0.0,0.0,0.0,0.0,0.547021126968985,0.0,0.0,0.0,0.5353039831465768,0.0,0.0,0.0,0.0,0.0,0.5404024215112879,0.0,0.0,0.0,0.5429819587522698,0.5853982157197011,0.561987936486556,0.0,0.5273975984286002,0.5503322252256901,0.5844523024468534,0.0,0.0,0.0,0.5470646062191796,0.0,0.0,0.0,0.555099729065934,0.0,0.0,0.0,0.0,0.0,0.0,0.5463773499267114,0.5337857215474028,0.5452731163332712,0.5944245914010413,0.0,0.0,0.5765211201236108,0.0,0.0,0.0,0.0,0.0,0.0,0.5472076086252137,0.0,0.5546588054631642,0.0,0.5666263782564398,0.0,0.5675920079809074,0.0,0.0,0.0,0.0,0.549776234954746,0.0,0.0,0.0,0.6027393182712871,0.5319414113670323,0.5343801710990749,0.0,0.5865915934914863,0.0,0.5447519662113441,0.5954060959883161,0.542093730913424,0.0,0.0,0.0,0.0,0.0,0.0,0.0,0.0,0.0,0.524104811352303,0.0,0.5371888870829687,0.0,0.5739833025062101,0.5742173587374887,0.0,0.5712848809007675,0.5797514295594755,0.5321764693575587,0.5594025754868226,0.5201205587689021,0.0,0.0,0.0,0.0,0.0,0.0,0.0,0.0,0.5948457266456447,0.5554808008194865,0.0,0.0,0.0,0.5787644508079586,0.0,0.0,0.0,0.0,0.0,0.5749790097729588,0.0,0.0,0.0,0.0,0.0,0.5807414041805733,0.0,0.0,0.0,0.5911374787444124,0.0,0.0,0.0,0.543579330382503,0.5701046768110695,0.0,0.5346048438425038,0.0,0.0,0.0,0.0,0.5659014433619677,0.5348864646583177,0.0,0.577270867040899,0.0,0.5824494883052891,0.5705794017330524,0.5816403239909628,0.0,0.0,0.0,0.0,0.5391653658266921,0.0,0.5957129394303828,0.5523603212904095,0.5806773411034741,0.0,0.0,0.0,0.0,0.0,0.0,0.540062260729978,0.0,0.0,0.5560782730528242,0.0,0.0,0.0,0.0,0.0,0.0,0.5660102822452411,0.0,0.0,0.0,0.0,0.5783158617098568,0.5576594564693035,0.0,0.0,0.0,0.0,0.0,0.0,0.0,0.0,0.0,0.5572391504592189,0.5891235737334034,0.0,0.5444878812667033,0.5651456324938309,0.0,0.5728091031617578,0.5469562895271018,0.5457104024901173,0.0,0.5960531103082355,0.0,0.0,0.0,0.0,0.0,0.0,0.5526385390721593,0.5684944934794556,0.0,0.0,0.0,0.560864893074952,0.0,0.0,0.0,0.0,0.0,0.5685646399783845,0.0,0.0,0.0,0.0,0.0,0.0,0.5321224455719314,0.0,0.5408395148727988,0.0,0.0,0.5775673894182082,0.5695277331794687,0.0,0.0,0.5539458872079613,0.5608176907955665,0.0,0.5661691177573968,0.0,0.558725734504301,0.0,0.0,0.0,0.0,0.5664237584804093,0.0,0.5567455580858507,0.5736904662674563,0.0,0.0,0.0,0.0,0.0,0.5687751231043593,0.0,0.5836623885374982,0.0,0.0,0.5407053266140145,0.0,0.5821322697676875,0.0,0.5248343117196298,0.0,0.0,0.0,0.0,0.0,0.5634665931266585,0.0,0.0,0.5597693263072328,0.0,0.5519593915731351,0.0,0.564121688077147,0.0,0.0,0.0,0.0,0.0,0.5402372140104459,0.0,0.0,0.0,0.5327865841527919,0.0,0.0,0.552099032205446,0.5517404891257155,0.0,0.0,0.5467475290879219,0.0,0.0,0.0
0.0,0.21215329837478092,0.2350840494605763,0.0,0.0,0.0,0.0,0.2311653910358764,0.187559339396837,0.20700502292457917,0.2054363627053237,0.0,0.16589408911219944,0.0,0.20834239614144945,0.0,0.0,0.0,0.21218760253532223,0.21497664706999858,0.0,0.0,0.0,0.20441884087813916,0.0,0.0,0.0,0.0,0.2214445990127416,0.20820065344262773,0.0,0.22953555371174492,0.0,0.18976306955047206,0.0,0.0,0.0,0.2160986472738621,0.19689601488644207,0.0,0.0,0.0,0.21083034080492208,0.24045049700513987,0.0,0.0,0.0,0.2216303233860586,0.0,0.0,0.20219590603487422,0.0,0.20137520797030892,0.0,0.23234307739182802,0.0,0.21465207408254558,0.0,0.2045388636875845,0.0,0.0,0.0,0.0,0.0,0.17352248001100515,0.0,0.0,0.0,0.0,0.2043023411925566,0.0,0.0,0.1959821976726463,0.2050971010561018,0.0,0.0,0.0,0.22412588382454843,0.0,0.0,0.0,0.18005298620964,0.0,0.0,0.0,0.0,0.16224969963533578,0.0,0.22881550003622722,0.19559796640454696,0.0,0.0,0.0,0.21271369500829668,0.0,0.0,0.0,0.1571152266159756,0.0,0.22221174755202877,0.0,0.0,0.2088696809807367,0.17468027115256052,0.18397989559880748,0.0,0.0,0.0,0.18988825318384933,0.0,0.0,0.0,0.2173908242802789,0.0,0.1797897035161841,0.0,0.0,0.0,0.0,0.0,0.22216534344138378,0.0,0.2014010580965284,0.23261362966786478,0.0,0.20091784252703573,0.0,0.17722972407848145,0.2120583248602527,0.0,0.0,0.1918987538336849,0.18871704814551096,0.0,0.0,0.0,0.0,0.2571071319049066,0.21010617305707505,0.0,0.0,0.0,0.0,0.0,0.0,0.0,0.0,0.0,0.19965025085750793,0.1824387651510301,0.0,0.0,0.1891661390738803,0.20349574207956464,0.0,0.0,0.1976677609881085,0.0,0.0,0.18853529908449293,0.0,0.0,0.0,0.0,0.0,0.185947426467837,0.20483557349543832,0.20093426743511605,0.2201944747870616,0.0,0.0,0.0,0.0,0.0,0.1818036275829482,0.0,0.0,0.0,0.2191586589769369,0.19958487219213883,0.20967722711881165,0.19430789099011017,0.0,0.1930420135033353,0.208804471619325,0.0,0.17775478781465043,0.0,0.16757540753666259,0.0,0.2250750173789966,0.0,0.1761858442151377,0.0,0.0,0.2296105212781353,0.0,0.20674334115779028,0.0,0.0,0.0,0.0,0.0,0.0,0.0,0.0,0.1878671102556052,0.18995248697332967,0.22279888264194117,0.0,0.0,0.0,0.0,0.0,0.2286987942034115,0.22609409415903245,0.0,0.0,0.0,0.0,0.0,0.0,0.22511248065229433,0.0,0.0,0.0,0.17734718474570352,0.0,0.21562788909615868,0.23653263257911203,0.23168936965640755,0.2052983916326636,0.0,0.0,0.0,0.17569208977599646,0.0,0.23682361005654792,0.0,0.0,0.16633550060194113,0.0,0.0,0.0,0.0,0.0,0.0,0.0,0.0,0.0,0.0,0.0,0.0,0.18164592804751212,0.0,0.2133462238436321,0.0,0.0,0.22184647709065813,0.20455247749609048,0.0,0.21134391083728585,0.0,0.0,0.0,0.0,0.0,0.0,0.0,0.0,0.0,0.0,0.0,0.19134968575460806,0.0,0.0,0.0,0.0,0.22520745634374578,0.0,0.0,0.0,0.20831231992958651,0.0,0.18019455231226253,0.0,0.0,0.0,0.0,0.22717130863086205,0.21672876169773314,0.2018994919419665,0.23799953493428622,0.0,0.0,0.0,0.0,0.0,0.15821120816265263,0.0,0.0,0.0,0.2176389173246074,0.0,0.0,0.0,0.0,0.20673343855664053,0.0,0.19660443691615237,0.0,0.22968842064559047,0.0,0.0,0.0,0.22662647107619768,0.1986155848661862,0.0,0.20786599396197036,0.0,0.0,0.0,0.0,0.0,0.2302163016194048,0.0,0.2154417339462222,0.0,0.18982697937519338,0.0,0.1747621534509259,0.0,0.18765265925815236,0.0,0.21875318893554185,0.0,0.0,0.20105544591646485,0.0,0.22399457658496214,0.20416534768399142,0.0,0.0,0.212952512356549,0.0,0.22103214994672943,0.18733409440635923,0.0,0.0,0.0,0.22100080723334875,0.0,0.0,0.16073147970219465,0.0,0.0,0.0,0.2331340470518752,0.24561372827173475,0.0,0.0,0.21429633673616016,0.0,0.0,0.17972697782457353,0.0,0.22981112234749468,0.2334403121926936,0.18304756885394205,0.0,0.19955964981912921,0.19313660463023025,0.21926846374893247,0.0,0.16775538832976689,0.0,0.0,0.0,0.2122522148596002,0.0,0.20180516328814163,0.0,0.0,0.0,0.0,0.19926180108458724,0.0,0.0,0.2254313689665953,0.0,0.0,0.0,0.0,0.0,0.2175231042466943,0.0,0.0,0.0,0.0,0.0,0.24372779840573697,0.18484311591163563,0.18317633395057226,0.0,0.0,0.0,0.0,0.0,0.21792979041041782,0.17804194665290873,0.0,0.0,0.21465873876926742,0.21644991691229706,0.0,0.23288242661706857,0.20546056677882144,0.0,0.0,0.21088387231306327,0.0,0.24743158592169487,0.0,0.0,0.0,0.18047048231440158,0.0,0.2167125757560997,0.0,0.0,0.20158955928476555,0.0,0.0,0.22863671528715418,0.0,0.0,0.0,0.2280203003769555,0.211373450069816,0.19527408106611124,0.0,0.20062491509282898,0.0,0.2205331912714026,0.0,0.0,0.0,0.0,0.0,0.0,0.0,0.0,0.21198220688614075,0.0,0.0,0.0,0.0,0.18871996207055117,0.2011038158202937,0.0,0.0,0.0,0.0,0.18139648726133362,0.21797980500162387,0.0,0.20277050437355415,0.0,0.19564547211645172,0.0,0.0,0.16122524971898283,0.0,0.0,0.0,0.20060194286556657,0.2186282296107214,0.0,0.0,0.18737772189541455,0.1997360159433446,0.0,0.0,0.0,0.0,0.0,0.0,0.21815076048648122,0.0,0.0,0.23826457021696362,0.0,0.0,0.0,0.21726336978028934,0.0,0.21343960872434214,0.0,0.19638530991151207,0.0,0.20427339479086204,0.0,0.0,0.0,0.0,0.0,0.0,0.19513167688309851,0.0,0.0,0.0,0.20580906817381822,0.0,0.0,0.0,0.0,0.0,0.1493270093387674,0.0,0.0,0.0,0.0,0.0,0.0,0.20559458980460393,0.0,0.0,0.0,0.0,0.0,0.0,0.20914141972561548,0.21251852698686674,0.0,0.0,0.21963554932178636,0.0,0.0,0.0,0.17634247753858104,0.0,0.1929503308188737,0.0,0.18966820696234907,0.0,0.0,0.0,0.0,0.0,0.0,0.19078371561902252,0.0,0.19201185684377856,0.0,0.17443329812070515,0.0,0.0,0.0,0.1864622561555544,0.0,0.0,0.0,0.0,0.22266784351199898,0.19549100149157145,0.0,0.0,0.1958208096801242,0.18091410859530047,0.0,0.0,0.0,0.1981405759570915,0.0,0.0,0.0,0.0,0.19171181566645848,0.0,0.1986176690617805,0.0,0.21879284602823396,0.0,0.1873077075010442,0.0,0.2096702171786913,0.2268982582142169,0.0,0.19849011111803874,0.0,0.21261668091277564,0.0,0.2001968682337771,0.0,0.0,0.0,0.20565475906410122,0.1716763511106731,0.18926776742195509,0.2471891380999661,0.0,0.0,0.1810501697329733,0.0,0.0,0.0,0.22343199278623627,0.17501628418904575,0.20370837802323213,0.0,0.20129730760442316,0.16790353553928328,0.0,0.0,0.24172239973744658,0.2236152585237365,0.0,0.0,0.0,0.21944184583240878,0.22111858552708388,0.2213855650062704,0.20636382345014148,0.0,0.0,0.0,0.0,0.21054961607358658,0.2384178652734198,0.20510410649352923,0.20045744406445934,0.0,0.0,0.0,0.0,0.2100162923215325,0.20897064955082528,0.21879183132853938,0.0,0.21663874385732726,0.0,0.20384454681538758,0.0,0.18965749468086832,0.0,0.21405515843069656,0.0,0.0,0.184617063465408,0.0,0.0,0.19412059201656737,0.0,0.22087409680012804,0.0,0.23086984123243748,0.20600487621461064,0.0,0.0,0.0,0.0,0.0,0.0,0.0,0.2081469763974338,0.2199076514080915,0.0,0.1768052570606914,0.2102796794905973,0.0,0.21635870405684227,0.1971948190493205,0.2278618682355594,0.0,0.0,0.0,0.0,0.20984986325471197,0.0,0.17469791446029462,0.2216217901714228,0.0,0.2512993127904671,0.21085055468899502,0.0,0.20691334208369125,0.0,0.21641669301376992,0.0,0.0,0.19875811718547698,0.19752616069710127,0.0,0.0,0.0,0.18969661417878433,0.0,0.0,0.0,0.0,0.0,0.0,0.1629924992690783,0.20750667182567126,0.0,0.0,0.2034889430392097,0.22656623905288306,0.21610511025233778,0.0,0.0,0.0,0.0,0.0,0.0,0.0,0.0,0.0,0.22198762278013887,0.0,0.18560610149249823,0.23124035488166764,0.21319591520129164,0.0,0.0,0.0,0.18690746320901258,0.0,0.0,0.0,0.0,0.21442018023741627,0.0,0.20490237281289048,0.2330641879401204,0.0,0.1936322626656955,0.0,0.18739113952923098,0.0,0.0,0.21340909459086424,0.0,0.20825674619254006,0.0,0.0,0.21922697012152725,0.0,0.0,0.2061203265133346,0.19394298685672504,0.16980675649936852,0.0,0.0,0.0,0.0,0.22071225508387776,0.0,0.0,0.0,0.0,0.0,0.0,0.0,0.0,0.21328412987666612,0.0,0.0,0.0,0.0,0.20574118142214434,0.0,0.0,0.1717137155786655,0.0,0.0,0.0,0.0,0.20130009903136278,0.19552239708521282,0.0,0.0,0.21806312191034374,0.0,0.0,0.0,0.0,0.0,0.20587659732444358,0.0,0.19018364844350036,0.18674544689757497,0.0,0.19956657627049962,0.2001780972114452,0.17646804137404365,0.0,0.0,0.20587373026384617,0.0,0.20340814688609296,0.2173330402318213,0.0,0.0,0.0,0.0,0.0,0.21341310931177337,0.0,0.0,0.0,0.0,0.1749484281240789,0.0,0.0,0.0,0.19260278329440056,0.0,0.0,0.20538560121581245,0.0,0.0,0.0,0.0,0.0,0.20818617087636343,0.0,0.1533736722662708,0.0,0.0,0.0,0.18335716886125,0.0,0.2165214948857428,0.23033178429209888,0.0,0.0,0.0,0.18941321615203072,0.22507735177830038,0.22072317005084618,0.0,0.0,0.0,0.0,0.2074026532308762,0.0,0.0,0.0,0.0,0.1940572179134694,0.0,0.2172673054890298,0.0,0.20934828739465108,0.19912272374958068,0.15897329331585064,0.2300017582160849,0.0,0.0,0.20791556542460446,0.24082496038604223,0.0,0.19969971728176072,0.0,0.0,0.0,0.0,0.2368299880140647,0.22143118020235888,0.0,0.0,0.0,0.0,0.0,0.0,0.0,0.0,0.0,0.0,0.20797960893704345,0.0,0.0,0.17729851321690207,0.0,0.0,0.0,0.0,0.0,0.23564512038995022,0.0,0.0,0.0,0.0,0.0,0.0,0.2125861754733,0.23719256472773292,0.0,0.0,0.0,0.20216055235632457,0.0,0.0,0.19432821563611877,0.21849528688830527,0.21231880315510604,0.0,0.0,0.0,0.0,0.0,0.2016059559599221,0.0,0.19663781929799873,0.0,0.2085405514699729,0.0,0.0,0.0,0.0,0.0,0.18025716984100984,0.0,0.0,0.0,0.21422762302641224,0.0,0.0,0.2265777421770585,0.0,0.23847566332499817,0.19492964478767133,0.0,0.2171816235701794,0.0,0.22285275840522098,0.0,0.0,0.22366940851999587,0.0,0.0,0.18870612381800747,0.0,0.0,0.2184578384450927,0.19700874182446554,0.0,0.21189611156495883,0.0,0.21407668853508421,0.0,0.0,0.0,0.2179760847613701,0.0,0.21313756034606743,0.19140397942992413,0.0,0.2332319209329554,0.0,0.18505415301529254,0.20885153021414657,0.0,0.18135591352715366,0.0,0.0,0.0,0.0,0.0,0.0,0.17080966484764,0.0,0.0,0.0,0.0,0.0,0.0,0.0,0.0,0.1924200856267939,0.0,0.0,0.21811008368959703,0.21603090925475474,0.19848970546953143,0.0,0.0,0.0,0.0,0.2208949792682886,0.0,0.0,0.0,0.0,0.0,0.20785151239911967,0.0,0.22653098788075335,0.0
0.0,0.0,0.0,0.7024489116659657,0.0,0.7119233875776854,0.0,0.0,0.745309655913598,0.0,0.739096506438909,0.0,0.69575561456958,0.0,0.7133678955846205,0.7232713323044516,0.0,0.0,0.0,0.7409927150546536,0.7185830377438172,0.0,0.0,0.0,0.0,0.0,0.0,0.0,0.7780954774255748,0.0,0.0,0.0,0.0,0.734591299065067,0.6993117184596569,0.0,0.0,0.7469184653384052,0.0,0.0,0.0,0.7336243343870189,0.0,0.0,0.0,0.0,0.7265265819411169,0.7362421468510356,0.7765554491062187,0.7158596105101449,0.7484446801123184,0.0,0.693910850704862,0.7278565792813989,0.0,0.0,0.0,0.0,0.0,0.0,0.0,0.738651785524495,0.7474823829276831,0.7307742552596145,0.716661602389443,0.0,0.7237340587992458,0.0,0.7087524037221331,0.7322957698260857,0.0,0.0,0.727757946507475,0.7185488503054775,0.0,0.0,0.7004122518003548,0.0,0.7087838690591379,0.7058998371994065,0.0,0.7191335231369511,0.0,0.0,0.0,0.0,0.7493798995456807,0.711477138548742,0.0,0.0,0.7228050605687266,0.0,0.7129852929324458,0.0,0.6966498452756399,0.725526413030775,0.0,0.7214003194651433,0.0,0.0,0.7257174893816069,0.0,0.0,0.7151716319191447,0.7074831595075535,0.7432418280931908,0.7516794477038495,0.0,0.0,0.713614469662322,0.7497067993145021,0.7110512716030981,0.0,0.0,0.7293902566758383,0.0,0.7056713547511136,0.0,0.0,0.7295492785968006,0.728306277692396,0.7050629756462796,0.0,0.0,0.0,0.7476080726234235,0.0,0.7030598385544174,0.0,0.7324033510479591,0.0,0.0,0.0,0.7485580337142846,0.7502406967515396,0.0,0.0,0.0,0.7088432044842246,0.7196489576242115,0.0,0.0,0.7367435577632933,0.0,0.7027467553207414,0.0,0.0,0.7149630285882543,0.0,0.7529620391301916,0.0,0.0,0.7170536736120704,0.0,0.0,0.7368169205754265,0.7224701231023524,0.0,0.7441996640829401,0.7368012782555821,0.0,0.0,0.0,0.0,0.0,0.0,0.0,0.0,0.0,0.0,0.0,0.0,0.0,0.0,0.7348021692850101,0.0,0.0,0.0,0.0,0.7341891433833782,0.7007022368920209,0.0,0.74065828176844,0.7488424601318793,0.7291739076665811,0.0,0.7035632645194972,0.0,0.7461942051873383,0.0,0.0,0.0,0.7556000438323172,0.0,0.0,0.7502601007613788,0.7021355837112527,0.7009473045928476,0.0,0.0,0.7012552949680148,0.7461364677702196,0.0,0.0,0.0,0.0,0.0,0.7211485907015256,0.0,0.0,0.0,0.0,0.7524993973718265,0.0,0.7251690171728973,0.7395602630896382,0.0,0.722187701791653,0.0,0.0,0.0,0.0,0.0,0.0,0.0,0.7137860540803229,0.7245991756089153,0.0,0.0,0.0,0.0,0.739504056175603,0.0,0.0,0.0,0.7400444195258374,0.7011134957974254,0.0,0.0,0.7289023019426972,0.0,0.0,0.7398837728191267,0.0,0.7186187489755059,0.0,0.0,0.0,0.0,0.0,0.0,0.0,0.0,0.7300072481025086,0.0,0.7268293080534443,0.0,0.7231009480880821,0.7551260574314577,0.7172496293244356,0.0,0.0,0.7279988741928272,0.6992652186081042,0.0,0.6998330804769404,0.0,0.0,0.7163386588049729,0.0,0.7263293575724239,0.0,0.0,0.7142104046095774,0.0,0.0,0.7181936329136124,0.0,0.0,0.0,0.0,0.0,0.0,0.0,0.7352999803999855,0.7375804592701406,0.7029977386453216,0.6849709501446848,0.7098837125815389,0.7441700319714705,0.0,0.7141118381401838,0.0,0.0,0.709594424500016,0.7209612741583268,0.0,0.7267703461966623,0.7117983304578549,0.7096500340445837,0.0,0.7060303995028074,0.0,0.7134399132225724,0.7498451423749755,0.7592251830527341,0.7149300344397007,0.0,0.7394349198157527,0.724272997987308,0.0,0.7138683217276434,0.0,0.0,0.6989310077492448,0.0,0.0,0.0,0.7421596715323208,0.0,0.7423966967592834,0.0,0.7091831971440464,0.0,0.0,0.0,0.0,0.0,0.0,0.0,0.0,0.0,0.7537915282943795,0.0,0.7054462678835162,0.0,0.7263215445828917,0.0,0.0,0.0,0.7694028942650425,0.7467711133682399,0.0,0.0,0.7477421775395054,0.0,0.7400216559796416,0.0,0.0,0.0,0.7525534738735435,0.0,0.0,0.7080736790745242,0.7058316741148748,0.0,0.0,0.7406555582627524,0.0,0.0,0.0,0.0,0.0,0.6826417933906118,0.7288973022548267,0.7074368672013157,0.0,0.7281432864592674,0.724437441709268,0.7182027188950731,0.724592461985125,0.7451311090515129,0.0,0.7176748222558569,0.7270935489087639,0.0,0.0,0.7274571295166337,0.0,0.0,0.6910225575879779,0.7414959682482264,0.0,0.0,0.7084131352573623,0.7169788833506716,0.0,0.0,0.7315460221617295,0.0,0.0,0.0,0.7323540217263985,0.0,0.7209416974638913,0.0,0.0,0.0,0.7711344637247759,0.7444696485754873,0.0,0.7230410384787497,0.0,0.0,0.7080414610141463,0.7509655246504262,0.0,0.0,0.0,0.7682230849639512,0.7464861366990947,0.7316508204510045,0.0,0.0,0.7681681114963489,0.7574743660237349,0.0,0.0,0.706046135916342,0.7302841146455025,0.7534968973422783,0.0,0.6967837552397297,0.0,0.7191976931156785,0.7283598185222916,0.0,0.7355373455106756,0.0,0.0,0.7192528900844883,0.7362659221410558,0.6963880858762502,0.0,0.7299642279159535,0.0,0.0,0.713970728914492,0.0,0.7402088955995547,0.0,0.7321408264156866,0.0,0.0,0.0,0.0,0.0,0.0,0.7111261194033346,0.0,0.0,0.0,0.7374084771007605,0.7086384266102522,0.0,0.6954654702367785,0.0,0.7047264329769374,0.7373991895163491,0.73655154878375,0.0,0.0,0.0,0.6946027247438333,0.0,0.7442134909314333,0.0,0.0,0.7202707531307337,0.7447632346323597,0.0,0.7230713823568604,0.7122684211334002,0.0,0.0,0.7400272860124605,0.7576621503662169,0.7225743048702844,0.0,0.7216144514488345,0.752174407882939,0.0,0.0,0.0,0.0,0.0,0.0,0.0,0.0,0.0,0.0,0.735044687280641,0.70300636927245,0.0,0.0,0.0,0.7351436512209952,0.0,0.7396354179972262,0.7276139792501258,0.7240128821214643,0.7354155640017436,0.0,0.0,0.0,0.0,0.0,0.0,0.0,0.724519785033425,0.7401876029778404,0.7276943818975649,0.7182301560840159,0.0,0.0,0.7029904428084659,0.0,0.7340763364723547,0.0,0.0,0.0,0.7469289274147257,0.0,0.0,0.0,0.0,0.7041275651505831,0.0,0.0,0.709030558226874,0.7170817424860689,0.7507005763092452,0.0,0.0,0.7171121213380882,0.0,0.0,0.7179041907472341,0.0,0.7423540628427969,0.0,0.7349993597434381,0.0,0.0,0.7213034500281116,0.0,0.7197515171923734,0.7224528547962874,0.7279986244225377,0.0,0.0,0.0,0.0,0.0,0.7366138087080094,0.0,0.7162600601961244,0.0,0.7330599653498161,0.7152280064103417,0.0,0.7213291895746945,0.0,0.0,0.7298498156106232,0.7145915120856039,0.0,0.0,0.0,0.0,0.0,0.0,0.7148949171186665,0.0,0.0,0.7332430403593786,0.0,0.751709209611128,0.0,0.0,0.707694244047641,0.7175943746962967,0.0,0.7160162896967247,0.7194074928882337,0.0,0.738030627286253,0.7011406976752929,0.0,0.0,0.0,0.0,0.7595051573259689,0.7433650478032297,0.0,0.0,0.7249717252031983,0.7207244148550698,0.7428850363279053,0.0,0.7013877681104788,0.6979779776879921,0.0,0.0,0.7504755106166655,0.0,0.0,0.7393371552902442,0.0,0.0,0.0,0.7489836274284176,0.0,0.736494928517441,0.7493512342838327,0.0,0.0,0.0,0.7134759267252461,0.0,0.0,0.0,0.0,0.7245453138659567,0.7337482891008744,0.7030272064351635,0.0,0.6973598065876502,0.0,0.0,0.7320910159167893,0.7591259319522701,0.7191224614403551,0.0,0.0,0.0,0.0,0.0,0.0,0.0,0.7084642325160945,0.0,0.0,0.7081828163834606,0.0,0.7167800978262295,0.0,0.0,0.0,0.7136907852885729,0.7389275403395865,0.7274603435612345,0.0,0.7621024455157779,0.0,0.0,0.0,0.6969720438595245,0.0,0.0,0.0,0.0,0.6963008289223401,0.0,0.7315430754655872,0.0,0.7192079339695844,0.7072901960318274,0.0,0.7344459813082763,0.0,0.7160253174436316,0.7539065035964531,0.0,0.0,0.0,0.7060729310631062,0.7518717110777852,0.0,0.0,0.7000071337483155,0.0,0.0,0.7310381874249926,0.7109016835853111,0.0,0.0,0.0,0.0,0.0,0.0,0.0,0.0,0.7043791406315538,0.0,0.743886583681451,0.0,0.0,0.0,0.7435055710794776,0.0,0.0,0.7023635388083022,0.0,0.0,0.0,0.0,0.0,0.0,0.0,0.7182487971737487,0.0,0.0,0.0,0.0,0.7480768712970698,0.0,0.0,0.0,0.0,0.7421593289598586,0.0,0.0,0.0,0.0,0.0,0.7238443181632921,0.7192878937756013,0.0,0.0,0.7025294031732149,0.0,0.0,0.7287598597107241,0.0,0.0,0.0,0.0,0.7198697455559167,0.7278688481651827,0.0,0.6927357851209923,0.7083426878571942,0.7395408857052529,0.0,0.0,0.0,0.0,0.0,0.7389408060186732,0.7379631491631116,0.7165798968913295,0.7759736845612024,0.6923006907275145,0.0,0.0,0.7238729259443891,0.0,0.7503328716844276,0.0,0.7454798662037804,0.0,0.0,0.7419792691662701,0.0,0.7321058823263367,0.7087213328819141,0.7400288984045574,0.0,0.7199581741729425,0.0,0.0,0.0,0.0,0.7156180565517802,0.0,0.0,0.0,0.0,0.7515672331739176,0.0,0.7601426602993351,0.0,0.7093129320746375,0.7305509363500109,0.0,0.7376107314183575,0.0,0.0,0.0,0.0,0.7615711230786736,0.0,0.0,0.0,0.7402582946998877,0.70883021064804,0.7240316180422655,0.7405618050550222,0.7293803784667277,0.7480924573065002,0.7500072670502538,0.0,0.0,0.7144311719508688,0.0,0.713921795425929,0.0,0.0,0.7134788246079617,0.0,0.0,0.7378380173448612,0.0,0.0,0.0,0.7114604737227266,0.0,0.0,0.0,0.0,0.0,0.0,0.7414898088467616,0.0,0.0,0.0,0.7192637205032935,0.0,0.697227911890474,0.7541557509901675,0.7442339313502098,0.7487557335332822,0.7225719137012921,0.7482548867530283,0.7274216717989924,0.0,0.0,0.7180132177018033,0.712165289615379,0.0,0.7089997519764963,0.0,0.7245779943554057,0.0,0.0,0.0,0.7336551497595543,0.7234963819087854,0.0,0.7262327872600712,0.741578449418748,0.7152122644738165,0.0,0.0,0.7231554288099985,0.702067201770404,0.0,0.0,0.7396185283678057,0.0,0.7305342296703615,0.7183502232188201,0.0,0.0,0.0,0.0,0.0,0.0,0.7131879683399499,0.0,0.0,0.0,0.0,0.0,0.7347172123960176,0.0,0.7098013045662452,0.7369069528548643,0.0,0.705353874581258,0.7098185315800856,0.0,0.7097145952673349,0.0,0.7455160003208997,0.0,0.0,0.7156376493274897,0.0,0.0,0.0,0.7544216122373232,0.0,0.0,0.7178854346970648,0.0,0.0,0.0,0.7040888218066194,0.0,0.0,0.0,0.0,0.7151992285101338,0.6998937208299169,0.0,0.0,0.0,0.0,0.0,0.0,0.7318750875778901,0.0,0.7371896802901401,0.0,0.0,0.6988049503622425,0.7091767494095039,0.0,0.0,0.7278746436192092,0.7063641889212896,0.7233860349462635,0.0,0.0,0.0,0.7468439960705373,0.0,0.7684074253985363,0.0,0.0,0.753781589405523,0.0,0.0,0.0,0.0,0.7167583933815009,0.0,0.7228249694099161,0.0,0.0,0.0,0.0,0.0,0.0,0.0,0.0,0.74970905095423,0.0,0.0,0.0,0.0,0.0,0.0,0.0,0.7283382805347862,0.752926587334764,0.0,0.0,0.0,0.7533667697338988,0.0,0.0,0.6812704407196245,0.0,0.0,0.0,0.0,0.0,0.0,0.7257842890709412,0.7457969984034807,0.7192900367973318,0.0,0.0,0.0,0.0,0.0,0.708757904673193,0.7239509680759859,0.7436387772095012,0.0,0.7484893278639152,0.7307192606542806,0.0,0.6795200387409901,0.0,0.0,0.740050327001425,0.0,0.7345522344251812,0.0,0.0,0.0,0.0,0.0,0.0,0.0,0.7299374016670059
0.013680817383892858,0.0,0.0,0.00016556319208241223,0.0,0.0,0.0002656530117066036,0.0003855388969260065,0.02212292235028125,0.0,0.0,0.015805147119221836,0.0005614903655409228,0.0,0.0004525964817980328,0.0,0.013553285719739457,0.021260887087610213,0.0,0.0,0.0,0.0,0.0,0.0,0.0,0.0,0.0,0.0,0.023529054396596964,0.020107571201638367,0.0,0.0,0.0,0.029279577929095267,0.0,0.0,0.0,0.03246787134033558,0.0,0.0,0.000333904676064152,0.0,0.010197498071148253,0.0,0.0,0.0,0.00041895975208006543,0.015216446518009736,0.014304207002190705,0.00013733641173453747,0.0,0.0,0.0,0.0,0.0,0.00048204712222342207,0.0,0.0,0.0,0.0,0.0,0.006511014872281837,0.0036158119830610198,0.0,0.0,0.0,0.0,0.0,0.0,0.021122441824175785,0.0,0.0,0.0,0.0,0.0,0.0,0.020734358190376546,0.022653002924121528,0.0,0.0,0.0,0.0,0.01906528785415781,0.0020457491175988026,0.006219255911868952,0.0,0.009903375091034842,0.00037945243479339493,0.008976201964935707,0.0,0.01392088670020238,0.0,0.0,0.0,0.00027851417175707427,0.0,0.0,0.0,0.0,0.0,0.0,0.0002898133128468836,0.00016482893073402566,0.0005298829039116263,0.0,0.023089864288327856,0.010308099633010732,0.0,0.0,0.0,0.0,0.0,0.0,0.0,0.028830967657184462,0.0,0.0,0.0,0.0,0.010632264297653788,0.015337588149998516,0.0,0.0,0.0,0.0,0.0,0.0,0.0,0.0,0.0,0.0,0.001718410000178102,0.0,0.0,0.016694987851185943,0.0,3.6026837307811956e-5,0.0,0.031999312334270134,0.0,0.0,0.0,0.0,0.0,0.010803017061473807,0.0,0.0,0.0,0.025593229494994322,0.0,0.0,0.004905440639801176,0.0,0.018597205283525396,0.0,0.0,0.039056873647917247,0.0,0.014049030246191987,0.0,0.0,0.0,0.0,0.002301590222195242,0.027943569030869846,0.02120051770320878,0.0,0.0261320398440167,0.0,0.009830848808264592,0.024577200022346837,0.0,0.0,0.0,0.0,0.0,0.0,0.006644088754106606,0.007160799061692347,0.0,0.0,0.0204894202964978,0.0030276729894454916,0.009567303730056518,0.0,0.0,0.0,0.022610042459543428,0.0261920780796194,0.0,0.0,0.0,0.0,0.0,0.003547480839688358,0.0,0.04134201199469471,0.0,0.0,0.043228844335526206,0.00040187622397730015,0.02553549414952099,0.01878465187116524,0.0,0.0,0.0532508182610915,0.012468297172980468,0.0,0.006258750093533122,0.01990838740177752,0.0,0.0027213092886488703,0.018486712436873515,0.0,0.0,0.0,0.0,0.0,0.016838783766251433,0.0,0.004402549345163568,0.0,0.0,0.001466054972978582,0.021859479799415386,0.024956276336322837,0.0,0.02099833787558582,0.0,0.0,0.0,0.019196283004834815,0.0,0.0,0.0,0.02113302666609259,0.00817814941375288,0.0,0.004618088055637677,0.0,0.0,0.022266273954847024,0.0,0.0,0.0,0.0,0.0,6.662462972886749e-5,0.012068001085045747,0.0,0.0,0.0,0.0,0.0,0.0,0.02467282776411953,0.0,0.03203082664423729,0.0072575337993237045,0.01139972283246556,0.0,0.0,0.0,0.005690718766233987,0.0,0.015906700943057357,0.0,0.0,0.0,0.0,0.0,0.0,0.004992738241319559,0.0,0.048004135158468644,0.0,0.0,0.0,0.0,0.0,0.0,0.0,0.012291384418591832,0.0,0.0,0.00018785638167474414,0.0,0.0,0.0,0.0,0.018294842094702855,0.0,0.0,0.00904479424575623,0.0,0.0,0.0,0.012173268018604261,0.0,0.0,0.0,0.0,0.0,0.00044159868108842266,0.0,0.02441664092081234,0.016599236589672328,0.02724110897801049,0.0,0.0011842855601516063,0.0,0.0,0.0,0.019828951034581325,0.0,0.0,0.0,0.0,0.0173511351651076,0.0,0.0,0.030923604116436597,0.0,0.0,0.0,0.0,0.0071009222778126045,0.03541137672468929,0.024939190513592287,0.0,0.0,0.0,0.0,0.0,0.029583395167165072,0.0,0.0,0.0,0.025101988976902294,0.03890830187483987,0.0325848706351936,0.023918915003826337,0.0,0.0,0.0,0.0,0.0,0.00040679705517049895,0.0,0.0001815149576689091,0.0,0.0,0.0,0.024477933447582097,0.0,0.0012984658665074885,0.0,0.0,0.0,0.0,0.0,0.0,0.0,0.02429261021216364,0.010783755007352106,0.0,0.0,0.00030229467036451514,0.032769929271336665,0.03193366864597447,0.0,0.0,0.0,0.009340289039423804,0.003861409228614033,0.0,0.0,0.0032153960551989324,0.0002485277244558186,0.01818534245689214,0.0,0.0,0.03632672488243262,0.0,0.018527337694334352,0.0,0.026827275987901432,0.0,0.0072853667934692345,0.0,0.0,0.016356138573390806,0.0,0.0,0.015102534005855244,0.0,0.0,0.0,0.02894287848455622,0.0,0.0,0.0,0.030285736916813622,0.0,0.0,0.0,0.03527616202888488,0.0,0.0,0.012936509316060905,0.0,0.0,0.0,0.0,0.0,0.0,0.026275935479877794,0.024027866594441127,0.0,0.0,0.0,0.0,0.0,0.0,0.0,0.0,0.0,0.0,0.0,0.028209736052678812,0.0,0.0,0.026711277881421105,0.0,0.0,0.0,0.0,0.0,0.0,0.0,0.0,0.0,0.0,0.00034662720235313166,0.0,0.0,0.0,0.0,0.025846065317699375,0.0,7.775558399228254e-5,0.0,0.0,0.0,0.0,0.0,0.029827253472406053,0.0,0.0,0.0,0.033791959285940656,0.0,0.0,0.0,0.011887798211956707,0.0,0.0,0.017398996677209944,0.02498304614619297,0.0,0.0,0.018735948897266968,0.0,0.04548603712854125,0.0,0.0,0.026719927545764587,0.0,0.0007235508611933051,0.009029183904037787,0.0,0.0,0.0,0.0,0.00041321316905701443,0.0,0.0,0.015287638714025081,0.0,0.0,0.0,0.03191263931581768,0.015084802595484947,0.0,0.0,0.0,0.0,0.0,0.014757676465579963,0.0,0.0,0.0001585067920626902,0.0,0.004123926194096557,0.014621392756743684,0.0,0.0,2.1021892009850178e-5,0.0,0.0,0.020582574690436062,0.0,0.003187265649820746,0.0,0.0,0.03533900832222308,0.0,0.0,0.0,0.0,0.0,0.024444903616876228,0.0,0.0,0.0,0.0,0.011731523903723347,0.0,0.0,0.0,0.008381769121222807,0.0,0.0,0.0,0.0,0.02310458962758684,0.0,0.0,0.0,0.047099281597100875,0.017791967286282344,0.01174799195563479,0.0,0.0,0.04650188729546416,0.0,0.0,0.014837870021669412,0.0,0.0,0.015376299393887257,0.0,0.0,0.0,0.0,0.0,0.0,0.0,0.0,0.0,0.0,0.0,0.0,0.01558186659090718,0.00020205980085545705,0.0,0.007126270824519381,0.019104753038295445,0.008522094147977723,0.0,0.0,0.004321120665101152,0.0,0.0003929598816228338,0.0,0.0,0.0,0.008103814830199438,0.014747697108620932,0.0,0.0,0.0,0.0,0.014045232198690541,0.0,0.0,0.0,0.0,0.015964988803438322,0.0,0.0,0.0,0.024765857756419818,0.0196521026199719,0.0,0.0,0.0,0.0,0.019459385069422058,0.0003157301801837553,0.0001618647226042734,0.0,0.0,0.0,0.008313012841493073,0.0,0.0,0.0,0.0,0.00020329756580467136,0.0,0.00023690499841934058,0.0,0.0,0.0,0.0012972116742340186,0.0,0.0,0.0,0.0,0.0437121388381504,0.0,0.0,0.0,0.021457038149306416,0.0,0.007912112214219561,0.02956432038188004,0.0,0.0,0.0,0.0,0.0,0.0,0.0,0.00023796155425439983,5.927538999626174e-5,0.03651671587461713,0.0,0.004486524201430588,0.0,0.0,0.0,0.0,0.0,0.0,0.0,0.0,0.0,0.0,0.028278134237560766,0.0,6.36031340848131e-6,0.0,0.0,0.03984059452942684,0.00011696356593517734,9.480950364573194e-5,0.0,0.0,0.0,0.0,0.029567850112954326,0.0,0.0,0.0,0.0,0.0010143090730332642,0.032333589075720065,0.0,0.0,0.0,8.04883358777987e-6,0.0,0.0,0.0,0.0,0.0002107905373659562,0.0,0.0,0.021493876751126777,0.0,0.0,0.0,0.0,0.0,0.0,0.020724948903009327,0.009667107152505782,0.0,0.0,0.0,0.0,0.0,0.0,0.0,0.0,0.0,0.0,0.0009759228911732245,0.0,0.0,0.0,0.0,0.0,0.0,0.0,0.0,0.01859160611850193,0.0,0.0009831043293331149,0.0,0.0,0.0181670739905897,0.0,4.902894646453196e-6,0.0,0.0,0.00015470564067796854,0.0,0.0,0.0,0.04374451276103396,0.0004192896373734427,0.0,0.0,0.026446318183451265,0.0,0.0,0.0,4.5474341735846915e-5,0.0,0.0,0.0,0.004648915435755503,0.0,0.0,0.0,0.0019821694332269103,0.0,0.0,0.0,0.0,0.011773956943803222,0.0,0.0,0.0,6.476947149179776e-5,0.000287297568746201,0.009746833893412885,0.0,0.0,0.04190952054987024,0.0,0.0,0.0,0.01838520775846986,0.0,0.0,0.0,0.024882788961048678,0.0,0.0015174771785637464,0.0,0.0,0.0,0.0,0.0,0.0,0.0,0.008624379104262963,0.0,0.0,0.0,0.0007846461905374061,0.0,0.0,0.016650774641248957,0.034192998279790096,0.0,0.0,0.03837007198858767,0.0,0.018041791707877158,0.0,0.012973924534950134,0.0,0.009128447329917218,0.0,0.0,0.0026627475850262926,0.00834935475765517,0.0,0.0,0.0,0.04577340433561104,0.0,0.0,0.03209680526013201,0.0,0.0,0.0,0.007803189553821564,0.01925512296398111,0.0,0.0049234163334539085,0.0,0.0002912236411029081,0.0,0.0,0.0,0.0,0.030378537800338636,0.0,0.0,0.001883717993933731,0.0,0.04713613686325423,0.0,0.0,0.0,0.0,0.0,0.015610809374564452,0.0,0.02076403845418738,0.0,0.0,0.0,0.0,0.017577621347369836,0.040785237710034485,0.0,0.0,0.05696255805384563,0.0,0.0,0.0,0.011972579657449755,0.0,0.0,0.0,0.0,0.0,0.0,0.03176094480626682,0.0,0.0,0.0,0.0,0.0,0.0,0.0,0.0,0.026368982402918843,0.0,0.01337303960497135,0.00023696394150662898,0.0,0.034600333515989824,0.025560280668010242,0.0,0.04221373882041617,0.0,0.0,0.0,0.0,0.0,0.0,0.0,0.0,0.0,0.0,0.0,0.0004955210300478595,0.0,0.0,0.0,0.0,0.0,0.0,0.0,0.0,0.003577298679800692,0.004970671129816146,0.0,0.0,0.0,0.0,0.0,0.009805833771003913,0.0,0.0,0.0,0.0,0.0496883163935764,0.0,7.219316983137568e-5,0.0006971879018501843,0.00039102377277594935,0.0,0.0,0.0,0.0,0.0,0.0,0.00031810132311173235,0.0,0.0,0.0,0.0,0.004266081803594757,0.0,0.0002805744738723927,0.0,0.00012629562646940362,0.0,0.0,0.0,0.0,0.0,0.03503312254642361,0.0,0.0,0.00275422521844563,0.0,0.0,0.011675400983286044,0.0,0.0255525489551248,0.0,0.018647949168228303,0.003247979757748464,0.0,0.012099548988320642,0.0,0.0,0.0,0.0,0.0,0.0,0.0,0.03416051482849768,0.04304673027569718,0.0,0.0,0.0,0.0,0.0,0.0,0.0,0.012532694086785943,0.009059037573294366,0.0,0.0,0.0,0.0056589316715828855,0.0,0.0,0.0,0.0,0.0,0.0,0.0,0.018119743229342,0.0,0.0,0.019134720126764877,0.0,0.0028737919384739957,0.0,0.0,0.02733624882970618,0.0,0.0,0.0,0.0,0.0,0.0,0.001488269090313982,0.0,0.0,0.0,0.0,0.0,0.0,0.0,0.0,0.0027227254246978425,0.007463255738309395,0.009850520951668934,0.0,0.02155999837180382,0.0,0.001979754739115541,0.0,0.04538436686935824,0.00014522712560286762,0.0,0.0
0.0,0.0,0.0,0.0,0.0,0.0,0.4493366254480719,0.0,0.0,0.4292647011599138,0.4608589989410732,0.0,0.0,0.0,0.44596362103313564,0.0,0.0,0.0,0.0,0.42081063699374593,0.0,0.0,0.43084159890689716,0.0,0.0,0.0,0.0,0.4138992827671545,0.0,0.0,0.0,0.0,0.42177224144226266,0.4562403436658816,0.0,0.434181424634146,0.0,0.4054385956800775,0.0,0.0,0.0,0.0,0.0,0.0,0.0,0.0,0.0,0.0,0.0,0.41402331489198657,0.46104850987965984,0.44360622000121946,0.4226025866509202,0.4385348667886817,0.4302760839791775,0.4332520729296415,0.0,0.4416642949519619,0.0,0.4254538304029748,0.44581351911763956,0.42262977079663244,0.42933555313978944,0.0,0.4750244369675782,0.0,0.45028633354260433,0.4244232530180807,0.485632521022688,0.4350452256450358,0.0,0.0,0.0,0.5044771032089904,0.0,0.4642839510348316,0.0,0.0,0.3976053428363887,0.0,0.0,0.5029332838541778,0.0,0.0,0.43480278686295953,0.0,0.478114454358771,0.0,0.0,0.0,0.0,0.0,0.0,0.47187817054940095,0.44395400109511296,0.0,0.0,0.0,0.0,0.0,0.0,0.0,0.4433358607838846,0.4522315002881017,0.0,0.44096065597181366,0.0,0.0,0.0,0.0,0.0,0.0,0.0,0.0,0.0,0.0,0.0,0.0,0.4379705972855678,0.42548279620453416,0.0,0.0,0.4208921979494913,0.4408638478403888,0.0,0.4288339890261527,0.0,0.0,0.0,0.0,0.0,0.4360189540465115,0.0,0.0,0.42347268768879104,0.0,0.0,0.42241706679132124,0.0,0.0,0.0,0.43642928848014845,0.3916079251816188,0.0,0.0,0.4565262412055973,0.0,0.43524129302149905,0.0,0.4287343999872521,0.0,0.4294938995041413,0.0,0.4155103489340819,0.45273397259046777,0.4423550007829644,0.40681199170300314,0.0,0.45045008674652953,0.0,0.0,0.0,0.0,0.4433096485285933,0.0,0.4309695697465029,0.0,0.42627291264478445,0.0,0.41361236259907974,0.0,0.4331595510945301,0.4501286570544394,0.0,0.4527097621932486,0.0,0.4395566464077168,0.42033911732112417,0.41324298799736436,0.0,0.0,0.46070035191561665,0.0,0.45119552610446206,0.0,0.0,0.0,0.0,0.0,0.0,0.0,0.0,0.0,0.0,0.0,0.0,0.0,0.43248561189393603,0.0,0.0,0.0,0.0,0.0,0.0,0.0,0.43711191110040293,0.46606130389138023,0.0,0.4239702173046524,0.43869109222505864,0.0,0.0,0.4342359768204075,0.0,0.4308387701273669,0.0,0.0,0.0,0.0,0.0,0.0,0.0,0.4147947787407623,0.42638604083797754,0.44401045940063194,0.48773742495122646,0.0,0.4309442243036723,0.0,0.0,0.0,0.0,0.0,0.43163441330728497,0.0,0.45132555245317296,0.4444229356072531,0.44357894517680074,0.0,0.0,0.4580400168900231,0.4286640443444359,0.0,0.0,0.0,0.0,0.44685236087228686,0.0,0.0,0.0,0.0,0.0,0.4104794981115608,0.0,0.4492784006224625,0.0,0.45711625318204596,0.45452666477041714,0.40077928810423874,0.0,0.4375422415775395,0.0,0.4306152240909034,0.44293896880727285,0.0,0.0,0.0,0.0,0.4839980684482207,0.0,0.0,0.0,0.43482252272364963,0.0,0.0,0.0,0.0,0.4293657352065433,0.0,0.0,0.0,0.0,0.0,0.0,0.0,0.4348923681378374,0.0,0.0,0.0,0.0,0.0,0.4628297587895389,0.4392860419323638,0.46858742773778445,0.4651772905222104,0.4333774829434033,0.4442700611536385,0.0,0.0,0.0,0.0,0.0,0.44089678283222244,0.0,0.4177534790733133,0.0,0.0,0.43525685216321947,0.0,0.4323468840619021,0.0,0.0,0.0,0.4324668098056894,0.0,0.0,0.0,0.4278019761603725,0.0,0.0,0.4730864717721217,0.4207467540665084,0.0,0.0,0.0,0.4302456088937938,0.4186725407919224,0.0,0.44765685035715974,0.0,0.43665299326453894,0.0,0.0,0.0,0.4140302381953555,0.0,0.45996964049247685,0.0,0.42833970903497265,0.0,0.4147983778355257,0.0,0.0,0.426039107665467,0.4331671911554122,0.0,0.0,0.4052848147672734,0.4172275650567019,0.0,0.0,0.0,0.0,0.4614981361891072,0.4866523260180057,0.0,0.0,0.0,0.0,0.0,0.0,0.42914796499388363,0.42167509931936653,0.0,0.0,0.0,0.0,0.0,0.0,0.0,0.42582427783951843,0.0,0.4406235458312023,0.0,0.4594621398578144,0.0,0.4233937437584121,0.0,0.0,0.0,0.48884311266838454,0.4405091639502831,0.460644164755724,0.0,0.0,0.45286713644889054,0.0,0.0,0.0,0.0,0.0,0.0,0.4520118160575443,0.4603864489459288,0.43450364844265627,0.0,0.0,0.4476955884935528,0.0,0.0,0.0,0.4415975940503233,0.45343757925539935,0.446344493470948,0.0,0.0,0.417166379705421,0.0,0.0,0.0,0.0,0.4261666132994121,0.0,0.4612498189452701,0.42556095846523867,0.0,0.0,0.0,0.0,0.0,0.4433872782517202,0.0,0.0,0.0,0.0,0.0,0.0,0.0,0.0,0.0,0.4623763846589271,0.0,0.4617489737072987,0.0,0.0,0.0,0.0,0.0,0.40632224962730423,0.0,0.0,0.42917538639891717,0.0,0.42656812602070504,0.4421874662425601,0.0,0.42727458373550564,0.0,0.0,0.0,0.0,0.0,0.0,0.0,0.0,0.429046916648217,0.0,0.0,0.0,0.0,0.0,0.0,0.0,0.0,0.0,0.4499332505715177,0.49558171197589485,0.0,0.4588936550024688,0.42811716495646923,0.0,0.0,0.47531756348604703,0.0,0.0,0.0,0.4221729257651674,0.4184936274742444,0.0,0.4506486108755656,0.0,0.0,0.44090045537953965,0.0,0.0,0.0,0.44271194325400987,0.0,0.0,0.44957905427074074,0.3856526000452633,0.41375375590462105,0.0,0.0,0.0,0.0,0.0,0.0,0.0,0.3944561871038191,0.0,0.0,0.4204574275990074,0.0,0.0,0.0,0.0,0.42669595372339103,0.4018169206519679,0.4229994492507403,0.4297554881687897,0.44669134476748323,0.0,0.3879808483502207,0.0,0.0,0.46066797179978736,0.48756449771701466,0.0,0.0,0.4000450526819221,0.4325440093691103,0.44231741062654156,0.0,0.0,0.0,0.0,0.4270342157645664,0.0,0.0,0.0,0.42145276630450734,0.0,0.0,0.0,0.0,0.0,0.44128574459085573,0.0,0.0,0.0,0.0,0.0,0.4859457214452551,0.0,0.0,0.4452876888379352,0.0,0.0,0.4205174582959195,0.4345160263440932,0.0,0.44440588017061594,0.0,0.0,0.0,0.0,0.0,0.0,0.4661380625052621,0.4587822060032784,0.0,0.0,0.0,0.0,0.0,0.43955955089061916,0.4052311509379241,0.0,0.0,0.0,0.0,0.0,0.0,0.0,0.0,0.0,0.0,0.0,0.0,0.0,0.4369637289857033,0.0,0.3958401897632665,0.0,0.0,0.39584209863983194,0.0,0.0,0.4392501405662424,0.4208705595299171,0.0,0.0,0.0,0.0,0.0,0.0,0.4572156200109648,0.4578907836055346,0.4071722537780438,0.0,0.0,0.0,0.0,0.0,0.0,0.0,0.47307357490552415,0.0,0.46538447835259084,0.0,0.48804913724480575,0.0,0.42754451692911116,0.0,0.4595837951692287,0.0,0.0,0.0,0.0,0.0,0.0,0.0,0.0,0.4652233934329243,0.0,0.0,0.4465022451013993,0.0,0.0,0.4416796364594706,0.3826303784918804,0.44817633503737214,0.4411582966317659,0.0,0.42460807784352855,0.0,0.41523323347476426,0.0,0.4341410518896028,0.0,0.0,0.4018062198042917,0.0,0.0,0.0,0.0,0.0,0.0,0.0,0.4072896739844064,0.0,0.44527196930399515,0.0,0.4527438684227137,0.42449170967630984,0.4174811745924619,0.46187829606081104,0.0,0.0,0.0,0.0,0.0,0.0,0.0,0.41198295181979633,0.0,0.0,0.0,0.0,0.0,0.4276649643029255,0.0,0.4130908587525761,0.0,0.0,0.0,0.44389932933988163,0.0,0.45034113301279993,0.0,0.0,0.41388619745618455,0.41608020744949353,0.0,0.47560092179757457,0.0,0.4363914232538508,0.0,0.0,0.0,0.0,0.4486664003813903,0.0,0.0,0.42767414469532017,0.0,0.0,0.0,0.42156361128812936,0.0,0.0,0.0,0.0,0.41986237668755055,0.0,0.41172940664890106,0.45654919835659,0.0,0.4443781316396768,0.0,0.0,0.0,0.43714342310860266,0.0,0.4126563729188687,0.44095246549067363,0.0,0.0,0.0,0.4489992714868751,0.45645110283654755,0.0,0.42923011791138604,0.0,0.0,0.0,0.4528084178966212,0.0,0.0,0.0,0.4352748469100762,0.0,0.0,0.0,0.0,0.0,0.0,0.0,0.0,0.0,0.0,0.48231601304185184,0.41310846408137686,0.0,0.0,0.0,0.0,0.0,0.45433777705316375,0.0,0.0,0.0,0.0,0.0,0.0,0.4178417894831557,0.0,0.44024581138111496,0.42256687786271546,0.3829072391200729,0.0,0.0,0.4029772458955289,0.0,0.40381139825181733,0.0,0.0,0.0,0.4595385620663137,0.4576450859295784,0.4806452904520123,0.0,0.0,0.46600310183636934,0.0,0.47615439668136306,0.4559977743802143,0.450141073248434,0.3860690122956742,0.4053728047921896,0.4085985637100172,0.0,0.0,0.4412923759932827,0.0,0.0,0.4545397378020853,0.4495512501611937,0.0,0.45400700203166117,0.0,0.45897424859077085,0.0,0.4573013306963085,0.4329209687313287,0.0,0.0,0.0,0.4200959273626279,0.44540724847522856,0.42381399514077217,0.4326041107343483,0.4586468613418691,0.0,0.0,0.0,0.0,0.0,0.0,0.0,0.4625325251712078,0.0,0.48841525416442716,0.0,0.0,0.41102831548436597,0.0,0.41560422876394293,0.0,0.0,0.0,0.0,0.41331673941327235,0.0,0.4442192159215663,0.0,0.4621918118326405,0.0,0.0,0.0,0.4414081178760163,0.0,0.44476168301744073,0.0,0.0,0.0,0.0,0.0,0.0,0.4356672084579245,0.0,0.0,0.43810260087316044,0.0,0.45088362916753216,0.0,0.4382561871757992,0.4527268330965126,0.0,0.0,0.4236200268505983,0.0,0.0,0.0,0.0,0.0,0.0,0.0,0.43073624466000493,0.0,0.0,0.0,0.0,0.0,0.0,0.0,0.44896180866904806,0.40773151394504886,0.0,0.4514525162074158,0.4209815209125488,0.0,0.0,0.0,0.0,0.0,0.0,0.0,0.0,0.0,0.0,0.0,0.0,0.0,0.42487614783160615,0.0,0.0,0.0,0.0,0.0,0.0,0.0,0.0,0.0,0.0,0.0,0.0,0.0,0.0,0.0,0.0,0.4533162760301248,0.0,0.44795557193289876,0.0,0.0,0.0,0.0,0.0,0.0,0.471785352718852,0.0,0.0,0.0,0.0,0.0,0.45018537460583025,0.4454858453395736,0.0,0.42319487130711336,0.4096285447866425,0.0,0.0,0.0,0.0,0.45739818819806083,0.3768578902644133,0.4439447189566101,0.0,0.42675103842856543,0.44365325218729884,0.41586550531633815,0.46917763383149935,0.0,0.43950358775009346,0.0,0.4372656650979648,0.4093987489361917,0.0,0.0,0.0,0.4442039424602017,0.42405570597195147,0.0,0.41798760875233126,0.41553847690223106,0.0,0.45028423068486834,0.0,0.4138207114355357,0.0,0.0,0.4454226610067565,0.4411486236242989,0.0,0.0,0.0,0.0,0.44275986810365014,0.0,0.4096314830451336,0.3935692601971457,0.0,0.0,0.0,0.0,0.0,0.45060271274837327,0.0,0.0,0.46417752083632785,0.0,0.4334022032819424,0.4639423896889346,0.45726116977849923,0.0,0.0,0.45509456945598725,0.43697878158700826,0.0,0.4436201869769613,0.0,0.0,0.4338391926463723,0.0,0.0,0.0,0.4481817946048928,0.40091351499673955,0.0,0.4422570574561076,0.3962714633548347,0.42963276747773077,0.0,0.0,0.43411943583337886,0.4199695238494304,0.0,0.447873663941178
0.934701798818084,0.9335668850745582,0.9287176290035782,0.9337235893288425,0.0,0.0,0.0,0.9151394489566735,0.0,0.0,0.9130504326666296,0.922490442259248,0.0,0.0,0.0,0.0,0.0,0.0,0.0,0.0,0.0,0.906065627655745,0.8819745116905239,0.0,0.0,0.0,0.0,0.0,0.9544049823405495,0.0,0.935819555365342,0.0,0.9039158321664195,0.0,0.0,0.0,0.9177825976955123,0.9749272150575001,0.0,0.0,0.9297869882867061,0.0,0.0,0.9343107221078145,0.0,0.0,0.0,0.9097268034468647,0.9572649865322507,0.0,0.9390472263738738,0.0,0.0,0.0,0.9382639979912817,0.9477405848692619,0.0,0.0,0.0,0.0,0.0,0.0,0.0,0.0,0.0,0.0,0.940089504292937,0.0,0.0,0.0,0.0,0.0,0.0,0.9438242682776076,0.0,0.0,0.8997416941301037,0.0,0.0,0.0,0.0,0.9251874980255758,0.0,0.0,0.0,0.0,0.9332601484145931,0.0,0.8941939083322091,0.0,0.9076605209980274,0.0,0.9139176673562549,0.0,0.9440080624254927,0.0,0.0,0.9095408066554524,0.0,0.0,0.9200830471065724,0.0,0.0,0.9041223722045767,0.0,0.9073163255534757,0.0,0.0,0.9530167761115518,0.0,0.0,0.0,0.9336627524215791,0.0,0.0,0.0,0.911848862496552,0.0,0.0,0.9510448274991401,0.9448007152592188,0.0,0.9210457502574501,0.9435446670117474,0.0,0.9554835418549003,0.0,0.0,0.0,0.9399713059726554,0.960908635456474,0.9280640302187451,0.9375301800964062,0.0,0.0,0.0,0.0,0.0,0.0,0.0,0.0,0.0,0.9415556948373961,0.0,0.0,0.935025303375178,0.9311887707057844,0.0,0.9251827598893773,0.0,0.0,0.9009898023114488,0.0,0.0,0.0,0.0,0.919926957417855,0.0,0.0,0.9230884575659849,0.0,0.9311002079119537,0.0,0.9485126935976731,0.9209423065116134,0.0,0.0,0.9231442045973732,0.9372319528571147,0.0,0.9060441245305787,0.0,0.0,0.0,0.0,0.0,0.0,0.0,0.0,0.0,0.9029843771613704,0.9108327423448047,0.0,0.9719872450735851,0.0,0.0,0.93671245160553,0.0,0.0,0.9025001826792891,0.0,0.0,0.9411985295655096,0.0,0.0,0.0,0.0,0.0,0.0,0.0,0.0,0.0,0.0,0.0,0.9312659745149053,0.0,0.0,0.0,0.0,0.927190823462081,0.0,0.0,0.9184338979230597,0.0,0.9385705533435018,0.0,0.0,0.0,0.0,0.0,0.0,0.9110934086256534,0.0,0.0,0.0,0.0,0.0,0.0,0.0,0.9341904095857106,0.0,0.9244969971994829,0.0,0.9400355787706116,0.0,0.0,0.9431819598080728,0.0,0.930174523748488,0.9395530836154119,0.8907642217277857,0.0,0.0,0.0,0.0,0.0,0.9283546402941382,0.9123048978496976,0.0,0.0,0.0,0.0,0.9017202128532616,0.0,0.0,0.9417734375723914,0.0,0.0,0.0,0.9124002726310784,0.936973938006876,0.0,0.0,0.0,0.0,0.9414261509282843,0.0,0.0,0.9359874504189826,0.0,0.0,0.0,0.0,0.0,0.0,0.0,0.9630743641551698,0.0,0.0,0.0,0.0,0.9006515943559419,0.0,0.0,0.0,0.9793921751561995,0.0,0.9195643038462198,0.9361677468877695,0.898773666419767,0.0,0.930610344325566,0.0,0.9581695894752964,0.89701119759964,0.0,0.9135738826000298,0.9421406264487602,0.90528181840369,0.9310735056248839,0.0,0.890217024892119,0.9117092584509661,0.0,0.9426186632044605,0.0,0.0,0.9513520730522542,0.0,0.0,0.0,0.9004362543315442,0.0,0.0,0.0,0.0,0.0,0.0,0.0,0.0,0.9288142023115451,0.0,0.0,0.0,0.0,0.0,0.0,0.0,0.0,0.0,0.9490168973877234,0.9413552660370353,0.9342664597018011,0.0,0.9309799794945173,0.0,0.0,0.0,0.0,0.0,0.9240984182213765,0.0,0.0,0.9490284509215123,0.8989811443059185,0.0,0.9571342817265801,0.0,0.9534642905026928,0.0,0.9137697918790434,0.0,0.0,0.8928404892187453,0.0,0.0,0.0,0.9291104721834085,0.9053027723285556,0.0,0.0,0.9644561904999154,0.9382959856104219,0.8995243683487117,0.0,0.917589169524346,0.9370780163094965,0.9391484615124576,0.9145750877841641,0.0,0.9610220308517444,0.9373652304670205,0.0,0.9122982908966644,0.9124951797590463,0.0,0.918049997601545,0.0,0.0,0.0,0.0,0.0,0.9469848227484599,0.0,0.8972686577676282,0.9514337706094628,0.0,0.0,0.9287553561059384,0.0,0.0,0.0,0.0,0.0,0.0,0.0,0.0,0.0,0.9391689268066997,0.0,0.9340722713777688,0.9355004647203874,0.0,0.0,0.0,0.0,0.0,0.0,0.0,0.9110042838305318,0.9366516894627386,0.0,0.9067254107684073,0.9318416881784308,0.0,0.0,0.0,0.9587535091750339,0.0,0.9589150447159137,0.9384630354096319,0.0,0.0,0.9143870571016495,0.0,0.9405452065729526,0.0,0.0,0.0,0.0,0.0,0.0,0.9329361946142551,0.942705214966651,0.9320871456411859,0.9480575112886291,0.0,0.0,0.0,0.0,0.0,0.9298458533943857,0.0,0.0,0.0,0.0,0.9203575017384114,0.0,0.0,0.0,0.0,0.9293161519897367,0.9054328350256923,0.0,0.0,0.0,0.0,0.0,0.0,0.0,0.0,0.0,0.0,0.9224772522711315,0.9442812932109889,0.9359638468404423,0.0,0.9259587287308698,0.0,0.0,0.0,0.0,0.9575098775462038,0.0,0.0,0.0,0.932061299126286,0.9424152697376694,0.0,0.0,0.8814419803713555,0.0,0.0,0.0,0.0,0.0,0.0,0.0,0.0,0.0,0.9242401534407961,0.9557589248649766,0.0,0.9588818449864419,0.0,0.0,0.0,0.924636950587271,0.0,0.0,0.9349092734627226,0.9424201514120024,0.0,0.0,0.0,0.9418682319280564,0.9342656171098761,0.9511206388269972,0.0,0.9318086193660284,0.0,0.9195661566355424,0.0,0.9365573849477717,0.9224702730776769,0.0,0.0,0.9341012424333853,0.0,0.9440567774894656,0.0,0.0,0.0,0.0,0.0,0.0,0.9105893113416519,0.9197386145362182,0.0,0.0,0.0,0.9510567282310867,0.0,0.0,0.0,0.0,0.0,0.0,0.9163189748129957,0.9204158058235684,0.943554669308544,0.9632925287552382,0.9113962145093795,0.0,0.0,0.0,0.0,0.9378051448638417,0.0,0.0,0.8849608516668153,0.0,0.0,0.0,0.0,0.0,0.0,0.0,0.0,0.0,0.0,0.9457467944998946,0.0,0.9574929170408497,0.0,0.0,0.0,0.0,0.0,0.0,0.0,0.0,0.0,0.9394774135260303,0.0,0.9460388706411716,0.0,0.9471509809558261,0.0,0.0,0.9246487872736617,0.0,0.0,0.92994837747165,0.0,0.0,0.9137605128693735,0.0,0.0,0.9190986667050657,0.0,0.0,0.9345196069380747,0.9080214549357043,0.0,0.0,0.9269102779889294,0.0,0.919597245968211,0.0,0.0,0.0,0.0,0.9382425592044071,0.0,0.0,0.0,0.0,0.8988116530946763,0.0,0.0,0.0,0.9270500124242468,0.9593873577435525,0.0,0.0,0.0,0.0,0.0,0.9302543221836963,0.0,0.0,0.0,0.0,0.9308076222971342,0.0,0.9326333439093347,0.9190696028949015,0.9084428963668786,0.0,0.0,0.0,0.9354242293718769,0.0,0.0,0.0,0.8992051124856402,0.0,0.0,0.0,0.910323628033135,0.0,0.0,0.9396652918107283,0.0,0.9316599535566538,0.9458247619662177,0.0,0.0,0.9186364370570455,0.92088013414031,0.9113574744861144,0.0,0.0,0.0,0.9288821632686696,0.0,0.0,0.0,0.0,0.0,0.0,0.9558272885085604,0.9416948706239148,0.9221938858380844,0.9319732729115402,0.0,0.0,0.0,0.9449665873343716,0.0,0.9534136225668934,0.960850097875698,0.0,0.0,0.9299924626967141,0.0,0.0,0.8981894543534764,0.0,0.0,0.0,0.0,0.0,0.0,0.0,0.9204070144579135,0.9484676291980401,0.0,0.0,0.0,0.0,0.0,0.0,0.0,0.0,0.0,0.9357525444012602,0.0,0.0,0.0,0.9179229660631747,0.9127305442847189,0.9076675170846638,0.0,0.0,0.0,0.0,0.0,0.9429229408149632,0.0,0.0,0.0,0.0,0.0,0.9196652095858984,0.0,0.0,0.0,0.0,0.9058976529002195,0.0,0.9343358623236814,0.9503134699638548,0.932375864279277,0.9101384186664785,0.0,0.9200615978325104,0.9507892883477413,0.0,0.8938122177647921,0.9304361252216091,0.0,0.9142826825536917,0.0,0.9500707603970066,0.9270678451432475,0.0,0.9211085278435014,0.9460636674033659,0.0,0.0,0.9096108367656975,0.0,0.0,0.0,0.0,0.9175751843547545,0.0,0.9602292692453392,0.0,0.913416254196797,0.0,0.9332874071442473,0.913306978769619,0.0,0.9480939447014776,0.0,0.0,0.0,0.9143033618360442,0.9504970119626627,0.9672740768129229,0.0,0.0,0.0,0.0,0.9132646390823927,0.0,0.0,0.0,0.9169883666958293,0.0,0.0,0.9241386498607709,0.9106013785222962,0.0,0.0,0.0,0.9190668330454165,0.0,0.9162763055219156,0.9182352667138268,0.0,0.0,0.0,0.0,0.0,0.0,0.0,0.0,0.8878958374290369,0.9279266216281897,0.0,0.0,0.9301580920829969,0.9103304501579971,0.0,0.0,0.9164968856325686,0.0,0.9532330108077209,0.0,0.9588095328882501,0.9181578128589446,0.9024195129410023,0.940533082014225,0.0,0.0,0.0,0.0,0.9165831639049448,0.9310637045962,0.0,0.0,0.0,0.8958066748215191,0.9162040756548935,0.0,0.0,0.0,0.9207948895288746,0.8997229480073422,0.9662591003278511,0.0,0.9181023922222926,0.0,0.0,0.0,0.9265699711387211,0.0,0.9549321433070805,0.0,0.9303022287285538,0.9382973239174288,0.0,0.9405576257651305,0.9197188241210067,0.8949668067747101,0.9221254391299537,0.9202231748577617,0.9239310320680698,0.0,0.0,0.0,0.9207095788339849,0.0,0.0,0.9382019721403453,0.0,0.0,0.9063515004725456,0.9126278495105838,0.0,0.0,0.0,0.0,0.9321988159297804,0.0,0.0,0.9566812509808642,0.906545515230385,0.9185789749267248,0.0,0.0,0.0,0.0,0.0,0.9454316071878275,0.9400585374196253,0.0,0.0,0.0,0.0,0.0,0.0,0.0,0.9133348494559488,0.0,0.925169332565195,0.0,0.0,0.0,0.8858460584507504,0.0,0.9625849979072448,0.0,0.0,0.0,0.9278515282017737,0.9432290830266586,0.0,0.9527257334667216,0.0,0.0,0.875973989770782,0.9133849507555614,0.9342752167969542,0.9336346965951324,0.0,0.0,0.0,0.0,0.0,0.9078214150082915,0.9197691749954571,0.0,0.0,0.0,0.0,0.0,0.0,0.9008444650916971,0.9278646611228669,0.9471947703368631,0.9520140030006303,0.9595004555935595,0.9104168382926965,0.0,0.0,0.0,0.0,0.9249389467628902,0.0,0.9084475249406191,0.0,0.0,0.9212416598796963,0.0,0.0,0.0,0.0,0.9417496439410635,0.9357267153605463,0.9445963137435482,0.0,0.0,0.9356608730006561,0.9396308417283834,0.9570665707747226,0.0,0.9496999236476817,0.0,0.0,0.9289526322045962,0.9400683098497657,0.9316940293534038,0.0,0.0,0.0,0.0,0.9114548991031023,0.0,0.0,0.0,0.0,0.9199896064081716,0.9083053866926396,0.0,0.0,0.0,0.9314815550144914,0.9301102547343502,0.0,0.8930370271280439,0.0,0.0,0.0,0.0,0.9233309852017546,0.0,0.0,0.0,0.0,0.9328951009229997,0.0,0.0,0.0,0.0,0.0,0.0,0.0,0.0,0.9388794450253217,0.9116725628351672,0.9429395604784987,0.9109422816324386,0.9087858088633182,0.9231240521503278,0.0,0.0,0.9318523073159493,0.0,0.0,0.9208779608270431,0.0,0.9377807625054214,0.0,0.9205816961233663,0.0
0.0,0.05240982440329094,0.0,0.0,0.0,0.0,0.0,0.0,0.01420758927642266,0.0,0.035196477315230394,0.0,0.0,0.0028385299790782805,0.0,0.032291470514412744,0.0,0.0,0.0,0.0,0.0,0.022565688049847384,0.020888019608896465,0.01952085542682144,0.0,0.01690449618919003,0.012868112117592074,0.0,0.03992748869300209,0.03725753526625621,0.040638231582711626,0.0,0.0,0.0,0.0,0.0,0.013946703489438208,0.04211256815449489,0.02228224553967057,0.0,0.0,0.03904712626012125,0.0,0.005228904290230177,0.0,0.008636080844775575,0.028057330430639897,0.010201497504693314,0.0,0.0,0.03878939998317646,0.04130303287537929,0.04409214064692889,0.0,0.0,0.0,0.0,0.0,0.0,0.0,0.0,0.03837058909641977,0.04215353976975726,0.0,0.0,0.0,0.061980599202281966,0.0,0.0,0.008398745281338306,0.0,0.0,0.0,0.0,0.0,0.0,0.0,0.040681666076053856,0.0,0.0,0.0,0.0,0.0,0.0,0.0,0.0,0.05006496119300723,0.0,0.0,0.0,0.0,0.0,0.0,0.07163587079096605,0.04926129777897489,0.0,0.0,6.578326922313798e-5,0.0,0.0,0.0,0.0,0.037747159890472254,0.0,0.0,0.05204840248725505,0.0,0.0,0.0,0.0,0.0,0.0,0.0442921720591938,0.0,0.046526178039453046,0.0,0.02684779446685294,0.0,0.0,0.0,0.029743764034740452,0.0,0.06530818047775172,0.04644320145185899,0.00688065431948389,0.0,0.0,0.006175637896883145,0.0,0.0,0.04045470950251972,0.05068527978146432,0.0,0.0,0.0,0.0,0.0,0.0,0.0,0.0,0.0,0.0,0.0,0.0,0.0,0.058717713644229924,0.0,0.0,0.0,0.0,0.02385683712943098,0.008944934640180906,0.0006132669542166954,0.0,0.06261774881300117,0.0,0.0,0.0,0.014663017595644975,0.00011761335203745897,0.029181144015118454,0.010766671349241549,0.0,0.0,0.0,0.0,0.0,0.0,0.03201779305878822,0.0,0.0,0.0,0.0,0.0,0.033584176881580725,0.0,0.0,0.037700300873218746,0.0,0.0,0.029916977493966716,0.02722420198037601,0.0,0.0,0.0,0.055674703017606395,0.0,0.0,0.0,0.0,0.0,0.0,0.02756447615398168,0.0,0.0,0.0,0.0,0.03352260805823793,0.0,0.011033056178931546,0.03909707632635936,0.03410536012908892,0.0,0.0,0.022627798624394516,0.0003959376903527666,0.03428611045656184,0.0,0.0,0.04430746411750846,0.0,0.0,0.0,0.0,0.0,0.0,0.0,0.0,0.006409844768725888,0.0,0.0,0.0,0.04793526486636059,0.0,0.0,0.029692068491170395,0.0294973844022171,0.023439582246642728,0.0,0.02193522022971648,0.0,0.0,0.0,0.0,0.0,0.0,0.00019650209715639904,0.0,0.0,0.0514921181121732,0.01055452316031421,0.032047175943801014,0.0,0.0,0.0,0.0,0.045901342010690405,0.0,0.0,0.0,0.0,0.0,0.03601194201728692,0.0050692542768196935,0.0,0.01946464283779082,0.018015263220051796,0.0,0.028320554300596178,0.024786662222874324,0.0,0.00025631197764224966,0.0,0.0,0.0,0.0,0.0,0.0,0.03943035336251798,0.0,0.0,0.0,0.0,0.0,0.0,0.0,0.0,0.04214482457011828,0.0,0.0,0.0,0.010811259604353989,0.0,0.0,0.030277741700513096,0.04464684792040095,0.0010806520711377833,0.0277424314084889,0.00342617232405249,0.0,0.0,0.027577597448696048,0.01949910903014476,0.0483524645982594,0.022004184462081963,0.06394747398351674,0.0,0.0,0.0,0.03114376335609501,0.0,0.0,0.0,0.0,0.0,0.0,7.899695218338393e-5,0.04482931832910977,0.044595156215575166,0.0,0.0,0.0,0.03925312695976907,0.0,0.03697758949332731,0.02284147175997415,0.0,0.03479749119830905,0.0,0.0,0.0,0.0,0.0,0.0,0.0,0.017932109118801963,0.04005382831458325,0.0,0.0,0.0,0.04555001734686241,0.058691011552654895,0.0,0.0,0.0,0.0,0.0,0.0,0.0,0.018552759355316643,0.0,0.0,0.0,0.04985657699090275,0.0,0.0,0.02139691590224955,0.0,0.0,0.0,0.011393089090781015,0.0,0.0,0.03865675593860056,0.037531070325746714,0.0,0.0,0.0,0.0,0.0,0.0,0.04834301793256695,0.027530321511826293,0.0,0.01275858441709556,0.012929462008675653,0.0,0.0,0.005557236686313507,0.0,0.03839859937999829,0.05042162640513493,0.0,0.0,0.025454659252845326,0.0,0.0,0.0479577430630933,0.0,0.0,0.024963220744067507,0.0,0.06320955227818566,0.0,0.0,0.04575499702540829,0.026835315181621303,0.0,0.0,0.0,0.0,0.0,0.0,0.0,0.0,0.029410463546343274,0.0,0.062090369432950085,0.04125240383592094,0.0,0.0,0.03767747413173548,0.045541440870675784,0.03768980018828327,0.008686170881571793,0.0,0.0,0.0,0.012289674198436953,0.006784114010632345,0.04890880524392894,0.004893273566504472,0.0,0.05863431932352229,0.0,0.0023997155372958517,0.0,0.04591396109980328,0.0,0.0626420757377132,0.0,0.04404061909500693,0.0,0.0,0.0,0.0,0.0,0.0,0.0,0.0,0.0,0.02499481637178646,0.0,0.058308311881981816,0.0,0.04818242817788402,0.0,0.0,0.02384277156680472,0.0007026125297772567,0.0,0.0,0.0,0.03278906462318431,0.0,0.0,0.0,0.0,0.007269200715028669,0.0,0.0,0.004079670498163046,0.0,0.0,0.0,0.0165370469376373,0.0,0.0361881083826166,0.0,0.0,0.0,0.0,0.0,0.0,0.0,0.0,0.03646756810959292,0.00967720895915281,0.03226444297845656,0.03249757775741268,0.0,0.0,0.0,0.0,0.0,0.0,0.05133021059176618,0.053520052616447246,0.0,0.011129532500366662,0.0,0.0,0.0,0.017985695012729463,0.0,0.0,0.019992646115165894,0.0,0.0,0.03249984654698767,0.05899626215174953,0.05983917144986601,0.044102840235625024,0.0,0.015520523269098778,0.0,0.0,0.06329344836454612,0.03664173682071529,0.0,0.0,0.0,0.06234349315346248,0.001127278794236976,0.0,0.0,0.0,0.03965867334305261,0.03439050322351623,0.044718347571462376,0.02790111553448698,0.02840270117938688,0.018207489947347364,0.02764538629621359,0.0,0.0,0.0,0.0,0.022153033294771897,0.0,0.0,0.020987507634903813,0.057387712585469965,0.014286485749711458,0.0,0.0,0.020595619572153383,0.0,0.0,0.0,0.0001978910004684204,0.0,0.04382679136710612,0.0,0.0015264576639156576,0.0,0.0,0.0,0.0,0.01656608686636719,0.019123370807847113,0.0,0.0,0.07348721153098632,0.024399652209352255,0.0,0.0,0.0,0.0,0.0,0.004038866471000528,0.0,0.05621267012077526,0.0,0.0,0.0,0.017739546731660318,0.07013461732758067,0.0,0.020302168503332045,0.0,0.03281670003237072,0.0,0.05504080416231419,0.0,0.0,0.04974491957681,0.0,0.0,0.0,0.0,0.04949754643346717,0.0,0.0,0.0,0.0,0.0,0.04315361212990569,0.0,0.021608070127188496,0.0,0.0,0.022717382579721435,0.0011667138203793794,0.0,0.0,0.039770471003067784,0.0,0.023333096923493325,0.0,0.0,0.0,0.0,0.023705064073144586,0.0,0.0,0.0,0.01925782946284181,0.013913612341474205,0.047363819380472245,0.0,0.014635497294616181,0.0,0.019163761824111218,0.0,0.0,0.0,0.04295261483200608,0.011858896564913377,0.0,0.0,0.0,0.0,0.0,0.0,0.0,0.017484394794345146,0.018139619677664958,0.0004613113500687798,0.045953193290786884,0.0,0.020558920931127534,0.0074202831632880105,0.030107724057352705,0.04965475740608713,0.0,0.0,0.0,0.0198842856183344,0.0,0.0,0.0,0.0,0.0,0.0,0.0,0.03653957737559048,0.04081763603031026,0.0,0.0,0.0,0.0,0.0,0.02150703726976986,0.0,0.03950373656018564,0.0,0.0,0.0,0.0,0.01661852504643704,0.0,0.0,0.041649468390283204,0.0400100667933795,0.0,0.046729384640781704,0.04354646063401709,0.0,0.0,0.0,0.0,0.0,0.0,0.010800315257287611,0.0,0.0,0.0,0.0,0.023284253421268955,0.0,0.0,0.0,0.0,0.0,0.042833857667027304,0.011417208821715721,0.0,0.0,0.0,0.014049589685932938,0.0,0.0,0.019168652626525146,0.03053683332377244,0.049098891810784494,0.0,0.03992691117770126,0.0,0.0,0.0,0.05346788584406559,0.0,0.0,0.0,0.04466959769267537,0.0,0.0,0.01864848216391642,0.026589864263084666,0.012737339210024927,0.0,0.022319531455546868,0.0,0.0,0.0,0.0,0.0,0.02218520536527826,0.0,0.0,0.0,0.0,0.0,0.0,0.01861040436343726,0.0,0.0,0.0,0.0,0.0,0.0,0.04203873418553327,0.0,0.0016033807216961984,0.0,0.005283318438082663,0.0,0.0,0.0,0.027785032680268537,0.03877822471983915,0.0,0.0,0.019301838706028935,0.05929927720062928,0.05643325185775879,0.0,0.0,0.0,0.0,0.0,0.0028685984790313276,0.0,0.0,0.0,0.0,0.0,0.0,0.0,0.0,0.022510104383242652,0.0,0.0,0.0,0.0,0.043460983000237,0.017590916809119818,0.054064117878572675,0.03159133753851656,0.0,0.0,0.0,0.0,0.0,0.0,0.006235057375949217,0.0,0.0,0.026678584164825592,0.028990088094575803,0.0,0.0,0.0460811292919606,0.046448939320529334,0.0,0.05290466841509464,0.0,0.0,0.0,0.0,0.0316473625079523,0.01341464080090879,0.0,0.042902713481454115,0.0,0.0,0.01966245505343582,0.028435991578385476,0.0,0.0,0.0,0.02637851564547865,0.05658831238103156,0.0,0.0436678562929157,0.0,0.009360024123419148,0.0,0.021821956147595578,0.05710553728014219,0.05743959551558072,0.054306148439350686,0.0,0.0,0.0,0.011360168973013417,0.0,0.0,0.0,0.0,0.0,0.03995866600158082,0.0,0.0,0.0,0.008127070251265696,0.0,0.0,0.0,0.0,0.0,0.0,0.02981955926459088,0.01229873409852551,0.0,0.0,0.0,0.02971698360775814,0.02735176742508092,0.0,0.0582297581677511,0.0,0.06129148212946682,0.02091203345988026,0.0,0.0,0.019220940433433517,0.03519466288548352,0.0,0.0,0.0010266549944406118,0.0,0.0,0.018553181780580772,0.0,0.0,0.0,0.0582619410005865,0.012940519683300976,0.0,0.046801896537520225,0.0,0.0,0.0,0.0,0.0,0.0,0.0,0.05016596029669318,0.0,0.0,0.016650708216726724,0.02352747993811201,0.021107028525158545,0.0,0.0,0.013817333638257316,0.04994367652723248,0.0,0.03158759776865774,0.0,0.0,0.007995297050228965,0.0,0.0,0.033016047110875565,0.0,0.0,0.0,0.0,0.03006338650566693,0.0468738839504639,0.0,0.0,0.06441136396456537,0.0,0.0,0.0,0.017421122485772458,0.0,0.0,0.0,0.0,0.0,0.040632170431369845,0.03564137095828506,0.0,0.044555337061874846,0.0,0.0,0.026226940961501074,0.018360158933964484,0.0,0.0,0.03983498733110105,0.0,0.011586800655176123,0.0,0.0,0.0,0.0,0.0,0.0,0.03186520583353801,0.0,0.045612294377931344,0.0,0.0,0.0,0.0,0.0,0.0,0.0,0.001936728954902051,0.0,0.034411447111321346,0.042954090462682955,0.0,0.0,0.0,0.014591384089999613,0.0,0.04525742325100126,0.06591756411614108,0.01086597281243838,0.0059536108627113345,0.0,0.0,0.0,0.0,0.04987237033903966,0.0,0.0,0.014339660805959557,0.060195971115542805,0.0423828585762494,0.0,0.0007832973786418671,0.0,0.05862818826808631,0.053462152380994915,0.0,0.051274165178706047,0.0,0.0,0.020428065349198492,0.02690813243698947,0.0,0.011438477874668456,0.0,0.0,0.002394182362014603,0.0,0.01253060666700156,0.0,0.0,0.02231690592849134,0.0,0.0,0.0,0.0,0.02942052947630954,0.0,0.0,0.0,0.0,0.018161052963275522,0.013023412764805753,0.03611735942526759,0.0,0.06872514195991904,0.0,0.0,0.033422990671455245,0.03227507317882444,0.03601156201794167,0.05749264537956796,0.0,0.0027821125086990592,0.0,0.0,0.0,0.061694301155272316,0.0,0.026527087718564105,0.021235421381354317,0.03330605473331423,0.0,0.0
0.0002716277305482183,0.0,0.0036304974852533825,0.0,0.0,0.0,0.03788772311204011,0.0,0.03727192639781339,0.0,0.0,0.012014650278057324,0.0,0.0,0.0,0.0,0.0,0.0,0.0,0.00021428056666346053,0.0,0.021672768236040536,0.021445161676474058,0.0,0.008836080044538692,0.0,0.022208848211436358,0.0,0.0,0.0,0.00946788126025601,0.0,0.0,0.022150095890615163,0.0,0.0,0.0,0.0,0.0,0.0,0.0,0.0,0.0005348365766946806,0.0,0.0,0.0,0.0,0.0,0.0,0.0,0.0,0.009255690939601937,0.029819219380042658,0.04619873735442953,0.0,0.0,0.0003394753931585916,0.000400203120493172,0.0,0.0,0.019262961548507932,0.0,0.012673616972027915,0.0020226562571881756,0.0,0.016387112024129534,0.00036161217125119425,0.024308069382844487,0.0028297974162349014,0.0,0.0,0.0002552182396797556,0.0,0.0027442550341796597,0.01629615436024206,0.0,0.00010456929424607676,0.00033392490718836505,0.0017256621581120185,0.0,0.0022559395953791815,0.0,0.0,0.0,0.0,0.0,0.0,0.007483369563747861,0.0,0.0,0.0,0.0,0.0,0.0,0.0016337504324810074,0.0,0.0,0.0,0.0,0.0,0.0,0.0,0.0,0.0,0.031229127358687485,0.023224254968006973,0.0,0.0,0.0,0.0,0.0,0.0,0.00032488232465791814,0.0,0.0,0.0,0.0,0.0,0.0,0.002135381317768541,0.005176533569023507,0.0,0.0015815929324759274,0.03030228433370132,0.0,0.0,0.0,0.00016149623191640894,0.026218572948172838,0.0,0.03519733093375923,0.0006924298234859743,0.000232645926786304,0.0,0.01877349533174489,0.0,0.0,0.030480411725624316,0.0,0.0,0.0,0.0,0.0,0.012786339434653744,0.031063070577292056,8.922632136231484e-5,0.027342990032860233,0.00027712592218141047,0.0,0.018574191308709204,0.0,0.0036665076030745337,0.0,0.026963255571712304,6.689031650691905e-5,0.0,0.0,0.0,0.025815847740569862,0.0,0.005691953878151534,0.0,0.0,0.0,0.0,0.0,0.0,0.0,0.0,0.0,0.0,0.0,0.0,0.0,0.0024626654395205,0.03707161072405048,0.0,0.0,0.0,0.002719007810728101,0.0,0.0,0.0,6.202607808949699e-5,0.0,0.006572797403837868,0.0,0.00039020950171367075,0.018407365604077564,0.0,0.0,0.011723223596789728,0.0,0.02062193142784659,0.019645986686834788,0.012241154861044542,0.0,0.008696097231781707,0.0,0.0021931381387229583,0.0,0.0,0.0,0.0,0.0,0.0,0.0,0.0,0.008242839743371233,0.003973938972661738,0.020360712976443852,0.0,8.251090026745984e-5,0.003921768119234847,0.004958590503777656,0.0,0.0,0.012792265455569184,0.008583972949136176,0.00040359191453391167,0.0028371264118115876,0.0,0.0,0.0,0.00244290921260584,0.0,0.0,0.0,0.0005014301205577002,0.0,0.0,0.002714929977196722,0.0,0.0,0.0,0.0,0.0,0.0,0.0,0.001970162097642197,0.0,0.0,0.0015210156254040876,0.0,0.04484899425474845,0.0,0.0222786912494243,0.0,0.0,0.0,0.0,0.0,0.015715151025964633,0.002855140915209947,0.0,0.0003562838103718933,0.0021729358084715536,0.0,0.00024447147603377643,0.0002806983920877943,0.00018796359050590264,0.0,0.0,0.0,0.0,0.00010955082976680384,0.0,0.0,5.407569050686368e-6,0.0,0.0,0.0,0.0,0.013717727827123915,5.5891654516933216e-5,0.0,0.0,0.0,0.008138073661830713,0.0,0.0,0.0,0.0,0.0,0.0,0.0,0.0,0.009289976316605629,0.018266378251285707,0.0,0.0,0.002150328290097484,0.03236701745758506,0.0,0.0,0.0,0.0,0.0,0.0,0.025745483002989903,0.01427351339128546,0.0,0.0,0.0,0.012593405892536538,0.018856867420557522,0.0,0.0,0.0007836570086757062,0.0,0.0,0.0288079313146062,0.0,0.0,0.014058094459265343,0.0,0.0,0.0,0.0,0.0,0.00017884302557469523,0.0,0.018754612517090666,0.0,0.0,0.0,0.006049787604607165,0.007007810133536592,0.0,0.0,0.0,0.0,0.003406435896614061,0.012939295155031035,0.00786475937833032,0.0,0.0,0.019414024119526117,0.02567981922581939,0.0,0.0,0.0,0.0,0.0,0.015000956544630345,0.0,0.0,0.0,0.0,0.013460989178816583,0.00459456371067093,0.0,0.0,0.0,0.0,0.0,0.0,0.0,0.006523949058410294,0.006733688328832449,0.0,0.0,0.0,0.0019615396275146912,0.007347326183526524,0.0,0.0,0.03531272895793719,0.0,0.0,0.0,0.0,0.0,0.0,0.015707392625378822,0.0,0.019112058135295908,0.0,0.0,0.0,8.50118529512308e-5,0.0,0.0,0.0,0.0,6.4254155062079e-5,0.0,0.0,0.00025555552941741434,0.0,0.0,0.0,0.0,0.0,0.0,0.027350998792384947,0.0,0.0070973572039164145,0.0,0.010806136157477221,0.0,0.0,0.0,0.0,0.0,0.0010135226579599643,0.03428175331002637,0.0,0.0,0.00027689593333283207,0.0,0.03496330034282336,0.000140817601745532,0.0,0.0,0.0,0.0028400462497593115,0.0,0.0,0.013415326949402001,0.0,0.0,0.0,0.02576705356740198,0.0,0.0,0.0,8.777250059110432e-5,0.0,0.0,0.00905592668533641,0.0018518625676521212,0.0,0.0,0.0,0.0,0.0,0.0004684670916912753,0.0,0.0,0.0026547293688987702,0.0,0.0,0.0,0.0,0.0,0.0,0.0,0.00034837574573293964,0.0,0.0,0.0,0.0,0.0,0.00957748030363211,0.0,0.0008973866033171734,0.0,0.0,0.0,0.0,8.757998336204171e-5,0.0,6.560835771160894e-5,0.0,0.0,0.009415680966313468,0.0,0.00021033098541882027,0.0,0.007663022190046697,0.00016808939110471118,3.15723688231939e-5,0.011074369100275979,0.0,0.04173164684231655,0.011715772951311846,0.0,0.0,0.0009951858030786728,0.016914020084560707,0.0,0.0,0.0,0.0,0.0,0.014205806244924646,0.0,0.0,0.0,0.009257403834919471,0.0,0.01158069474606196,0.0,0.00034228864660706997,0.0,0.007118048922587233,0.00521320445230175,0.0,0.0003225846313744652,0.010834599882557146,0.0,0.0,3.066966270158521e-5,0.0,0.0,0.00036839489980484464,7.640987972653068e-5,0.0392074747561511,0.0,0.0,0.0,0.009962457266634292,0.0,0.0,0.0,0.013047006114350545,0.017945949246249662,0.019039845527985457,0.025775784410828197,0.00037876904062736756,0.0,0.0,0.0,0.0,0.0,0.0,0.0,0.0,0.012923232643986017,0.0,0.0,0.0002820669681384713,0.0,0.0,0.0,0.0,0.0,0.0,0.018450751347411466,0.0,0.0,0.0,0.0,0.017097689881682667,0.0,0.0,0.0024746970585107836,0.0,0.0,0.01380359295909891,0.0,0.0,0.0,0.01857994941550688,0.0,0.0,0.01926668967543355,0.0,0.0,0.0,0.00023244294657723464,0.009468788448480366,0.0001131630381226114,0.007634094688128705,0.0,0.0,0.01617062143177594,0.0,0.0,0.008073649587673188,0.0,0.0,0.0,0.0,0.0,0.0,0.0,0.0,0.023231811688143526,0.0,0.0,0.0,0.007511164313492941,0.0,0.0,0.004665985601109916,0.0,0.01952536415870691,0.0,0.0,0.0,0.0033513030469727984,0.023084106899534725,0.0,0.0,0.0,0.007403397068274615,0.03117975589669146,0.004939634517741211,0.0,3.9856835813218935e-5,0.0,0.0,0.0,0.006424295057559566,0.0,0.0,0.05636948738958364,0.0,0.0,0.0,0.0,0.0,0.0,0.0,0.00015438399294199958,0.0,0.0,0.0,0.0,0.0,0.0,0.0,0.0,0.002856899999035113,0.0,0.003608266568457633,0.0,0.0,0.0,0.0,0.0,0.0,0.0013346130809609217,0.0,0.005193596439518915,0.0,0.0,0.0,0.0,0.018371739372494516,0.0,0.0,0.0,0.0,0.0,0.0,0.0,0.02475457782454573,0.0,0.0,0.002929097132585222,0.0,0.0,0.0,0.0,0.0,0.0,0.0,0.0,0.03749268293847338,0.0,0.0023693759135331193,0.01904428015553368,0.0,0.0,0.0003208145792086767,0.0,8.044113828160302e-5,0.0,0.0,0.0,0.0,0.007113212350400745,0.010962591709806886,0.0,0.0,0.0,0.0,6.588002656246288e-6,0.0,0.0,0.0,0.0,0.0,0.0,0.03417961111809054,0.003209633436791565,0.0,0.0,0.0,0.0,0.0,0.0,0.0013077624535732264,0.014205161058550513,0.0,0.0,0.0,0.0,0.0,0.025661125192330454,0.011356534186644947,0.0,0.0,0.0,0.0,0.0,0.0,0.023720120215159467,0.0,0.0,0.0,0.0,0.0,0.017020091879779622,0.0,0.0,0.0,0.0004207882511724698,0.0,0.033009447698061016,0.0,0.0,0.0,0.0,0.0,0.0,0.0,0.0,0.0,0.0,0.0,0.0,0.016424154870412554,0.0,0.0,0.0,0.01903729001795244,0.0,0.0,0.0,0.031527957746548575,0.0,0.0,0.0,0.0,0.0,0.030138100332940763,2.0933542055990864e-5,0.0003006391423355763,0.0,0.0006613827442212678,0.0,0.0,0.0,0.0,0.0,0.0,0.020291850816773437,0.023490942004973304,0.0,0.0,0.0,0.0,0.0,0.0003719784525931683,0.0,0.0017349715891154243,0.0,0.0,0.0,0.0,0.033110188956424806,0.0021656956628743626,0.0,0.0,0.022889970917946423,0.0,0.0,0.0,0.0,0.0,0.0,0.0,0.0,0.0,0.016186073415951907,0.0,0.0,0.030140981285021406,0.0,0.0,5.65244600333246e-5,0.0,0.0,0.00035022700075371186,0.0,0.020852245963981796,0.0,0.0,0.0,0.00042273087003741035,0.0,0.0007291950827968204,0.0,0.004548837719132784,0.0,0.0,0.0,0.0,0.0,0.0,0.00016684686316250386,0.0,0.0,0.0,0.00043373925251684304,0.0,0.0,0.0,0.0,0.014364668166097867,0.0,0.001337785542629601,0.0,0.0,0.0,0.020824605979906242,0.010682040762278053,0.0,0.028577820016478957,0.0,0.0019441922868026515,0.00030360201786444016,0.0,0.0,0.00038548581341686026,0.0,0.014716607492735019,0.0,0.0,0.0,0.0,0.0,0.0,0.0021992418023866526,0.004975527284290946,0.0,0.015778684133925847,0.0,3.659809470645654e-5,0.0,0.022436762510942808,0.0,0.0,0.005518596148207398,0.0,0.0,0.0,0.0,0.0,0.0,0.0,0.025816229725825913,0.0,0.0,0.0009304155633913232,0.0,0.044237419904733316,0.0,0.0,0.0,0.0,0.0,0.0,0.0,0.0,0.0,0.0,0.0,0.0,0.013719914962194359,0.0,0.019132014174211592,0.0,0.0,0.0,0.0,0.0,0.0,0.02568684405530295,0.0,0.00037714328251748334,0.0004469154494381828,0.0,0.0,0.0,0.0,0.0,0.0,0.0,0.0,0.0,0.0006612359186482304,0.0,0.0,0.0,0.0,0.0,0.0,0.011500488047899675,6.236567614890323e-5,0.0,0.0024082363717809947,0.0,0.007224870821886781,0.00589158341520687,0.0,0.0,0.0,0.0,0.0,0.006539655093222237,0.0,0.0,0.004039790284306687,0.010902176275228605,0.0,0.0,0.028294709988571365,0.0,0.011891883527617267,0.0,0.0,0.0,0.0,0.0,0.0,0.0,2.4223868232353564e-5,0.0025813562664915185,0.0,0.015177590050186979,0.0,0.0,0.0,0.011735868526091764,0.0,0.01421976380826871,0.0,0.0,0.011178489035520512,0.029083850529071045,0.0,0.004622470470342938,0.030711905268151755,0.0,0.0,0.0,0.0,0.031069547040429885,0.0,0.0,0.0,0.0,0.0,0.0,0.0,0.0,0.0,0.0,0.00016501658865471528,0.0,0.0,0.0,0.0,0.0,0.035726313561980284,0.0,0.0,0.0,0.0,0.00023469399509131394,0.0,0.028139442704555175,0.029310965664729977,0.0,0.0,0.009065564104040285,0.013507762728813768,0.0,0.007723420648552129,0.0,0.0,5.753733046630481e-5,0.0,0.0,0.0
0.2183643263101365,0.23565544825537119,0.2840877467315354,0.2764115714962631,0.2247205241770047,0.0,0.23377991805042556,0.0,0.22588501054857654,0.0,0.23106054196950362,0.0,0.0,0.23673581061535456,0.20173597506956725,0.0,0.0,0.0,0.0,0.0,0.0,0.23277580281432733,0.0,0.0,0.0,0.0,0.0,0.0,0.0,0.0,0.0,0.21104694581201291,0.0,0.224346630368756,0.22733320986756184,0.2576381058129274,0.0,0.23362544687292974,0.0,0.0,0.0,0.0,0.2603035580010617,0.0,0.0,0.0,0.23196483256288203,0.0,0.0,0.24075655211788077,0.26072650383157253,0.21032145140362427,0.0,0.0,0.2526375203969026,0.0,0.2373267064494143,0.0,0.0,0.23864250833461834,0.0,0.0,0.2459748048812765,0.2082457475399326,0.19729315114847717,0.0,0.25930526181225544,0.0,0.0,0.23290349228807988,0.0,0.0,0.0,0.17882344045174012,0.0,0.0,0.0,0.0,0.0,0.0,0.0,0.0,0.0,0.0,0.0,0.0,0.0,0.22528096234511988,0.2657146230059077,0.0,0.0,0.0,0.0,0.0,0.0,0.0,0.0,0.0,0.0,0.0,0.24168547106762664,0.0,0.0,0.0,0.22852115083825544,0.0,0.2348284101311028,0.0,0.0,0.0,0.23009124626181945,0.0,0.19663945299808938,0.22147052365325934,0.0,0.0,0.250586849336783,0.0,0.2178749166858782,0.2151062111286589,0.0,0.0,0.0,0.2004773771685343,0.0,0.0,0.0,0.25935584446814836,0.0,0.0,0.21931616081459682,0.27180991431812956,0.23125024805844824,0.0,0.0,0.0,0.0,0.21995219284341008,0.21977438164944518,0.0,0.0,0.0,0.2514650985504975,0.0,0.2425106765257797,0.0,0.0,0.2378969228267171,0.21723381133062192,0.0,0.0,0.0,0.24521197101193612,0.21447212396543106,0.0,0.0,0.0,0.0,0.2257810657022878,0.20213479178376173,0.0,0.2005417771299596,0.0,0.0,0.21518330633634797,0.0,0.0,0.2098385111977567,0.0,0.2477369568998451,0.0,0.2257535888949051,0.0,0.0,0.2766876187723321,0.0,0.0,0.2216277723312681,0.0,0.24009589739354126,0.0,0.2373488888763449,0.0,0.21946687124048217,0.0,0.17012469703008487,0.0,0.2281206026157822,0.0,0.0,0.0,0.0,0.2122149958560511,0.0,0.0,0.2043545032152244,0.0,0.0,0.0,0.0,0.23761596062374005,0.19718621143600695,0.0,0.0,0.0,0.0,0.0,0.2222426896799815,0.0,0.23034212079691163,0.0,0.0,0.0,0.0,0.24267314936389878,0.0,0.2267752741680103,0.2435210854625548,0.0,0.0,0.2652740576333405,0.23916696426596984,0.0,0.0,0.0,0.0,0.23882445874981315,0.2279679431847389,0.0,0.21838748708362232,0.22623989460348568,0.23364343417191097,0.0,0.0,0.0,0.0,0.0,0.0,0.0,0.0,0.257632322406758,0.0,0.2542233940356381,0.0,0.0,0.0,0.0,0.23493478476742405,0.0,0.0,0.0,0.0,0.24821468938231375,0.25677441119831157,0.21451636447091998,0.21892730201397712,0.22853431847921377,0.0,0.23843286407818337,0.2834289958258908,0.26610063563997166,0.19780050281866293,0.19059790101471297,0.19314950588541294,0.0,0.16393114268026965,0.0,0.0,0.19905293600213603,0.0,0.0,0.0,0.0,0.0,0.0,0.0,0.0,0.0,0.0,0.0,0.0,0.0,0.23766306697401518,0.21935523050139089,0.0,0.0,0.0,0.0,0.0,0.0,0.0,0.22861945804647152,0.0,0.0,0.0,0.0,0.23011541314849165,0.2709518144547388,0.2518395115829938,0.22713107034827285,0.22017537816463487,0.0,0.22569624598460847,0.0,0.25721265763527523,0.0,0.2272985119969742,0.0,0.2569869762718084,0.0,0.23595405045945927,0.24930539085149012,0.0,0.0,0.0,0.0,0.0,0.2560859448920617,0.22114764572519285,0.22952167124297942,0.0,0.0,0.25773978373844614,0.0,0.22186570182270776,0.23732544982104145,0.0,0.23575303780089207,0.2681467130331848,0.25472534513917156,0.0,0.0,0.22912582091972145,0.2531448442726878,0.23665269885050863,0.0,0.23477036784253608,0.0,0.23354322140028805,0.22564542670276316,0.0,0.24707343427158715,0.0,0.25339041687153024,0.24765188905807448,0.0,0.21396122635073234,0.22509445197029954,0.24020783365665202,0.23638292674668654,0.21516611067728952,0.0,0.0,0.0,0.0,0.0,0.0,0.0,0.23665251273642382,0.0,0.0,0.0,0.20073282278897417,0.0,0.0,0.0,0.0,0.23690811382958418,0.0,0.0,0.22259138726706293,0.0,0.0,0.1865541371964703,0.23154057573342485,0.0,0.0,0.0,0.0,0.23523699584177232,0.0,0.0,0.2487073430393316,0.0,0.2272191508243141,0.0,0.2179526811084088,0.0,0.0,0.0,0.0,0.0,0.0,0.239810094712101,0.21569501563565888,0.0,0.0,0.25012702775919843,0.22532157017428084,0.0,0.24905659331574534,0.25118045692956326,0.2313193382693557,0.0,0.2480265331552431,0.2531789758978296,0.20582773735484833,0.0,0.22303356714285752,0.22767884822550705,0.2688829454120955,0.0,0.0,0.0,0.22537020013132533,0.0,0.0,0.0,0.0,0.0,0.0,0.18708674039425802,0.0,0.0,0.0,0.2393295957144037,0.0,0.0,0.0,0.0,0.2212928007237816,0.0,0.0,0.2812483468879251,0.2549508719497058,0.0,0.0,0.0,0.23969355014168875,0.22918820870304552,0.0,0.23308886790828734,0.0,0.22804979539098025,0.0,0.0,0.0,0.0,0.2083825036158049,0.2796803043424004,0.0,0.0,0.0,0.23730970425751371,0.0,0.0,0.0,0.0,0.0,0.0,0.0,0.0,0.0,0.0,0.0,0.0,0.2147293903431587,0.24774330526373434,0.0,0.0,0.0,0.2650586527853681,0.2288471508314622,0.0,0.0,0.23482961363275584,0.0,0.25127850715301214,0.0,0.0,0.0,0.0,0.0,0.0,0.0,0.0,0.0,0.0,0.0,0.0,0.25605038390270796,0.0,0.0,0.0,0.0,0.0,0.23920889169479312,0.2571726462925951,0.23753392580019647,0.0,0.22026357630445587,0.22118904045459165,0.0,0.23280972624486496,0.23088664116726038,0.21063751688979926,0.24803548615975304,0.0,0.0,0.0,0.0,0.0,0.0,0.24273512792214272,0.0,0.21830990420344865,0.0,0.22702064594728358,0.0,0.0,0.0,0.0,0.2227888375271211,0.0,0.0,0.0,0.22685032022052679,0.0,0.23551941439556753,0.0,0.0,0.20404364151125845,0.0,0.0,0.0,0.0,0.0,0.22033640757574094,0.27493570580571997,0.0,0.0,0.22158730543165997,0.0,0.0,0.27906978015930917,0.0,0.23182551741396562,0.22272339209279554,0.0,0.0,0.2833062265914768,0.0,0.23378956955633884,0.0,0.22554815495502548,0.0,0.0,0.2593027101984257,0.0,0.0,0.1996557515176946,0.20739168538575012,0.24304119812216254,0.22511064464866154,0.0,0.1934896952819587,0.0,0.249593083864266,0.0,0.0,0.0,0.2206590904450487,0.2543748443260218,0.0,0.0,0.22888480881015646,0.0,0.0,0.2595367036640831,0.19624290828585836,0.0,0.0,0.0,0.22388413509048843,0.23451566056376846,0.0,0.0,0.0,0.0,0.2488564934736601,0.0,0.0,0.0,0.2565030423195426,0.0,0.0,0.0,0.24258401490508036,0.0,0.0,0.0,0.2807702913628217,0.23601624049109476,0.0,0.0,0.0,0.22097438814538742,0.0,0.0,0.0,0.0,0.0,0.0,0.2556440746601175,0.0,0.25152836838562176,0.23411178385430675,0.0,0.0,0.0,0.0,0.22623769015281445,0.24125021361626714,0.0,0.23623531111308066,0.2167182515785742,0.0,0.0,0.0,0.0,0.0,0.19989485015653116,0.2015437010185389,0.0,0.0,0.0,0.2580551940388626,0.0,0.0,0.21552438980473398,0.0,0.0,0.0,0.20953771499864113,0.0,0.195872898289495,0.0,0.0,0.0,0.0,0.2205882726078825,0.1868851958263064,0.0,0.0,0.0,0.23728051477777032,0.0,0.0,0.0,0.0,0.0,0.0,0.18534481312856585,0.0,0.1979498599276242,0.2657810856867477,0.0,0.20103580414892716,0.0,0.21175854420078585,0.2218060987977566,0.2030778809024511,0.2159547261161364,0.0,0.0,0.21961791934708147,0.0,0.0,0.0,0.19060906816711234,0.0,0.0,0.0,0.0,0.0,0.24048006637093636,0.0,0.2282085728848623,0.0,0.0,0.0,0.0,0.0,0.0,0.0,0.0,0.23686809649179066,0.0,0.0,0.20306871067495044,0.0,0.0,0.26690286005399544,0.22072061017612732,0.0,0.0,0.22191612744332787,0.23217618059139097,0.0,0.0,0.0,0.0,0.0,0.0,0.2346100846535358,0.24159824916280556,0.0,0.22374326889008578,0.0,0.0,0.24465320724657252,0.0,0.20475298718078325,0.0,0.0,0.0,0.21552684101519584,0.24435630407133865,0.0,0.0,0.2840308090558723,0.25422239908742705,0.0,0.23019796683712318,0.0,0.0,0.0,0.0,0.21862943974391655,0.0,0.0,0.0,0.22020891172924564,0.0,0.0,0.23867051413951546,0.236980669493854,0.2506775454511399,0.2336987063174258,0.21991687201739513,0.0,0.0,0.0,0.218583010917249,0.0,0.25724849853757764,0.18570105878555834,0.0,0.27276074838708236,0.22654158676161998,0.0,0.24438198569498643,0.0,0.2668843726653249,0.2355449849050422,0.0,0.18384130308117436,0.0,0.0,0.19781226497872983,0.0,0.25919220698887496,0.0,0.0,0.0,0.243468216430026,0.0,0.22257089137741984,0.2634283755294477,0.0,0.2295611053116658,0.0,0.0,0.0,0.22490213126892492,0.23291007087310278,0.0,0.23324881044003457,0.2602685047239402,0.0,0.1997396125547619,0.0,0.24891871903279367,0.2544966377610384,0.0,0.0,0.2563959459734687,0.0,0.0,0.0,0.0,0.0,0.23220540097227588,0.21754993663349204,0.0,0.2383923099729175,0.0,0.24206006283212136,0.0,0.0,0.0,0.0,0.22700210714970834,0.2654130560938826,0.2570986667605866,0.0,0.0,0.0,0.0,0.0,0.0,0.0,0.0,0.21213180885843674,0.0,0.0,0.2209325444505202,0.2381802043286723,0.22574174736560418,0.2195019899777621,0.20024472857945994,0.20703682868003304,0.24195842278773924,0.0,0.24914606064257314,0.0,0.0,0.0,0.2891121086116564,0.25743891373278777,0.2474077348270123,0.0,0.23705857722107038,0.21973146190778634,0.0,0.0,0.0,0.0,0.22365413013412966,0.0,0.0,0.22435433522196987,0.24691762098269068,0.0,0.21783758392235258,0.0,0.251696128218087,0.0,0.0,0.0,0.0,0.25609574767023346,0.0,0.0,0.0,0.0,0.0,0.0,0.21891652676347767,0.0,0.25841203924325057,0.0,0.21198807041113826,0.0,0.0,0.0,0.0,0.22394525698033654,0.0,0.22832254249641798,0.0,0.0,0.0,0.2848902352055078,0.2671268719736848,0.20056741441433754,0.0,0.0,0.0,0.0,0.22091685497503694,0.0,0.24048694071602847,0.0,0.26401525218849364,0.23890566058335808,0.0,0.24208407634308263,0.0,0.2190088685460769,0.0,0.2506918439743641,0.0,0.0,0.0,0.0,0.2194843882784164,0.0,0.0,0.0,0.0,0.0,0.23879733392318486,0.0,0.22138100220416915,0.0,0.0,0.0,0.0,0.0,0.2708326297425469,0.0,0.0,0.0,0.26165195336538355,0.0,0.0,0.0,0.2267825690731058,0.0,0.22393450975883838,0.25815652536892264,0.23492081118904926,0.0,0.22292853066838828,0.0,0.24232121604347248,0.22163321185788462,0.2391390442784989,0.23099342703236753,0.0,0.26941266972627403,0.24446857565927232,0.0,0.0,0.23310594838015772,0.22759551854511262,0.0,0.20670453124728255,0.2540836757002807,0.24476809287866522,0.0,0.0,0.0,0.0,0.0,0.0,0.0,0.0,0.20363928762305203,0.0,0.0,0.2368038055945085,0.0,0.19001085746581955,0.0,0.0,0.2285937571506022,0.2202169120633953,0.0,0.0,0.20555711605590446,0.0,0.23152529946334144,0.2368905541134958,0.22658322641795825,0.21198736066818294,0.0,0.0,0.0,0.2082524004558828,0.2545342871731587,0.0,0.0,0.0,0.0,0.0,0.0,0.0,0.26035605308298326,0.2190862400189411,0.0,0.0,0.0,0.0,0.0,0.0,0.0,0.2251679032092891,0.0
0.0,0.17694327927607031,0.0,0.0,0.0,0.0,0.0,0.0,0.13887894327939773,0.0,0.0,0.14259266786264546,0.11025253488935799,0.0,0.1697887630431631,0.0,0.0,0.0,0.0,0.0,0.0,0.0,0.17294722666130297,0.0,0.0,0.0,0.0,0.0,0.15931174642730292,0.0,0.0,0.0,0.2004189849731259,0.0,0.10034745995196082,0.0,0.12380311936955483,0.0,0.0,0.0,0.1393025714662821,0.0,0.0,0.0,0.0,0.0,0.0,0.21298063317545105,0.150716046922491,0.14261202316659286,0.14956968723479214,0.16487629466869247,0.0,0.0,0.14458462856715837,0.0,0.17731390837576494,0.0,0.0,0.0,0.15921929321787784,0.17834439392039464,0.15902159524589005,0.16969056739007196,0.15987668324601537,0.0,0.15992152948941632,0.0,0.0,0.0,0.0,0.14217090363760268,0.0,0.16046896214931228,0.0,0.0,0.0,0.18482704071881131,0.0,0.0,0.0,0.19030156565685502,0.0,0.0,0.0,0.0,0.17268190382502474,0.1444822993300271,0.0,0.15566393645254498,0.0,0.12018291924180438,0.1733141174995748,0.0,0.1832803004315365,0.0,0.0,0.1452171184610101,0.0,0.0,0.0,0.0,0.17438403829407464,0.141773483386508,0.0,0.154327254016824,0.15155060329846917,0.0,0.0,0.0,0.0,0.0,0.17539164619631636,0.0,0.0,0.0,0.0,0.0,0.0,0.0,0.0,0.0,0.19721344264278956,0.0,0.0,0.16619148671147566,0.14833896459620408,0.16962476002397714,0.14976882521991725,0.0,0.0,0.0,0.16675493212851916,0.0,0.17893310799155734,0.0,0.0,0.15258339530740206,0.16159053012710617,0.0,0.0,0.14176138159922255,0.18798862511935832,0.0,0.0,0.1665057456489814,0.0,0.0,0.2229435944791068,0.13595555184366748,0.0,0.11274381406348051,0.13298206255772457,0.17288937225372897,0.0,0.0,0.14241900918792272,0.0,0.15716521979268308,0.1383932674831646,0.0,0.0,0.1418489765877573,0.0,0.0,0.0,0.0,0.1561912058039819,0.0,0.0,0.16522305966999976,0.0,0.0,0.0,0.1757290098225655,0.0,0.16287492538949844,0.0,0.0,0.0,0.16378106007763696,0.14184583030461675,0.1317557408517168,0.1766551412213302,0.0,0.0,0.16861239324513858,0.0,0.0,0.19047239170109131,0.14585047707608859,0.0,0.1601829598862717,0.0,0.0,0.1450197585862835,0.0,0.0,0.0,0.0,0.0,0.13491993656839427,0.0,0.0,0.0,0.14072855729391381,0.0,0.13745633423610373,0.12022961521462237,0.0,0.0,0.0,0.0,0.0,0.17347337403169333,0.0,0.12934135280337652,0.0,0.0,0.0,0.17327963921773584,0.0,0.0,0.0,0.0,0.0,0.0,0.17750492026156525,0.0,0.0,0.0,0.15766564987329693,0.0,0.0,0.0,0.0,0.0,0.0,0.0,0.12330059918206064,0.15805317393538876,0.14709861632448917,0.15616536159178132,0.0,0.0,0.0,0.165400287765979,0.0,0.0,0.0,0.0,0.0,0.0,0.0,0.1648586496522949,0.0,0.1503544434987972,0.0,0.0,0.0,0.14478631448217463,0.16800161632442445,0.09434711668290635,0.0,0.0,0.0,0.0,0.0,0.0,0.0,0.0,0.0,0.19216510572628331,0.0,0.15739349643765127,0.0,0.0,0.0,0.1628934041242954,0.0,0.0,0.11962156895427986,0.0,0.0,0.0,0.0,0.0,0.0,0.0,0.1572081982586617,0.0,0.15780629419703113,0.0,0.15588734019711378,0.0,0.1710056084429857,0.12896742043696374,0.0,0.0,0.1423547150252886,0.0,0.0,0.0,0.0,0.1669933951300619,0.1326688629507232,0.11087258235546756,0.16464325498863855,0.0,0.15829236032975053,0.0,0.16492710708345756,0.0,0.0,0.0,0.0,0.0,0.16394665484433357,0.1555456274478541,0.0,0.0,0.15636771525249032,0.1501993453258316,0.0,0.0,0.0,0.15313561398073283,0.1496944044493327,0.0,0.0,0.0,0.1724384420446463,0.0,0.15220756847821124,0.1464798372128836,0.14073321908793313,0.0,0.0,0.0,0.150036291050127,0.0,0.0,0.0,0.1761392832855939,0.13262432828691903,0.0,0.16170262464359458,0.16088641142134372,0.12535920496759842,0.0,0.0,0.0,0.0,0.15592921237660812,0.0,0.0,0.0,0.15954588169742434,0.0,0.14308308793852936,0.0,0.0,0.0,0.1637165060259473,0.18523098855210285,0.14097782757301572,0.0,0.15916180335151686,0.17800972350631508,0.1573139607276395,0.15671039140343962,0.1928676421042519,0.1552041790883504,0.12834557847753267,0.16663549831643268,0.0,0.15433520383662247,0.1586446936648924,0.0,0.17678184860140866,0.16739786475910576,0.0,0.0,0.0,0.0,0.0,0.16532122526902351,0.0,0.0,0.0,0.0,0.0,0.0,0.0,0.0,0.1538978061839981,0.0,0.1569721796059258,0.0,0.0,0.14808108268154976,0.0,0.15229377970058844,0.0,0.0,0.0,0.0,0.0,0.0,0.0,0.1482804540556877,0.15003397674029872,0.1844966743278569,0.0,0.0,0.0,0.0,0.0,0.0,0.1633317345599701,0.0,0.0,0.0,0.0,0.0,0.15828754911108198,0.0,0.16819535655073883,0.0,0.0,0.0,0.0,0.17725058851060083,0.0,0.0,0.0,0.0,0.16576833213524644,0.13788061975482352,0.14989792820980413,0.0,0.0,0.0,0.0,0.165448625055807,0.0,0.0,0.0,0.0,0.0,0.0,0.0,0.12047511376495766,0.0,0.13741244186794516,0.14250855844525528,0.17831754388962295,0.18693837101054794,0.1328250982153077,0.0,0.0,0.14189310611454298,0.0,0.15170719651323555,0.133000411660745,0.1396082464840937,0.1587369536924379,0.0,0.18194382771039327,0.0,0.0,0.0,0.0,0.14993468934862197,0.0,0.14521621668982623,0.1722334989400936,0.18056024634519147,0.0,0.0,0.0,0.11785998833001246,0.0,0.0,0.0,0.0,0.0,0.0,0.0,0.159904404009255,0.0,0.19250809378727707,0.16687380911477306,0.0,0.0,0.0,0.14567886061688207,0.0,0.0,0.0,0.11073260025636517,0.13980798954716284,0.14716756421899557,0.18485465703178738,0.0,0.18655185358099857,0.0,0.18075437296211322,0.16208839316388837,0.176871901905829,0.15173693542172037,0.1720034065610337,0.0,0.0,0.0,0.0,0.1229221936276264,0.1389109836819757,0.15697000903059077,0.0,0.0,0.0,0.0,0.0,0.0,0.0,0.1411926527818082,0.0,0.0,0.0,0.1509139900626273,0.12837582077343926,0.0,0.0,0.12977856003212662,0.11252138504422975,0.0,0.0,0.0,0.1831229273165325,0.0,0.0,0.0,0.16546669457211852,0.0,0.0,0.0,0.0,0.0,0.0,0.16653008082788584,0.0,0.16185144344059157,0.0,0.0,0.0,0.0,0.16556091774534584,0.0,0.15231138077310696,0.0,0.13498421819833878,0.0,0.0,0.0,0.0,0.0,0.0,0.15040847867315454,0.0,0.0,0.0,0.0,0.17169669246274583,0.0,0.16381614163541136,0.0,0.19129060774054893,0.0,0.14375553920276937,0.0,0.16572931987118883,0.0,0.14542228079178868,0.0,0.0,0.1613004346322777,0.0,0.0,0.0,0.0,0.0,0.0,0.0,0.0,0.0,0.1500578170493651,0.0,0.18010048308562662,0.0,0.0,0.0,0.20080909697192845,0.1837682994654394,0.10666633042707171,0.0,0.1379540611197279,0.0,0.0,0.0,0.0,0.2029907360916936,0.0,0.0,0.11570948018373096,0.0,0.16399202794769444,0.0,0.0,0.0,0.1593749236390202,0.0,0.0,0.0,0.0,0.0,0.0,0.0,0.0,0.0,0.17041982105544015,0.18587100651392066,0.16153975065685935,0.0,0.0,0.12760988855992011,0.0,0.16629265851468092,0.0,0.16914924003325157,0.15090581729153413,0.12817127595997346,0.0,0.0,0.0,0.1481148152431171,0.0,0.0,0.0,0.0,0.15878925131749366,0.0,0.14350039938626974,0.0,0.0,0.0,0.16491382585404113,0.0,0.0,0.0,0.0,0.0,0.1563389236284203,0.0,0.1676282310182684,0.0,0.0,0.16472938908588405,0.0,0.12195916517705835,0.14543425812384544,0.0,0.0,0.0,0.14553355366633078,0.17007812119159654,0.0,0.18866136691448648,0.0,0.1493629070944175,0.12656503122876694,0.0,0.0,0.0,0.0,0.0,0.0,0.0,0.0,0.0,0.0,0.0,0.0,0.1480480354875273,0.0,0.0,0.13517964662038506,0.0,0.0,0.0,0.0,0.14635405512516336,0.0,0.0,0.0,0.0,0.0,0.0,0.0,0.0,0.0,0.0,0.0,0.1635748387322956,0.12667120466044207,0.0,0.0,0.14645896787167278,0.15524662043320347,0.0,0.0,0.0,0.15258342615156215,0.12306526479458457,0.0,0.12364521487292209,0.15236298093626377,0.0,0.0,0.17803511376486725,0.1816420326688572,0.0,0.13956401820786285,0.0,0.0,0.16341329587631956,0.16056871917815374,0.0,0.12586209487710245,0.12916312529325505,0.0,0.0,0.0,0.0,0.0,0.0,0.0,0.0,0.17394420018633516,0.0,0.13691042812542156,0.15965798572736056,0.0,0.0,0.11038868254225091,0.0,0.0,0.0,0.15551455344053677,0.18185548678948232,0.0,0.13349136184420543,0.0,0.0,0.0,0.0,0.16506470537387224,0.12318083720174075,0.0,0.0,0.1199466461330301,0.0,0.0,0.15654875095033252,0.15390179265088808,0.13621693043376287,0.0,0.17514594710056308,0.14151411343344197,0.1799042089764476,0.0,0.0,0.0,0.15002707147153557,0.1532198129247365,0.0,0.15362120192054335,0.0,0.0,0.0,0.1625565465373136,0.1263623518046216,0.0,0.0,0.17551252364133885,0.1816726493351104,0.0,0.0,0.1853902720185018,0.1550920978147488,0.0,0.20627869919958228,0.0,0.17703763355670257,0.0,0.17034814138679036,0.17479491691237628,0.1313425980932549,0.0,0.0,0.0,0.0,0.17814940677865998,0.0,0.0,0.14254553668870562,0.1403775355552731,0.0,0.0,0.0,0.0,0.0,0.0,0.16670918170832585,0.0,0.18875209985536615,0.0,0.15316442639129,0.14264112467791926,0.0,0.14207359356658067,0.16374161058415115,0.12450187565218539,0.0,0.0,0.0,0.0,0.0,0.16532152903141323,0.0,0.0,0.0,0.13464687243976767,0.0,0.0,0.0,0.0,0.17647366816244228,0.1342874286979936,0.0,0.0,0.1447423736905848,0.0,0.0,0.0,0.0,0.0,0.0,0.0,0.0,0.0,0.0,0.0,0.14135082420798017,0.0,0.0,0.0,0.14286095024195225,0.0,0.0,0.15553830624015122,0.0,0.0,0.0,0.0,0.0,0.0,0.0,0.0,0.0,0.13599366198143964,0.14059490122062065,0.0,0.17438665065935682,0.0,0.0,0.0,0.0,0.0,0.0,0.0,0.0,0.13249301765542204,0.0,0.18008078560301788,0.1875494369564753,0.0,0.14558512174658675,0.1799417725289281,0.0,0.0,0.0,0.0,0.0,0.16121894060697703,0.0,0.0,0.0,0.0,0.0,0.0,0.0,0.15718181072351936,0.0,0.19593792166803659,0.0,0.0,0.19039863487958528,0.0,0.0,0.0,0.1953042438135219,0.0,0.0,0.15709254571009298,0.0,0.0,0.13888163555524297,0.0,0.16220844709349294,0.0,0.15608472665037484,0.156361334724331,0.0,0.16892077440269032,0.0,0.0,0.0,0.0,0.0,0.0,0.1714655590864535,0.18435454857569905,0.1215374541821743,0.1410268038643184,0.18730216901612987,0.15980021066209063,0.0,0.12133780607773506,0.0,0.1789971032588395,0.0,0.0,0.17364208928653083,0.0,0.0,0.0,0.0,0.0,0.1110305931459874,0.0,0.0,0.15115381506879963,0.0,0.0,0.15318764922295822,0.0,0.0,0.1619600440976853,0.0,0.0,0.0,0.1501890727259509,0.17789729643262023,0.0,0.0,0.0,0.0,0.0,0.0,0.13881160407008708,0.1419920951347445,0.0,0.0,0.16708738937123108,0.0,0.0,0.12621008482205107,0.1239406279826426,0.0,0.0,0.0,0.0,0.15106381365089272,0.0,0.0,0.0,0.15940530318469412,0.0,0.0
0.0,0.0,0.0,0.0,0.0,0.0,0.0,0.0,0.6293419944512285,0.6218423634390958,0.5572874343106539,0.617727794852378,0.6203526246575599,0.0,0.0,0.5595242843295275,0.0,0.0,0.0,0.0,0.0,0.6005982291873908,0.6029468972841154,0.0,0.0,0.0,0.0,0.0,0.0,0.0,0.0,0.0,0.0,0.0,0.0,0.6028387422744398,0.0,0.0,0.6043030836224264,0.0,0.5850550147323472,0.0,0.6056970014896118,0.0,0.0,0.0,0.0,0.0,0.5563747828402466,0.5684606845586704,0.5829451448426548,0.5263606764459033,0.5999988128731457,0.6136855150729199,0.0,0.5780106731060597,0.5483677567158248,0.0,0.0,0.5993626382624292,0.6298951366601024,0.0,0.5972151739311522,0.5562225459653817,0.0,0.0,0.5463930687841799,0.0,0.0,0.5755548531080271,0.0,0.6029823994239547,0.6363800784638358,0.0,0.0,0.0,0.0,0.5685901125696751,0.0,0.0,0.0,0.0,0.0,0.0,0.0,0.0,0.5595481072053491,0.0,0.0,0.0,0.0,0.0,0.6132898032348383,0.0,0.0,0.0,0.0,0.5926721425320232,0.0,0.0,0.0,0.0,0.0,0.5897368075890308,0.0,0.535369149631001,0.0,0.0,0.6040894811316027,0.0,0.0,0.0,0.0,0.0,0.5844063646985432,0.0,0.5667218777192797,0.0,0.0,0.5748187903274166,0.5742598801381753,0.0,0.0,0.6114505367937633,0.6372166339049868,0.0,0.0,0.0,0.0,0.0,0.0,0.5458007919080948,0.0,0.0,0.581911999354336,0.0,0.0,0.582745843382676,0.0,0.6026124667911958,0.0,0.0,0.0,0.6108998025746204,0.0,0.553919574370431,0.0,0.6265333202714732,0.5507129274907291,0.5667063670325656,0.6293419080127941,0.0,0.0,0.5804422671010402,0.6097234310074747,0.0,0.0,0.0,0.0,0.0,0.0,0.6145453743543479,0.0,0.0,0.0,0.0,0.0,0.570316796585712,0.0,0.5998611922296521,0.0,0.0,0.0,0.6050863236807847,0.5804790152540322,0.6070977616567524,0.0,0.625827598756312,0.5607006909979967,0.6166722718348004,0.0,0.5738766796232375,0.0,0.5718348117679912,0.0,0.0,0.0,0.0,0.5573268502141995,0.5921849962007343,0.0,0.0,0.5911343474797534,0.0,0.0,0.0,0.0,0.5928471438978778,0.0,0.6126587369259675,0.5653455297718383,0.5788269124323187,0.0,0.0,0.0,0.0,0.0,0.0,0.0,0.6084143926996393,0.0,0.6118471521550722,0.5363097703760678,0.0,0.0,0.0,0.0,0.5683027099734097,0.0,0.0,0.0,0.0,0.0,0.0,0.0,0.5793322360872333,0.6026427083250637,0.5882245827179364,0.0,0.6020918842187933,0.6079780136845345,0.5386551733740058,0.0,0.0,0.0,0.5942758748973792,0.0,0.0,0.0,0.0,0.0,0.0,0.6168405414545086,0.0,0.5894867881702672,0.0,0.0,0.0,0.0,0.0,0.0,0.0,0.5804920816964393,0.5758979114593581,0.0,0.0,0.0,0.0,0.5452946749477734,0.5496471279375765,0.0,0.5930544111894926,0.6048529377812134,0.6265185171274443,0.0,0.5737286799500259,0.0,0.6279732222540572,0.0,0.6183938131708446,0.0,0.0,0.0,0.0,0.0,0.0,0.5843344552394575,0.6049006306545038,0.5678529396545922,0.6334530183827435,0.0,0.0,0.0,0.0,0.0,0.0,0.0,0.5605150092996366,0.0,0.0,0.570041376441717,0.562985196069543,0.0,0.0,0.5878343879625825,0.0,0.5513821530418574,0.0,0.0,0.6080621427984061,0.0,0.591633724788246,0.0,0.0,0.5721848020522522,0.5620779228622759,0.0,0.5593192492862044,0.0,0.5703296035860217,0.0,0.0,0.0,0.6320923802692228,0.5945265845786297,0.0,0.0,0.0,0.5376835091625851,0.0,0.5773965501569944,0.0,0.6023957074061195,0.0,0.0,0.6094547144163645,0.5627101400190972,0.0,0.0,0.5916725945124303,0.0,0.0,0.5540482256537963,0.0,0.5939459516169733,0.0,0.0,0.0,0.0,0.6047425101577236,0.0,0.0,0.0,0.5966068536925843,0.5704663735496122,0.0,0.0,0.6012179850675055,0.5804302136718984,0.596476023403148,0.5668967244571343,0.0,0.0,0.5520651369518714,0.619246834828603,0.0,0.0,0.5635411109025221,0.0,0.602745913973471,0.0,0.5775593892737588,0.5810978416777977,0.5500296651155213,0.5431332651031567,0.0,0.5686227792207292,0.5679181855113143,0.0,0.0,0.0,0.0,0.0,0.5429561080045076,0.0,0.0,0.6107444396694173,0.55474813066972,0.0,0.0,0.0,0.5416358154272533,0.0,0.608640820972189,0.0,0.5769183529185968,0.5701704955527571,0.0,0.5575925644880829,0.0,0.0,0.0,0.0,0.6501814797570075,0.0,0.0,0.6232356576497766,0.6006076505164889,0.0,0.0,0.0,0.0,0.0,0.0,0.0,0.0,0.0,0.6055786691176683,0.6240153446159511,0.0,0.0,0.6120423210570507,0.5857886174974614,0.5888424636550594,0.5418371309227973,0.0,0.0,0.6190424990178303,0.0,0.5665618268612048,0.5725621283306448,0.5755829405014932,0.0,0.0,0.0,0.6057354453884617,0.0,0.6116692222921409,0.6312624169071247,0.0,0.5534095710526237,0.0,0.5741064869584777,0.5516803293544983,0.0,0.6022598239095415,0.0,0.0,0.0,0.5985792627093731,0.0,0.0,0.0,0.5790423857446406,0.0,0.0,0.0,0.0,0.0,0.0,0.5716837678357352,0.0,0.5966903262929656,0.589305961376552,0.0,0.0,0.0,0.0,0.0,0.0,0.0,0.0,0.6145519698155133,0.0,0.6118771847188283,0.0,0.0,0.0,0.5582514521161579,0.0,0.5798757779954287,0.0,0.0,0.0,0.0,0.0,0.5645139258432871,0.5814476824346073,0.0,0.0,0.5668442867515859,0.0,0.6353367264905295,0.6239855354954523,0.0,0.0,0.0,0.5747571032984319,0.0,0.5639417644595197,0.5659096088909084,0.5463730127317934,0.0,0.0,0.0,0.0,0.0,0.5801341942877989,0.5608783876032908,0.0,0.6046864172952998,0.5712015207960526,0.0,0.5774564115829319,0.0,0.5810587286735485,0.5948314090586755,0.0,0.5723658458438003,0.0,0.5923753594387249,0.0,0.0,0.5626053777105587,0.6354457984335545,0.0,0.0,0.5653985530287262,0.0,0.5758968555280047,0.0,0.0,0.6132017419530397,0.0,0.0,0.0,0.0,0.0,0.0,0.0,0.0,0.0,0.609424460982998,0.0,0.590949172550793,0.6292932492457513,0.0,0.0,0.0,0.0,0.0,0.0,0.0,0.0,0.615093667472313,0.0,0.0,0.0,0.0,0.0,0.0,0.0,0.0,0.0,0.541465120300186,0.6391449047631375,0.0,0.0,0.5743707471809235,0.0,0.0,0.0,0.0,0.0,0.6060030201278009,0.0,0.0,0.5953902931519391,0.5794079510403114,0.0,0.0,0.0,0.0,0.0,0.0,0.5674460289647889,0.0,0.0,0.5838990831880113,0.6144214259627254,0.5713515092710754,0.0,0.6054339868668496,0.5695488150051619,0.0,0.0,0.0,0.0,0.6131111017730277,0.0,0.0,0.0,0.5232598182694707,0.0,0.6127307254917627,0.0,0.0,0.5526794396099524,0.0,0.0,0.0,0.0,0.0,0.5823560783387615,0.0,0.0,0.0,0.0,0.0,0.0,0.0,0.5386692034624467,0.0,0.5632720976073791,0.0,0.0,0.0,0.0,0.0,0.557411023111756,0.0,0.0,0.0,0.0,0.0,0.6319607243632205,0.0,0.0,0.0,0.0,0.0,0.0,0.0,0.6146568443779716,0.5784124745537365,0.0,0.6002692695570194,0.5744238866415419,0.0,0.0,0.5745674866851234,0.0,0.6028816696081328,0.0,0.0,0.5774456450615735,0.0,0.0,0.6185688851061404,0.5693488286723896,0.0,0.5855677014694297,0.5889146898421382,0.0,0.0,0.0,0.5609792440102681,0.5732658470672831,0.0,0.0,0.0,0.0,0.0,0.6278472847587699,0.5631328247488349,0.5482491419136228,0.5910992820717623,0.5718490420731124,0.6040235627831282,0.5618705327368949,0.0,0.0,0.0,0.0,0.0,0.5515255334702185,0.0,0.0,0.0,0.0,0.0,0.0,0.5757851184913747,0.5543682893468284,0.0,0.6128007252804355,0.0,0.5212169552223279,0.0,0.0,0.0,0.6165424148977259,0.0,0.0,0.0,0.5616092729850635,0.6238625181750779,0.0,0.0,0.0,0.0,0.0,0.5786234923916483,0.0,0.0,0.0,0.5954554698912872,0.6067139485001923,0.5795077572431255,0.6028776745919167,0.603568806258817,0.0,0.5731773606908485,0.0,0.0,0.0,0.0,0.574011006980915,0.5735583986161783,0.0,0.5655369562550712,0.6102842094393509,0.5998511246470839,0.5931498195142684,0.0,0.0,0.0,0.5715022041873994,0.0,0.0,0.5671227912852245,0.0,0.0,0.5709635025589349,0.0,0.0,0.5838427667601243,0.0,0.0,0.5820753411466064,0.0,0.0,0.59984265750275,0.0,0.0,0.0,0.0,0.5966868996025079,0.5965646470318493,0.5757805976397582,0.0,0.5496283118619804,0.0,0.0,0.6317606823382209,0.6210541662527689,0.5615598889740177,0.6093524004755222,0.0,0.0,0.533544586903712,0.5936601852820905,0.0,0.0,0.0,0.0,0.5819206812194675,0.5782302189434891,0.0,0.0,0.544352573211205,0.0,0.0,0.0,0.5971542676890845,0.0,0.6084682009442487,0.0,0.5769664059428067,0.5744947315161492,0.0,0.5461184759040228,0.0,0.0,0.6058722157506046,0.0,0.0,0.0,0.0,0.0,0.0,0.5373446667506858,0.0,0.5818785970326443,0.0,0.5895038077108121,0.6242275381839164,0.5771577886566918,0.5459636378835275,0.5594838345784306,0.0,0.5456841945817208,0.5669005751302638,0.0,0.0,0.6246046067099369,0.5658901096097886,0.6061790543798643,0.6500607620942453,0.0,0.0,0.0,0.5689625095669962,0.0,0.5725889470586408,0.0,0.0,0.5798986388237397,0.0,0.0,0.0,0.0,0.0,0.0,0.0,0.0,0.0,0.0,0.0,0.0,0.5714044391244412,0.0,0.0,0.5553435129243025,0.5754817546591335,0.0,0.6118773508230939,0.5599278130229047,0.530473582480701,0.0,0.0,0.0,0.0,0.0,0.0,0.5535861282828413,0.0,0.0,0.5825562767963214,0.0,0.5906623522996345,0.0,0.0,0.6400595550580435,0.6075388618355214,0.0,0.5777306597183325,0.0,0.0,0.5608833514441027,0.0,0.5433436610737393,0.5555922879388298,0.0,0.6262249359530537,0.0,0.0,0.0,0.5680046839258478,0.5854820118699532,0.0,0.6092562489057356,0.6348955124833853,0.0,0.0,0.0,0.6158991381781694,0.0,0.0,0.0,0.0,0.0,0.0,0.5925226984054175,0.0,0.5683958503423181,0.0,0.0,0.6143587718848686,0.0,0.0,0.0,0.611683016753157,0.0,0.5838654460380761,0.0,0.5726818055722136,0.5850767146067215,0.0,0.0,0.6109501429406545,0.0,0.0,0.0,0.5535001170562285,0.0,0.0,0.0,0.0,0.6179290155858743,0.6435584236968962,0.0,0.0,0.5760605264963851,0.0,0.0,0.0,0.0,0.0,0.0,0.0,0.0,0.5584819755556522,0.0,0.0,0.6637126010784516,0.0,0.5650440713685305,0.6233022122214203,0.5590955537876869,0.575592327220795,0.5822081232374435,0.5992042348856277,0.6085307291737745,0.5752144995582037,0.0,0.0,0.6106239171617671,0.5875298515911015,0.0,0.6190891595128927,0.5595673732312179,0.580235366217394,0.5963728574877175,0.5702199242721442,0.0,0.0,0.0,0.0,0.0,0.0,0.0,0.0,0.5757317307828065,0.0,0.0,0.5175800456532103,0.5781404388500706,0.6325760248157801,0.0,0.0,0.0,0.6045899224708685,0.0,0.0,0.0,0.0,0.0,0.0,0.0,0.0,0.0,0.5785109301793997,0.0,0.5970535153362765,0.0,0.0,0.6192884301216041,0.0,0.5777073769517461,0.5798005631051704,0.0,0.0,0.0,0.0,0.543223835735239,0.0,0.5712731328973235,0.6073626429495744,0.0,0.5672922458117218,0.0,0.0,0.5952186818276182,0.0,0.0,0.0,0.0,0.0,0.0
0.6472088246627937,0.6206968754492705,0.6261228709012885,0.598500570063139,0.0,0.6643111771765393,0.0,0.0,0.6533817307144396,0.0,0.6412220192097365,0.6602998823924521,0.6460586361149974,0.0,0.0,0.0,0.0,0.0,0.6510821863612842,0.0,0.0,0.0,0.6267525313759844,0.0,0.6471179195004793,0.0,0.0,0.0,0.0,0.658961185276384,0.6517932669476819,0.0,0.6090712223574815,0.6647631447825776,0.0,0.6429462659243381,0.0,0.0,0.6691200432060995,0.0,0.6723695409495681,0.0,0.0,0.0,0.0,0.0,0.0,0.6218216413332164,0.0,0.0,0.0,0.0,0.6347704521123593,0.0,0.0,0.0,0.0,0.6429645449548225,0.0,0.0,0.6865802141768129,0.0,0.6573141593958849,0.0,0.0,0.0,0.0,0.0,0.0,0.6274691091095806,0.0,0.0,0.0,0.0,0.0,0.6424466679757123,0.6214290771619256,0.0,0.0,0.0,0.0,0.624950232023242,0.6299755002199273,0.0,0.0,0.0,0.0,0.0,0.6246784894232916,0.0,0.0,0.0,0.6428358126319262,0.6237004428185402,0.0,0.6595661538752977,0.0,0.0,0.6182150552536567,0.0,0.0,0.0,0.627948681089777,0.0,0.0,0.6537621789761823,0.0,0.0,0.6424096707123096,0.0,0.0,0.0,0.0,0.0,0.0,0.0,0.0,0.0,0.0,0.6578556885961513,0.6192027651538063,0.0,0.6009840884714972,0.6551566823979627,0.0,0.6464345748522147,0.0,0.0,0.0,0.0,0.6623534207116513,0.633844879966933,0.0,0.0,0.0,0.0,0.0,0.0,0.0,0.0,0.0,0.6234277973746299,0.0,0.0,0.0,0.5831985080391354,0.0,0.6735664123082632,0.0,0.0,0.0,0.0,0.0,0.0,0.6642558988479844,0.6779637036398157,0.0,0.6428491086221378,0.608028647887862,0.0,0.0,0.0,0.0,0.0,0.6387760910551686,0.6796083038784352,0.0,0.6834280672448962,0.0,0.0,0.6272383737854657,0.0,0.0,0.0,0.6394582468067008,0.0,0.6980118976978622,0.0,0.6131190300806372,0.0,0.6596790882429039,0.6310225853499267,0.0,0.0,0.0,0.700156028817797,0.610822709836283,0.0,0.0,0.0,0.0,0.6598068079563933,0.0,0.0,0.0,0.0,0.0,0.6350569723061573,0.0,0.0,0.0,0.6560881983789666,0.6682842599526132,0.0,0.0,0.0,0.0,0.0,0.0,0.0,0.0,0.6751242630669568,0.6498863339762053,0.0,0.6455048771015167,0.66214993146226,0.6417132099268661,0.0,0.0,0.6667495048028244,0.0,0.6453560726896569,0.0,0.0,0.0,0.6423194729914716,0.6444501646127213,0.0,0.6258541078457172,0.6547425201745883,0.0,0.0,0.0,0.0,0.0,0.0,0.0,0.0,0.6494056999556779,0.0,0.0,0.0,0.0,0.653009846175889,0.0,0.6437289310007169,0.6492684643022089,0.6289808732858199,0.663342519162389,0.0,0.6608971481055346,0.0,0.6392712926851021,0.0,0.6420193245115517,0.0,0.644154616338492,0.6801428962479737,0.674447080635119,0.6420808466139053,0.6186368767100081,0.0,0.6875430602223239,0.0,0.0,0.0,0.0,0.0,0.0,0.0,0.0,0.0,0.0,0.0,0.6738704005821765,0.0,0.0,0.0,0.0,0.0,0.0,0.6105244292964935,0.0,0.659490501317267,0.0,0.0,0.0,0.627640727404642,0.0,0.5877405040671978,0.6045367278519065,0.0,0.6696585005198066,0.6482492745462358,0.0,0.6154908641650708,0.0,0.6334053144095767,0.0,0.6734523601918344,0.0,0.6129562457927363,0.646232063041431,0.6529393575108586,0.0,0.0,0.0,0.6518807671912429,0.6430592598507772,0.0,0.0,0.6220209395700644,0.6603955983637622,0.6690710697490297,0.6772516816373326,0.0,0.6802174490596389,0.0,0.6659017785526886,0.0,0.626660035455343,0.644943498006795,0.0,0.6586379616014894,0.0,0.0,0.0,0.0,0.0,0.6639083284760464,0.0,0.0,0.0,0.635179730942892,0.6295440869061424,0.6449557513965212,0.0,0.6600692485941326,0.0,0.0,0.0,0.0,0.0,0.6462261283216565,0.6295322617296548,0.6398739973110878,0.0,0.6589622514668333,0.0,0.0,0.0,0.0,0.0,0.6084315839964128,0.6570261986525158,0.0,0.0,0.0,0.0,0.0,0.0,0.0,0.0,0.0,0.0,0.6171163134518165,0.6648255219967348,0.6739098939250484,0.0,0.6158759691755192,0.0,0.0,0.0,0.6562730386839327,0.6422626976976551,0.0,0.0,0.6514385903514512,0.0,0.6285514915182323,0.0,0.0,0.6209589199499614,0.6490061132049896,0.0,0.0,0.0,0.6911097785541941,0.0,0.0,0.0,0.0,0.0,0.0,0.0,0.6538188212280652,0.0,0.0,0.6531977613926709,0.6187638164978236,0.0,0.672812864311056,0.0,0.0,0.6424469963465478,0.6142297130204373,0.6536080823226597,0.0,0.0,0.0,0.0,0.0,0.0,0.6771770676985781,0.6499688563572619,0.6498635727219495,0.0,0.638150708630825,0.0,0.6637995084213614,0.6017314739319654,0.6640983241279844,0.0,0.6254219748982608,0.0,0.653417604809277,0.0,0.0,0.0,0.6816242110865336,0.0,0.0,0.6176193601697137,0.6434184622745457,0.6443506153136126,0.0,0.0,0.0,0.0,0.0,0.0,0.0,0.0,0.6543272606224594,0.6494816238024718,0.0,0.6335554153250196,0.0,0.6485062686704232,0.0,0.0,0.0,0.0,0.0,0.0,0.0,0.6023646795402032,0.6351865045529594,0.6891900364318867,0.0,0.0,0.0,0.663062530621326,0.6466371580560697,0.6885360879385968,0.0,0.0,0.0,0.6417707178612858,0.0,0.0,0.0,0.5997937786712625,0.0,0.0,0.0,0.6509211300106814,0.6193405831715789,0.0,0.0,0.0,0.0,0.0,0.0,0.0,0.0,0.0,0.0,0.0,0.6499743544773682,0.6124977343068934,0.0,0.0,0.0,0.0,0.0,0.0,0.0,0.6320953162295347,0.6375590264864045,0.0,0.0,0.6879210003438051,0.0,0.0,0.6307313434762254,0.6377468345608408,0.0,0.0,0.0,0.6325578154888895,0.0,0.0,0.6333751551333157,0.0,0.0,0.0,0.6631912136605433,0.0,0.0,0.0,0.6315856256141597,0.0,0.0,0.6403219376854361,0.0,0.0,0.0,0.0,0.6230928177964292,0.0,0.0,0.0,0.6726700574287311,0.6728345188647941,0.0,0.0,0.0,0.0,0.6498638364150464,0.0,0.0,0.0,0.6525618208917426,0.0,0.0,0.0,0.6503245328865458,0.0,0.0,0.0,0.0,0.0,0.0,0.6538077527842328,0.6507718246560147,0.0,0.0,0.0,0.0,0.6769007186476869,0.6494742857083144,0.0,0.6499735503144461,0.7061070842216173,0.6411947212181291,0.6294532863406626,0.0,0.6295086150304375,0.0,0.0,0.6733279410601521,0.6419881848249918,0.6659048372098618,0.0,0.6358409841687287,0.0,0.6352320707039529,0.6549574530685054,0.0,0.6761215483659164,0.6844383501925094,0.0,0.6601711124971619,0.0,0.0,0.6672586968178312,0.0,0.0,0.0,0.0,0.0,0.0,0.0,0.0,0.0,0.0,0.6132842951113996,0.6540248636929795,0.647943040238516,0.6734457130204253,0.0,0.0,0.0,0.6679431356146136,0.0,0.0,0.6319109708671764,0.0,0.6454863742056002,0.0,0.0,0.0,0.6424938219201528,0.0,0.6540810330920458,0.0,0.0,0.0,0.660042946085269,0.0,0.0,0.0,0.0,0.6569347756770927,0.0,0.0,0.0,0.0,0.0,0.6014591559333182,0.0,0.6459087011773702,0.6406804002132062,0.0,0.685373994492244,0.6214298675178042,0.0,0.6370537338425912,0.6809416056308671,0.0,0.6656732523202478,0.6257609761678101,0.0,0.0,0.6784899949022044,0.0,0.0,0.0,0.6546868572529905,0.6326196956651052,0.0,0.6592771211666314,0.0,0.0,0.0,0.0,0.6437364486050359,0.6473504576977913,0.0,0.0,0.6259303845772066,0.0,0.0,0.6477250072479457,0.6000551181249804,0.0,0.0,0.0,0.0,0.0,0.6468606966028538,0.6769629334834805,0.0,0.0,0.6315874095964752,0.0,0.6381136346035183,0.0,0.0,0.0,0.0,0.0,0.629896065722142,0.6679872265714661,0.6340523202229058,0.0,0.0,0.0,0.0,0.0,0.6493696783086389,0.0,0.0,0.0,0.6116037640593086,0.0,0.0,0.0,0.6620851944636295,0.0,0.0,0.0,0.6230269725019105,0.0,0.0,0.6567781134326421,0.6673765469707916,0.0,0.6471857357256666,0.0,0.0,0.0,0.0,0.68552488098265,0.0,0.0,0.0,0.0,0.0,0.0,0.6340169504354387,0.6486057866419408,0.0,0.0,0.0,0.6634848763709049,0.6445248531157903,0.0,0.0,0.6293103482259885,0.6437321654492948,0.0,0.0,0.0,0.0,0.6304208189302964,0.0,0.0,0.0,0.0,0.0,0.0,0.0,0.0,0.0,0.0,0.0,0.0,0.0,0.6534965139809723,0.6813107397699869,0.642585784235094,0.0,0.6296250758339982,0.6648622877343477,0.0,0.0,0.6531536972607975,0.6457650496885317,0.0,0.0,0.0,0.6245754972951093,0.0,0.6625450449524087,0.0,0.0,0.0,0.6686954498478275,0.0,0.0,0.0,0.6403432745890804,0.628929090415664,0.6280215934111547,0.0,0.6262966908154272,0.0,0.0,0.0,0.6418893515986792,0.6759740420972683,0.0,0.6938338351434271,0.0,0.6463859161909944,0.0,0.0,0.0,0.0,0.6558558524321247,0.0,0.6317157131619989,0.687835116790605,0.6673076720105122,0.6222349356402991,0.0,0.0,0.6240974994884722,0.6526679666867176,0.6593143787618678,0.0,0.0,0.0,0.0,0.0,0.0,0.0,0.0,0.0,0.6259313361671389,0.5884560973020766,0.6336582977417139,0.0,0.6799642355472624,0.6191630106855329,0.6194811102872262,0.6802827157364483,0.0,0.0,0.0,0.0,0.0,0.0,0.0,0.0,0.0,0.0,0.5907186994641338,0.0,0.6341865340008512,0.0,0.5933671347286287,0.0,0.6448520188462022,0.0,0.6372692463826989,0.583823928212425,0.0,0.0,0.0,0.0,0.6815777199877832,0.0,0.6297742278034152,0.0,0.0,0.6530755797394648,0.0,0.6466884620480319,0.6577029061667137,0.6354675732670227,0.0,0.6758758964138176,0.0,0.0,0.0,0.0,0.6415224279841166,0.0,0.6411658240216453,0.6614679558798223,0.0,0.0,0.0,0.6676568577794821,0.6148308222008256,0.685601393140887,0.0,0.6103981627941178,0.0,0.0,0.0,0.6653671788019861,0.6635021317765863,0.6429283600077852,0.0,0.6069396563073841,0.0,0.6905889020830837,0.6700224437071528,0.0,0.630337880895477,0.0,0.6758357717895778,0.0,0.0,0.0,0.0,0.0,0.0,0.6583970448956808,0.0,0.0,0.6128837845916465,0.0,0.6351634067248441,0.6492245223162898,0.6457444994787601,0.667929167442897,0.703253086905456,0.0,0.6392255002928747,0.6099549997721471,0.6233810915489856,0.6549200271346317,0.0,0.0,0.0,0.0,0.0,0.638524806991883,0.0,0.0,0.6502696103375541,0.6676232048469029,0.5972637225446087,0.6364027152032719,0.0,0.0,0.0,0.6318790877144448,0.0,0.0,0.0,0.6314052603494921,0.6610095040266355,0.0,0.0,0.6458726778044778,0.0,0.0,0.60839823974026,0.0,0.0,0.0,0.0,0.6664424373979081,0.0,0.6284270166450658,0.6374723505878501,0.0,0.651903976712269,0.6798502240409869,0.6121434687457215,0.0,0.0,0.0,0.0,0.0,0.5979813313135678,0.6315095637189179,0.6180693708431357,0.0,0.0,0.0,0.6645519888471777,0.0,0.6665082176025716,0.0,0.6359558894649144,0.6369086615785814,0.0,0.6289128812102395,0.0,0.0,0.0,0.6563821616059341,0.0,0.0,0.6436387614359353,0.0,0.6959332385354786,0.6128340101927972,0.0,0.0,0.0,0.0,0.6952975457614713,0.0,0.6483391513763722,0.0,0.0,0.6249632195151172,0.0,0.6414023636005007,0.6543632296279646,0.0,0.0,0.0,0.0,0.0,0.6564076284856942,0.0,0.0,0.0,0.639548580224674,0.0,0.6585231984987033
0.03840333375318079,0.0,0.07540265342244563,0.0,0.0,0.0,0.0,0.0,0.0,0.0,0.02177294599820413,0.0,0.030310490963347664,0.0,0.0,0.004116298874993668,0.0,0.05620669353833425,0.0,0.0,0.0,0.0,0.054301556190464347,0.0,0.0,0.0,0.04828762162341417,0.0,0.003151896124759182,0.041346758534832814,0.0,0.0,0.0,0.024594648632973812,0.0,0.0,0.0,0.0553159381944482,0.0,0.0,0.0,0.02965032622048533,0.07848978287167328,0.0,0.0,0.0,0.0,0.019962959366099726,0.0,0.028350719993917,0.0,0.0020156041153474606,0.027696355782227778,0.040514202786114346,0.03749369767526127,0.0,0.056318340599769756,0.04729853586477864,0.042758933552996474,0.0,0.0690781923706965,0.0,0.0,0.059858230832079674,0.0,0.0,0.014694871085376685,0.039721848276604785,0.0,0.0,0.0,0.0,0.0,0.00018390964942758176,0.0,0.0,0.0,0.03197499971688029,0.051017248654250356,0.0051266501404948804,0.0,0.0,0.0,0.013379338959180566,0.0,0.0,0.01528977318707752,0.028534064337661057,0.0,0.0,0.0,0.0,0.0,0.03147167011049807,0.06533769091985842,0.0,0.0,0.010775556790639022,0.0,0.014053012501288223,0.05625449487226816,0.0,4.712902229718595e-5,0.0,0.0,0.032387420400558246,0.0,0.0,0.029399542982407448,0.007193553621229888,0.05064659856067742,0.0,0.0,0.0,0.04026333776866494,0.0,0.01080364914212649,0.0,0.0,0.01363162122663794,0.04393480336483397,0.0,0.04052936410366498,0.0,0.0,0.01654766619207179,0.0,0.0,0.0009172085214893738,0.06224971843770222,0.0,0.018114657331948242,0.03143600485984311,0.0336353038572148,0.00024964959834757977,0.0,0.0,0.04094494426367051,0.0,0.0,0.0,0.0,0.0,0.002276839786566265,0.0,0.020365439794686264,0.0,0.0132160125371096,0.04240473898479093,0.0,0.04030765295769261,0.03975020738026847,0.03221993299449669,4.6532040130953906e-5,0.0,0.0,0.0,0.0,0.008029423416676798,0.0,0.060732500531417946,0.0014711281043986615,0.0,0.0,0.0,0.07993632761056138,0.0,0.0,0.0,0.0,0.005956151485556396,0.0,0.0,0.0,0.0,0.0,0.03893518393067508,0.0,0.022327961899790562,0.0,0.032553674140783716,0.054666053779372364,0.03600776960904482,0.0,0.0,0.0,0.026873456858925986,0.036834461074284904,0.03095220818338667,0.0,0.0,0.0,0.005991886692828247,0.0,0.0,0.0,0.0,0.0,0.0,0.04720515930484412,0.007144405691289164,0.006554025007899473,0.0,0.0,0.06786708432606854,0.0,0.0,0.013465632632443084,0.0,0.0,0.0,0.0,0.05826821244569232,0.0,0.041519444111557745,0.0,0.0,0.0,0.0,0.0,0.040338981912310036,0.050834917336851325,0.0,0.025339734145797512,0.025342544822862613,0.034162562894303236,0.04305205615529752,0.0,0.0,0.033530274234510465,0.038863735416986726,0.014990675698412396,0.0,0.06263748076318273,0.0,0.03825906989369799,0.02529387581401317,0.03420037372844929,0.0,0.031664418264786956,0.04907779534213897,0.060812719764340016,0.04164515605974845,0.0,0.0,0.0,0.0,0.025464712930706786,0.0,0.0,0.0,0.0,0.01564548668959535,0.040974308304634395,0.048739475967078665,0.0,0.0,0.0,0.0,0.0,0.0,0.004268991886420434,0.011075029173655071,0.011140496020283776,0.0,0.0,0.0,0.0,0.02781066796032139,0.0,0.08486494254314544,0.0,0.0,0.0,0.05045711383386297,0.0,0.0,0.0,0.04692026708826185,0.0,0.0,0.0474034095275029,0.0,0.0,0.0,0.020452775215792633,0.0,0.00018563017145820587,0.05115912003447208,0.0,0.0,0.0,0.0,0.0010787890211924906,0.027695150237486622,0.0,0.0,0.046878971622699196,0.0,0.0,0.0,0.0,0.01245180143371715,0.0,0.0,0.013853836629320875,0.0,0.0,0.038470721966128545,0.0,0.0,0.0,0.0,0.02780596243857736,0.025560701800138814,0.0,0.03756858092017376,0.0,0.019710401532765296,0.0,0.0,0.09341916392304883,0.0,0.0,0.0,0.0,0.0,0.051674388126819695,0.0,0.0,0.0018434146842303896,0.03204565819181512,0.012836604400959996,0.0,0.0,0.0,0.03355565995673964,0.0,0.0,0.06556589417645166,0.0,0.0,0.0,0.0,0.029035208849975208,0.0,0.0,0.00014843294320055506,0.0,0.025897194245568186,0.020520305775412168,0.0,0.0,0.0,0.0,0.0,0.0,0.017844513273186275,0.045888196026126975,0.0,0.0,0.05261722396832639,0.011213063885825858,0.01871267716838916,0.012042567060136363,0.0,0.0014487446465813781,0.0,0.000373459971302978,0.0,0.022727911690838164,0.0,0.0,0.0,0.03416583837344326,0.0,0.0,0.0,0.002644413341264919,0.0,0.0,0.0,0.009238797857306337,0.06762195222848048,0.01090359860806603,0.010912205117779199,0.04877736413050282,0.0,0.04542084416029131,0.0,0.0,0.01564502125286998,0.0,0.0,0.034726452544239554,0.0,0.0,0.03265068244483498,0.010843162886713503,0.016941881040514344,0.0,0.0,0.0,0.04443869675574054,0.0,0.0,0.04550424769184626,0.0,0.004110818966489332,0.0,0.04639563975928803,0.03391357466367038,0.0,0.0,0.0,0.0,0.0,0.0,0.0,0.0,0.03464587760933077,0.0,0.0,0.0,0.0,0.018229361399591783,0.0,0.0,0.0,0.0,0.033415131997629265,0.0,0.0,0.05249067168290842,0.009652561347071502,0.0,0.0,0.0,0.051778031621424796,0.0,0.0,0.0,0.0,0.0,0.0,0.06392508078037233,0.018318583706595032,0.0,0.0,0.0351927527726243,0.0,0.0,0.0,0.0,0.0,0.0,0.0,0.0,0.037619738400731434,0.0,0.0,0.03745111653354571,0.0,0.0,0.0,0.0,0.009746554076871004,0.0,0.05037001242253909,0.00018635321199635658,0.0,0.0,0.014971050679670925,0.0,0.022756400141273263,0.0,0.014099115024543363,0.0,0.0,0.016572484409795838,0.008854569998320926,0.0,0.0,0.0,0.0,0.0,0.0,0.066044516424879,0.0,0.04418901543808947,0.058941824766808766,0.01747186267881756,0.0,0.03624227923415121,0.07367334817726284,0.0,0.0,0.043250385442810915,0.0,0.010694137481203477,0.0,0.031493710016548035,0.0,0.009255178416673749,0.0,0.01017865024288738,0.0,0.0,0.01846182762211531,0.03671355996349666,0.0526485556377137,0.0,0.0,0.0,0.0,0.0,0.0,0.03169533719993256,0.0,0.0,0.0,0.0,0.0,0.0,0.0,0.0,0.0,0.0,0.0,0.0,0.0,0.0,0.0,0.0,0.0,0.0,0.0,0.0,0.060471358352926746,0.007338116405283989,0.0,0.001765896988924711,0.0,0.03509541443446818,0.0,0.0,0.0,0.004254661303689221,0.0,0.0,0.04095471489788806,0.0,0.011397731929518672,0.0,0.0,0.0,0.0405469928639416,0.0,0.0,0.0,0.0,0.0,0.024652177904258218,0.034254008648282736,0.014314993690266167,0.0,0.0,0.022665290888731142,0.0,0.0,0.0,0.0,0.0,0.02099009122042492,0.0,0.0,0.042999856832440744,0.0,0.0,0.03504774376114324,0.0,0.04725940653940781,0.0,0.0,0.04112762600446712,0.0,0.0,0.0,0.0,0.0,0.0,0.0,0.040975828841733106,0.0,0.0,0.0,0.0,0.04349693816749905,0.0,0.0,0.0,0.0,0.0,0.027290737088235553,0.0,0.0,0.0317460332864521,0.01803659792494625,0.0,0.0,0.0,0.0003880323764792521,0.01800876237265598,0.0,0.0,0.06856115427911781,0.0,0.0,0.0,0.014853821518029373,0.06857818486498553,0.0,0.0,0.0,0.0,0.0,0.0,0.0,0.0,0.0,0.01279091956159775,0.04213139485379981,0.015656667996138466,0.031803255874010734,0.0,0.0,0.014030562804821834,0.0,0.05882263610468218,0.0,0.02709172359970076,0.040407279699338335,0.0,0.0,0.0,0.006666465009531746,0.0,0.01131207519028813,0.0,0.06865483769525664,0.0,0.0,0.04938533419161805,0.007973280547905005,0.0,0.051121912854501496,0.07854756182510372,0.013829051736327869,0.0,0.0,0.0,0.0,0.021489023321566575,0.0,0.011715207243223658,0.054564200503829874,0.0,0.00024808412685027554,0.0,0.049505617186153886,0.0061553787200005925,0.0,0.031929125748094846,0.0,0.0,0.01723846066674035,0.0,0.000515697645136447,0.0,0.0,0.0,0.0,0.0,0.034553672848924834,0.0,0.01334419829921645,0.0,0.016352205027274126,0.05298162109336964,0.0,0.0,0.0,0.0,0.0,0.0,0.026390269012953393,0.0,0.0,0.0,0.004434287641714395,0.0,0.0,0.02636634751062844,0.0,0.07304632863133344,0.0,0.047846085323032854,0.015248772915705736,0.04393953124039928,0.0,0.0220957821349968,0.0,0.0,0.0,0.0,0.0,0.0,0.026968809479001838,0.030260763330729436,0.0,0.018308098075324134,0.0,0.003765291329698963,0.0,0.038701466588100114,0.043047525584852295,0.0,0.04177270391305944,0.052698469304387346,0.028425840154210194,0.03992571624311076,0.0,0.0,0.05196620661030617,0.0,0.0,0.0,0.0,0.0,0.03338902135388176,0.0,0.031023517047552664,0.0,0.0,0.0,0.0,0.0,0.030616841062079486,0.0,0.002254103497190253,0.0,0.062406511488996654,0.045978976224007914,0.03240391199060276,0.0,0.0,0.002899968012585489,0.04568034851061702,0.03022225578569284,0.00048241929366395447,0.0679068223080615,0.04558507979795085,0.0,0.026797712775310747,0.0,0.029629606325503714,0.0,0.0,0.0,0.0009260478469430013,0.0059665980829915095,0.0,0.0,0.00029020079494453626,0.0,0.0,0.0,0.03216232435618915,0.0,0.03990637127097448,0.0,0.0,0.043719249421219096,0.0,0.011119010045402177,0.0,0.0,0.0,0.0,0.0,0.0,0.023719278466662292,0.0,0.0,0.025216418489776276,0.0,0.0,0.032525846127130865,0.0,0.05396838986584615,0.00026218242617860236,0.0,0.04547849503686378,0.0,0.037893747015948664,0.028312987511085737,0.0,0.03855696168303774,0.0,0.0,0.0,0.03788293471622105,0.003097784303802842,0.0,0.0,0.0,0.0,0.047671837980713665,0.03831414387430299,0.0,0.0,0.04560385208760217,0.0,0.0,0.0,0.0,0.0,0.07611703013645542,0.0,0.0,0.0026935224816459166,0.0,0.0,0.034109960565112014,0.03133394575195065,0.0,0.018975158850300485,0.0554097004131134,0.0,0.030780634227249533,0.04553353617304036,0.0,0.0,0.04474059086927053,0.0,0.0,0.0,0.046601120898825,0.03360347079010289,0.0,0.0,0.0,0.0,0.0,0.022071313451137678,0.0,0.03877411642078133,0.04962631099641013,0.0,0.0,0.06042358904851754,0.0,0.06973169190318136,0.04890869210474247,0.0,0.0,0.0,0.0012365880486540388,0.0,0.0,0.06228502506698601,0.0,0.04882901238699277,0.0,0.0,0.0,0.0,0.017312834878445624,0.0,0.0,0.0,0.0,0.0,0.0,0.03126998581850143,0.0,0.0,0.0,0.0,0.0,0.0,0.0,0.04580956667239562,0.0,0.023151187263427228,0.04414105637906233,0.0,0.034971945645604546,0.0,0.0,0.004590861503570884,0.015030817007675437,0.0,0.0,0.0,0.0,0.0,0.0,0.0,0.0,0.0,0.0,0.039317164072718326,0.0,0.02129846519859557,0.0,0.006590861506306936,0.0,0.01803502274260619,0.0,0.0,0.0362410952767363,0.0,0.0,0.0,0.0,0.0,0.0,0.046148965276549915,0.015668921739805962,0.02882856571815859,0.07090637824155943,0.0,0.0,0.03128675137583137,0.008680598284796117,0.0,0.0,0.0,0.03053003451831748,0.03955149084963862,0.0,0.039903813812243574,0.056780782550211996,0.0,0.04109870782100558,0.0882336251643263,0.0,0.0,0.04292891774573301,0.06069893617145668,0.059294494942221936,0.0,0.0,0.04563978898362365,0.0,0.06251502090497807,0.0,0.0,0.0,0.0,0.0,0.0,0.0,0.02883300912987342,0.02632546728663275,0.0,0.031208943511107055,0.0,0.0,0.0,2.8111459446420754e-5,0.0,0.03770984882597929,0.0,0.0,0.0,0.07372099201371887,0.02617763033969806,0.0,0.0,0.03492758181703378,0.0,0.0,0.022147450120098004,0.05539533568904909,0.0175190452115722,0.03060476220457898,0.05842210195582183,0.03482619280988758,0.02548853067359487,0.0,0.0,0.00024026416341604067,0.0,0.06541168816870956,0.0,0.0,0.0,0.0
0.0,0.44037626339884367,0.37678456610982414,0.42544116140594046,0.0,0.0,0.0,0.3930026885267233,0.4009309834203336,0.0,0.0,0.0,0.0,0.4069487346555094,0.0,0.0,0.0,0.4021969570714601,0.0,0.3925729990526018,0.0,0.41486535402948815,0.0,0.0,0.4050545995867106,0.0,0.0,0.0,0.0,0.0,0.0,0.4211562798770041,0.41911374794172085,0.0,0.0,0.0,0.0,0.3460554565707184,0.0,0.0,0.0,0.0,0.0,0.0,0.0,0.0,0.38293404616988735,0.0,0.3812482892649855,0.0,0.39103074988545067,0.0,0.0,0.0,0.0,0.0,0.3823918036986538,0.0,0.0,0.0,0.0,0.3916948351695992,0.0,0.39196712063925565,0.39464945939488527,0.0,0.38416449860931884,0.41926099975165176,0.4245878941497389,0.0,0.0,0.4027353366439703,0.0,0.41837546569663187,0.4095712707894861,0.0,0.0,0.41860456081771985,0.0,0.0,0.0,0.40264944287617144,0.0,0.0,0.0,0.0,0.3979942580196512,0.4016042913546231,0.0,0.0,0.0,0.0,0.40945722966269377,0.0,0.3863148131717902,0.40681604532210697,0.0,0.0,0.0,0.0,0.0,0.0,0.0,0.4053639210016432,0.0,0.3881099360352425,0.40198493051531387,0.4125375957086158,0.0,0.0,0.0,0.0,0.0,0.0,0.38535637602454936,0.0,0.36552223375208376,0.0,0.0,0.4069276190403877,0.39913867979276235,0.0,0.3869750341766359,0.3872348677590096,0.39262761689811565,0.0,0.0,0.4060996271830435,0.0,0.0,0.3774256592463678,0.0,0.3737068325877722,0.0,0.0,0.0,0.0,0.3870841131956414,0.0,0.4187666260576746,0.0,0.0,0.3895106294690226,0.0,0.4110172402771051,0.0,0.0,0.40124097901252803,0.3769265038209039,0.39127412267521056,0.3875661130940752,0.0,0.0,0.40158374628852683,0.43737189895871836,0.0,0.38930753874350926,0.0,0.4249186755711409,0.0,0.430135186311231,0.0,0.0,0.0,0.4067686689579644,0.3805742347277313,0.0,0.0,0.0,0.42047199304977617,0.4048496529676361,0.0,0.0,0.0,0.40380636174226575,0.3713684056520436,0.0,0.0,0.0,0.0,0.0,0.0,0.0,0.0,0.402468012844507,0.40164473233054837,0.4093945977940511,0.0,0.0,0.3553587408241065,0.0,0.0,0.0,0.4044137365020962,0.0,0.0,0.0,0.0,0.0,0.0,0.42067567734808436,0.0,0.0,0.0,0.0,0.0,0.0,0.0,0.0,0.40055482127231196,0.0,0.3614258487844977,0.38326514732045713,0.0,0.3797542120791459,0.38355066640060526,0.4000669281338783,0.0,0.0,0.0,0.0,0.0,0.0,0.0,0.0,0.0,0.39052224954571724,0.0,0.4033986428673166,0.353906741740202,0.0,0.37871543158473214,0.0,0.0,0.0,0.0,0.0,0.0,0.3672462911707881,0.3746593791692717,0.3991880172770975,0.3978786686200038,0.0,0.0,0.0,0.0,0.0,0.40520535774313443,0.0,0.0,0.3787365121762228,0.0,0.4054914409627679,0.4071612761420796,0.4188975002118552,0.4029925437623404,0.0,0.0,0.38769379364106193,0.0,0.0,0.4033586609899376,0.0,0.0,0.0,0.0,0.0,0.0,0.3983767022813495,0.0,0.3907885695150187,0.0,0.4088930993919336,0.0,0.0,0.0,0.0,0.0,0.0,0.0,0.0,0.3722268874424371,0.0,0.0,0.0,0.41889105465165133,0.0,0.0,0.39295714816003086,0.0,0.37849070415260694,0.43021932625416437,0.42748255762223963,0.0,0.0,0.0,0.40224003778149053,0.38238790206459644,0.36177696424083355,0.0,0.0,0.0,0.0,0.0,0.0,0.0,0.0,0.3832930857548284,0.4086790669140448,0.39315682497823184,0.0,0.0,0.0,0.41417996749318375,0.39265774188104907,0.0,0.38067995530286003,0.0,0.40410250383954,0.0,0.35337565887398703,0.0,0.0,0.0,0.0,0.42803048540998306,0.38453869713860744,0.38922415035378466,0.0,0.0,0.0,0.4022353038117732,0.35370441788091517,0.0,0.41355468678020857,0.0,0.42005464912811985,0.0,0.0,0.0,0.0,0.0,0.0,0.0,0.0,0.0,0.40629455387535496,0.43418534539535125,0.3911969394211888,0.0,0.0,0.0,0.0,0.40805805085548474,0.0,0.0,0.0,0.0,0.0,0.3700992030110026,0.0,0.0,0.0,0.3931668407609512,0.4186627555258882,0.42042251512811607,0.0,0.0,0.4110399026665752,0.40085092597319233,0.4156024986694093,0.42271970541865606,0.0,0.40033999938514897,0.4040610304564371,0.0,0.0,0.4182897495274366,0.0,0.0,0.40702130611500476,0.40539165408624345,0.0,0.39746983068487146,0.3946284256752986,0.0,0.0,0.0,0.0,0.0,0.0,0.4149553943368304,0.0,0.0,0.0,0.0,0.0,0.0,0.401500985111425,0.0,0.0,0.0,0.3916675576255714,0.0,0.0,0.0,0.38921368837597214,0.0,0.0,0.0,0.3919929193466424,0.41013700136635384,0.4101697445556989,0.3640073615838899,0.4052167792831282,0.0,0.0,0.0,0.0,0.3584530820226966,0.3686694062681985,0.38962921385274785,0.0,0.0,0.0,0.0,0.0,0.0,0.0,0.0,0.41201282344241275,0.0,0.40973120190050577,0.384454550638361,0.4096153859779552,0.0,0.0,0.0,0.0,0.0,0.0,0.4061424247329037,0.0,0.4246592525505326,0.0,0.0,0.0,0.0,0.4080852129084834,0.0,0.0,0.0,0.0,0.4122660265859106,0.0,0.0,0.39013101613691153,0.0,0.0,0.0,0.0,0.0,0.0,0.0,0.37381052404078247,0.38720384804676244,0.0,0.419870309842101,0.3862520153191586,0.43078548513938475,0.380110222353457,0.0,0.42355302246340804,0.4013434905464048,0.0,0.38617481681970556,0.42803166174887625,0.0,0.3993607292733374,0.0,0.0,0.0,0.0,0.0,0.0,0.0,0.4135404555542494,0.0,0.0,0.0,0.0,0.37408736197059944,0.0,0.0,0.40901802213769906,0.0,0.0,0.4011263792642358,0.4310483711241847,0.0,0.3744514630019424,0.34460982847786564,0.0,0.40554844696378844,0.0,0.0,0.39627707666896045,0.0,0.4049263143877533,0.0,0.3484896827348724,0.0,0.0,0.3764394780154285,0.0,0.4394333139916685,0.41891199532832996,0.4214442280454865,0.0,0.3768137900863483,0.0,0.0,0.0,0.0,0.0,0.0,0.0,0.0,0.0,0.0,0.4094206503748637,0.4237682781841083,0.0,0.0,0.0,0.0,0.0,0.4134904676857606,0.0,0.0,0.0,0.41870999856468105,0.0,0.41741701394776193,0.0,0.0,0.0,0.41377409375331037,0.0,0.0,0.0,0.0,0.4297969342237877,0.0,0.39269940787439833,0.0,0.0,0.4050040329789904,0.0,0.41443358977742695,0.39026362271031745,0.0,0.4010858991962412,0.3703567521718888,0.0,0.0,0.4029904942519991,0.40798479894043665,0.3774993997775195,0.0,0.0,0.0,0.40608475458606363,0.42071844394268015,0.0,0.0,0.0,0.4303210104757632,0.3691888110368826,0.38365514213873747,0.0,0.38998750601125365,0.0,0.0,0.0,0.0,0.0,0.0,0.39274378723190073,0.0,0.433266712633671,0.0,0.3777586672940654,0.3872835164415427,0.0,0.0,0.4145282756475147,0.0,0.0,0.3990521866785095,0.401243477828819,0.0,0.0,0.3850236252142472,0.0,0.0,0.0,0.0,0.0,0.4423296319746458,0.0,0.43039601833764407,0.4126051630674542,0.0,0.0,0.0,0.3996760917685042,0.0,0.0,0.0,0.38063970089389876,0.3814339810806872,0.4183781916173601,0.3848188136576799,0.35912530744237064,0.0,0.0,0.0,0.0,0.0,0.3906372094264043,0.0,0.0,0.40316082556019417,0.3834074100832929,0.0,0.0,0.0,0.0,0.41807965858670343,0.3794275610833691,0.0,0.4007518624247549,0.36232241402707555,0.0,0.0,0.0,0.0,0.3847883121933173,0.39257458493736436,0.4033061696226408,0.0,0.37292143848551157,0.0,0.0,0.0,0.38431024996492974,0.4314769214622957,0.0,0.0,0.0,0.0,0.0,0.0,0.0,0.4057682978772416,0.0,0.4153797164982682,0.0,0.0,0.0,0.418519713939856,0.0,0.3872376545493761,0.0,0.44603376283954227,0.0,0.0,0.0,0.0,0.3845688135002816,0.0,0.3692056136185981,0.42359673937752157,0.0,0.0,0.0,0.0,0.4004472875399583,0.0,0.0,0.3788550917765679,0.0,0.0,0.0,0.41152818490915993,0.0,0.0,0.0,0.4386320585756471,0.0,0.4163110936609926,0.3966606639204725,0.0,0.0,0.0,0.37881193421054016,0.0,0.3671069767974188,0.0,0.0,0.0,0.0,0.0,0.0,0.4313328485973314,0.0,0.4031963574760893,0.0,0.0,0.0,0.0,0.36898215940481416,0.0,0.0,0.0,0.0,0.38990145978868096,0.38407013351401764,0.0,0.0,0.0,0.0,0.0,0.37846135495965555,0.0,0.3899830166092199,0.0,0.0,0.0,0.0,0.3993491958993056,0.4074923453216472,0.0,0.0,0.0,0.3765139959177159,0.0,0.40834654004605647,0.0,0.0,0.3604014973940258,0.0,0.3696783107540545,0.0,0.40621114213396287,0.42161644926393554,0.0,0.4054194745754241,0.0,0.38595648750995193,0.0,0.38978680646257413,0.0,0.0,0.0,0.4429748616942852,0.0,0.0,0.0,0.0,0.0,0.38794388417861164,0.0,0.36967538200121336,0.0,0.0,0.42378548663686144,0.0,0.0,0.0,0.0,0.4060737983124463,0.41394600552270544,0.0,0.0,0.0,0.0,0.0,0.0,0.40591774137437164,0.383970334665603,0.0,0.0,0.0,0.37113804418312535,0.36620855583049483,0.3918824561443983,0.37692048563113434,0.3960345092091735,0.41041625101838075,0.0,0.0,0.4048398569688643,0.0,0.4010958599826742,0.0,0.0,0.0,0.0,0.0,0.0,0.0,0.0,0.0,0.0,0.0,0.0,0.0,0.3896517797615986,0.0,0.0,0.41442948160093324,0.0,0.0,0.0,0.0,0.0,0.0,0.39076869522724317,0.0,0.0,0.0,0.36766388634179004,0.38834033593589284,0.0,0.4006155252680061,0.39997593403651016,0.38973522986217585,0.3864794870147854,0.0,0.3979466058918547,0.0,0.0,0.0,0.0,0.0,0.39683229757667643,0.40103295747067613,0.0,0.4126576799047366,0.41126297201883344,0.3969926538404523,0.39924076206275777,0.0,0.40811436807652696,0.3608569296335971,0.40294956133724524,0.0,0.0,0.0,0.3633678779390633,0.3630668241185009,0.0,0.0,0.3875699813956405,0.0,0.0,0.0,0.3815864645392682,0.39975492807516505,0.0,0.0,0.0,0.0,0.0,0.0,0.3946525481490849,0.0,0.0,0.42647283356053717,0.0,0.0,0.3624633472347876,0.4009211098269559,0.37216032253784853,0.4222821237879875,0.4019863682572266,0.0,0.0,0.0,0.40360059653905755,0.33977435866663697,0.0,0.40310336804938324,0.0,0.0,0.4085471982848915,0.42926712373191156,0.0,0.0,0.0,0.0,0.41925556491997423,0.0,0.38103151142693215,0.0,0.0,0.0,0.0,0.0,0.0,0.4052543617856805,0.0,0.4223151901827609,0.0,0.0,0.41645244556744343,0.42767421057056804,0.0,0.4177799023643241,0.4290533741643509,0.0,0.0,0.38298190705574536,0.0,0.41336532757166533,0.0,0.3815314178656739,0.38658786093614894,0.0,0.390924127823422,0.4111159591292924,0.4069526141569816,0.0,0.0,0.0,0.0,0.0,0.0,0.3936360412519978,0.0,0.0,0.0,0.3792363908380494,0.38267124081716297,0.3685596812430793,0.0,0.0,0.39044016071733545,0.41543533007572025,0.0,0.0,0.0,0.0,0.0,0.0,0.3859643947084182,0.0,0.0,0.0,0.0,0.3975587130445057,0.0,0.0,0.0,0.0,0.0,0.0,0.0,0.0,0.42984988262279156,0.3540027708073094,0.4039954880635003,0.0,0.0,0.41763898388387033,0.40554107238498927,0.0,0.4316850558744533,0.4002843652616612,0.3987741415504519,0.0,0.0,0.4416441103201483,0.0,0.4311789907554708,0.0,0.0,0.3964843807732891,0.3744032785752617,0.4153678838204974,0.0,0.0,0.0,0.40485871655486705,0.4233051553204667,0.417447575694046,0.43482703117070454,0.0
0.0,0.0,0.16756080346435465,0.0,0.0,0.0,0.0,0.18232582770636963,0.16399715759609357,0.0,0.17060921398151246,0.0,0.0,0.0,0.0,0.0,0.0,0.0,0.0,0.0,0.19251824380926208,0.0,0.16999778724584572,0.0,0.0,0.0,0.0,0.0,0.19032717707337338,0.0,0.0,0.20140014029705688,0.0,0.15372850067297997,0.0,0.183897537599208,0.0,0.0,0.0,0.0,0.17071275476390005,0.2116836405475828,0.0,0.0,0.0,0.21236884165126024,0.0,0.19824492881341424,0.0,0.1930068167868519,0.20092258122938592,0.0,0.1820712967694102,0.0,0.17328672229975647,0.2120865274678827,0.18628349327718988,0.0,0.0,0.17247034974123573,0.14639081497694334,0.0,0.0,0.1806666792950155,0.0,0.0,0.0,0.0,0.0,0.0,0.0,0.0,0.0,0.20181126507522648,0.0,0.0,0.0,0.18638147131395172,0.0,0.21571375730971015,0.0,0.19147003420851869,0.0,0.0,0.0,0.0,0.1907935953600262,0.0,0.0,0.0,0.0,0.0,0.0,0.19090538156083714,0.23406633726798595,0.0,0.0,0.1733538854593433,0.0,0.0,0.1561292927868469,0.0,0.15872948573862375,0.1961902374976122,0.0,0.0,0.0,0.0,0.19424530494640455,0.0,0.21010074728767894,0.0,0.0,0.0,0.0,0.0,0.19120179266015322,0.0,0.0,0.0,0.21029352418838404,0.0,0.16887185531154178,0.0,0.0,0.17574010226481354,0.0,0.1934438315453856,0.0,0.16870043140161936,0.0,0.0,0.17557784570713902,0.0,0.0,0.0,0.0,0.19116055453868316,0.0,0.0,0.0,0.0,0.0,0.0,0.0,0.19387128779700566,0.0,0.17209329149779454,0.0,0.0,0.0,0.0,0.0,0.1885261993424512,0.18911801064296416,0.0,0.0,0.0,0.0,0.15310266167888925,0.18922125014692548,0.0,0.0,0.0,0.0,0.0,0.0,0.13350897286324523,0.19598780831241727,0.17207277100784607,0.20771920570041844,0.0,0.21097054863065373,0.0,0.16650223953435214,0.0,0.18465060626257798,0.17261831996673946,0.1637616942289345,0.0,0.2055852670026007,0.14200018707961873,0.0,0.0,0.0,0.0,0.20925670788762293,0.0,0.0,0.20298950652472772,0.0,0.0,0.19756131657334414,0.2254472489424782,0.18237731935632523,0.0,0.18531120240336435,0.0,0.0,0.1985834838488879,0.0,0.19086881075164308,0.0,0.0,0.19897437568508325,0.0,0.23823754470195305,0.18659722475823287,0.18990253731364384,0.16702668186706948,0.17959746014392752,0.0,0.1621018784148309,0.0,0.18099113608976306,0.0,0.0,0.0,0.0,0.0,0.0,0.0,0.1865243921298902,0.0,0.0,0.0,0.17735228651564525,0.0,0.0,0.0,0.0,0.0,0.0,0.0,0.0,0.15438389012708323,0.0,0.0,0.2072705871099943,0.19323005742082203,0.2065898566980122,0.0,0.19438119507805746,0.20372714800569455,0.17966801131674057,0.0,0.0,0.20788114129858803,0.1773921596399529,0.17949361194758773,0.1914152378256672,0.0,0.17669018932548267,0.0,0.0,0.16519851348669679,0.0,0.18017311186440244,0.17027371360934176,0.1890149097784692,0.19700344413794604,0.20485950588853538,0.1893485401247903,0.20337371177368488,0.0,0.0,0.0,0.0,0.19975243761094635,0.0,0.0,0.0,0.0,0.0,0.0,0.0,0.0,0.0,0.0,0.0,0.0,0.0,0.18506196441736641,0.15390095590001976,0.0,0.0,0.0,0.21313251332421823,0.0,0.0,0.17136908671538434,0.0,0.0,0.16161796724029817,0.0,0.20147435994870144,0.1483545904052834,0.16266660730482677,0.1971719910499943,0.15061733637807234,0.0,0.1961624369458688,0.17304800134247636,0.17783449263076967,0.19688508326880383,0.20683547012864992,0.0,0.1774764672085204,0.0,0.0,0.0,0.0,0.0,0.0,0.0,0.0,0.0,0.0,0.0,0.0,0.16763863353588465,0.0,0.0,0.0,0.20236602808666906,0.21240900068001584,0.0,0.0,0.0,0.0,0.19016496705433442,0.0,0.2172567345725006,0.17519814906326422,0.0,0.0,0.0,0.0,0.0,0.14082536177078875,0.16998065610809443,0.16244033941335345,0.0,0.19483830992993664,0.0,0.17571882208998257,0.2174819903606642,0.17209731464252853,0.0,0.0,0.0,0.0,0.0,0.0,0.184346758641606,0.0,0.0,0.16324330734236137,0.0,0.20427191720931479,0.0,0.17830584827938822,0.18880872718012606,0.19936280148981625,0.0,0.0,0.0,0.19303461775959316,0.0,0.0,0.191220146676301,0.22025306682809168,0.23510831166673357,0.0,0.1614543883482342,0.0,0.0,0.1623392621390326,0.0,0.1608002396942139,0.0,0.17337569487700846,0.0,0.18571000305848476,0.0,0.20917956631909826,0.1601245321555959,0.0,0.17937421700654055,0.0,0.0,0.0,0.0,0.0,0.0,0.0,0.0,0.0,0.0,0.0,0.0,0.0,0.16389268054572906,0.0,0.0,0.0,0.0,0.18007365224235927,0.0,0.0,0.0,0.1783386601362103,0.17249466037640845,0.17364991938316324,0.18847283518535324,0.0,0.18765349553114294,0.0,0.0,0.0,0.19173931848285486,0.1669559712549329,0.0,0.0,0.1814015307101253,0.0,0.0,0.185875994894165,0.19571982379842046,0.0,0.20224959407521279,0.0,0.1897285323189233,0.0,0.0,0.0,0.0,0.17566851643752346,0.21081639981130862,0.14461201741176047,0.0,0.17015465515633396,0.0,0.0,0.0,0.0,0.0,0.0,0.1962207286240833,0.0,0.0,0.14746134735807448,0.16846967571816868,0.0,0.0,0.18477943746537756,0.19048603168529343,0.0,0.0,0.0,0.0,0.0,0.0,0.21265448701192582,0.16177672416486263,0.0,0.20598327627961616,0.18581357240831506,0.0,0.0,0.0,0.0,0.0,0.0,0.0,0.0,0.0,0.2129262430658138,0.0,0.17526861665698956,0.0,0.20022040337117983,0.0,0.0,0.0,0.0,0.0,0.0,0.0,0.2075715724059555,0.1803491175361047,0.0,0.0,0.0,0.0,0.0,0.0,0.0,0.1911553953914339,0.0,0.0,0.0,0.18723118033110883,0.0,0.0,0.14585499298070528,0.0,0.17354245508216254,0.0,0.0,0.16722840211924084,0.0,0.0,0.0,0.0,0.1656043786275128,0.0,0.0,0.2231046684033015,0.21259179718601384,0.0,0.14872688520641952,0.0,0.0,0.0,0.0,0.19738831428633585,0.0,0.0,0.19713065475784608,0.0,0.0,0.0,0.0,0.19019424314396138,0.0,0.0,0.0,0.21763701221842646,0.15194609391947905,0.0,0.19418782701489024,0.0,0.0,0.16510354666967195,0.0,0.0,0.0,0.0,0.0,0.0,0.0,0.0,0.0,0.18470554303926776,0.0,0.0,0.0,0.20977026281383387,0.0,0.0,0.16117404177430267,0.20602684094019658,0.0,0.0,0.17273248691144974,0.1978173312383812,0.0,0.19599891320582058,0.0,0.0,0.0,0.0,0.0,0.0,0.19609158027031443,0.0,0.16860034822288467,0.1548300858745094,0.20933490319456524,0.0,0.19228531575858104,0.0,0.17239446244994544,0.1950635206305858,0.18720094016014838,0.0,0.0,0.0,0.0,0.0,0.0,0.0,0.2000637721538392,0.0,0.0,0.1728542101703671,0.18792057610415575,0.1790930483017837,0.1809855987233478,0.0,0.18633770839440156,0.0,0.0,0.18054024581073688,0.0,0.20020069330417717,0.0,0.0,0.0,0.19962538624417223,0.17467671412203922,0.0,0.0,0.0,0.0,0.0,0.0,0.0,0.20578175723989323,0.16232093169008338,0.0,0.0,0.0,0.15228300330381506,0.0,0.0,0.0,0.21174073968772547,0.0,0.1992256753839722,0.0,0.1878827052294682,0.0,0.0,0.0,0.19518675976685754,0.21187190442430537,0.0,0.18034027477352038,0.0,0.16231902112069313,0.0,0.0,0.0,0.0,0.0,0.0,0.0,0.0,0.0,0.0,0.0,0.0,0.0,0.0,0.0,0.20179926742380197,0.0,0.0,0.0,0.0,0.0,0.0,0.17797872853318614,0.19469412917662388,0.0,0.18319372971001552,0.0,0.17705320773042887,0.21271522099792048,0.0,0.0,0.20267761249383967,0.0,0.16432004576091255,0.19085411505607583,0.1844497792662564,0.0,0.0,0.0,0.0,0.0,0.16903922298660104,0.0,0.0,0.18547526934112116,0.0,0.21285220938242744,0.0,0.0,0.0,0.0,0.0,0.0,0.18737597414071536,0.0,0.0,0.22715982678715527,0.0,0.0,0.0,0.0,0.0,0.0,0.0,0.11424768260052894,0.0,0.2043893062049592,0.0,0.0,0.0,0.0,0.0,0.0,0.18630577710977578,0.0,0.0,0.0,0.0,0.1827691096141755,0.0,0.19588098088723038,0.20592285391733237,0.0,0.0,0.17618386067373212,0.16592993341190937,0.0,0.0,0.1840624013528241,0.0,0.0,0.0,0.0,0.2026228860239114,0.0,0.0,0.0,0.19188084568941943,0.0,0.19076186792615749,0.0,0.2056729921037051,0.0,0.0,0.19677935735128788,0.19002068752131332,0.16857355932651769,0.19236191227514296,0.18254385489720065,0.17789211158007937,0.17871259185118868,0.0,0.0,0.17642921450758423,0.19482207540608543,0.1550161402589295,0.0,0.0,0.15604310004117555,0.17865716677180196,0.0,0.0,0.0,0.0,0.22909841983247992,0.0,0.0,0.19096720415184143,0.2069278827112472,0.0,0.0,0.19688870030760847,0.1991699215317483,0.18558468923849458,0.0,0.21156902468340258,0.2115990302668001,0.0,0.0,0.1692510308604595,0.1636632731383358,0.0,0.20054450666465806,0.19679357526062025,0.0,0.0,0.0,0.0,0.0,0.0,0.0,0.20111131778169772,0.15873306109278085,0.18065661223185628,0.0,0.0,0.1655445188081358,0.0,0.2102188239064838,0.17615474793919167,0.1828244694369606,0.18584204304746654,0.0,0.17345327430171945,0.1788879281722533,0.0,0.0,0.0,0.0,0.0,0.20538825966220334,0.0,0.2087549020898107,0.16437793469185882,0.1667264787021871,0.20724523956949772,0.0,0.1949373645194765,0.0,0.0,0.0,0.0,0.0,0.19321009556728236,0.0,0.0,0.0,0.20055947910239053,0.18947140529547557,0.0,0.0,0.0,0.0,0.0,0.0,0.0,0.17096851643081873,0.0,0.17184733061552523,0.0,0.0,0.0,0.0,0.18430602802417992,0.0,0.0,0.14752469690908454,0.0,0.0,0.152849210860872,0.0,0.0,0.0,0.0,0.0,0.19080180255649265,0.0,0.0,0.15033801644068173,0.0,0.15290914074980452,0.0,0.0,0.0,0.0,0.0,0.2008386236222592,0.20184118542876864,0.0,0.16874608682143175,0.0,0.0,0.0,0.1884752864854985,0.0,0.20724091323150828,0.0,0.0,0.0,0.19354662437038858,0.0,0.18971014940587305,0.18345133953451326,0.0,0.0,0.0,0.0,0.0,0.1671217453147139,0.0,0.0,0.0,0.1883398402596615,0.164076154737619,0.1903664000980671,0.18378709097196458,0.19001475423481357,0.0,0.0,0.17844808469631562,0.2030039053994658,0.0,0.1682684813188096,0.17188854815884944,0.2091236015035083,0.0,0.0,0.19861981483813101,0.2018682555909297,0.2111435388000548,0.0,0.19541863140203827,0.19444773610413976,0.0,0.0,0.17540117502881555,0.2145296666025741,0.0,0.0,0.0,0.0,0.0,0.1918177409026076,0.0,0.1672427932553186,0.0,0.0,0.19503578200797209,0.0,0.1758926126377532,0.0,0.0,0.17920693733399154,0.18308026200693292,0.21144148752799669,0.0,0.19337460223740408,0.0,0.0,0.0,0.22988370212453138,0.0,0.0,0.0,0.1628778603731456,0.0,0.0,0.0,0.0,0.19131100605025975,0.0,0.0,0.0,0.0,0.0,0.0,0.0,0.0,0.0,0.0,0.17858834712061225,0.0,0.1677229776942938,0.0,0.19599843209805032,0.16536487892462343,0.18939558545822768,0.20641114126747626,0.0,0.0,0.214273062625693,0.1687807533073314,0.0,0.0,0.0,0.0,0.0,0.0,0.0,0.0,0.0,0.0,0.18311599361278338,0.16886651114170945,0.19891639659534027,0.0,0.0,0.20718303054613574,0.17025179278833283,0.0,0.0,0.16706667664494318,0.0,0.0,0.0,0.0,0.0,0.18189748082277735
0.5771540822701382,0.5658359526969728,0.0,0.5375735528897875,0.5958922289940429,0.0,0.0,0.0,0.0,0.0,0.6000069034407782,0.5538402647722391,0.5959898417836563,0.0,0.0,0.5387839055849643,0.0,0.5621850013757123,0.0,0.0,0.0,0.0,0.0,0.0,0.0,0.5772361315645553,0.0,0.0,0.573969113530671,0.5799808602684555,0.0,0.0,0.0,0.6013945260186639,0.5577148734383903,0.0,0.0,0.593894624548941,0.5728358828725723,0.5866169280036213,0.0,0.0,0.0,0.0,0.0,0.5874023609784806,0.0,0.0,0.5304133710800429,0.0,0.0,0.5737728339941722,0.5622708746528784,0.0,0.0,0.5703791869845343,0.0,0.0,0.0,0.0,0.5798330559678981,0.5525974919404204,0.0,0.0,0.0,0.0,0.5756418324646018,0.5489856472438297,0.0,0.0,0.0,0.0,0.0,0.5890455028748198,0.0,0.0,0.5717882710995998,0.0,0.5697825794347348,0.0,0.5904069884724564,0.0,0.0,0.0,0.0,0.5685475460989359,0.0,0.586677866230071,0.0,0.0,0.0,0.5926578896675221,0.0,0.0,0.0,0.0,0.0,0.5721918739981157,0.5548950817066428,0.5490455275505911,0.0,0.0,0.5496318695651229,0.0,0.5878693558690061,0.5700202417994804,0.0,0.0,0.5704156165081056,0.0,0.0,0.0,0.0,0.0,0.0,0.0,0.5927781113449122,0.0,0.0,0.5711405685191574,0.0,0.0,0.5463148334842098,0.5626731937052969,0.5423436070406353,0.5502752989535192,0.0,0.5724715299562658,0.5197494150501808,0.0,0.5837618314747013,0.5341613216830103,0.0,0.0,0.0,0.0,0.0,0.5430966328460066,0.0,0.0,0.0,0.5603564015521902,0.5706478041972859,0.606080214836765,0.0,0.5466904616501147,0.0,0.5876000708477086,0.0,0.5899983107999657,0.0,0.5547631312972093,0.0,0.5589257107132759,0.0,0.557411900811277,0.5735664723703614,0.0,0.0,0.572048909108502,0.0,0.0,0.0,0.0,0.5578361795500869,0.0,0.0,0.0,0.5609705469678028,0.5832098167624208,0.0,0.0,0.0,0.0,0.5746891420835017,0.0,0.0,0.0,0.5668613766500448,0.0,0.0,0.0,0.0,0.6115092946044062,0.0,0.0,0.5893148872341921,0.0,0.5795012546754952,0.0,0.5747288146226806,0.0,0.5974848153077785,0.5536743952585167,0.0,0.5487116348721248,0.0,0.0,0.54659269951406,0.591799173749671,0.0,0.5535797209288821,0.0,0.0,0.0,0.6081747885154055,0.5957838919057669,0.5919598648935599,0.515988594655808,0.0,0.0,0.0,0.5279283086008243,0.0,0.5367698398203186,0.5413765444940742,0.0,0.0,0.0,0.5405503148693026,0.5604465633323502,0.0,0.0,0.5506015476900032,0.6051754401966272,0.5525903519791678,0.0,0.0,0.0,0.0,0.5960760033415584,0.5712214145850576,0.0,0.0,0.0,0.5785387969516591,0.617815336446868,0.0,0.6010931079200814,0.5534897409286741,0.0,0.5932696928701232,0.0,0.0,0.0,0.0,0.5935556554286683,0.0,0.0,0.0,0.0,0.0,0.5586365482046918,0.0,0.0,0.0,0.0,0.572416328414801,0.0,0.5746076243844958,0.0,0.0,0.0,0.0,0.0,0.0,0.0,0.0,0.0,0.0,0.0,0.5727960187165713,0.5880135944436209,0.5783802333069609,0.0,0.0,0.5905593855940775,0.0,0.6188930774739986,0.0,0.0,0.0,0.0,0.0,0.0,0.0,0.0,0.5481246651673475,0.0,0.5293866990278765,0.0,0.5971883880386458,0.0,0.5998816951590203,0.0,0.0,0.5896874958664804,0.5924637328342146,0.5699275565446934,0.587094325232126,0.0,0.0,0.5618519883443348,0.5566603379146361,0.0,0.5935721399468753,0.5898003330841197,0.5609131141006836,0.0,0.0,0.0,0.573278499303335,0.0,0.0,0.5852882596859109,0.601021846795128,0.5576849696676467,0.0,0.0,0.0,0.0,0.0,0.5687789538851964,0.0,0.6013912594921726,0.0,0.5837911016742932,0.0,0.0,0.0,0.0,0.0,0.5460958275637487,0.0,0.5830894591300438,0.0,0.0,0.5661921683470492,0.0,0.0,0.0,0.5916566420087649,0.0,0.5599317142615576,0.0,0.5641955438097427,0.5611732487841962,0.561604258249524,0.0,0.5640624362806783,0.0,0.0,0.0,0.0,0.0,0.0,0.5748441562404925,0.0,0.0,0.5664730021223263,0.0,0.5766377083012686,0.0,0.5656112781061298,0.5839186595719718,0.0,0.5657980063973491,0.5690246211674427,0.5613623539348745,0.5694543988462059,0.567578854257759,0.5648320373523866,0.5911493878304372,0.5603455632232269,0.5759595640182297,0.0,0.0,0.0,0.5720625056490376,0.0,0.0,0.0,0.5904376319059851,0.0,0.0,0.5893546241158796,0.0,0.0,0.5518453922858866,0.0,0.0,0.5337566027048527,0.0,0.0,0.0,0.0,0.0,0.5556548022133051,0.5683197592634995,0.5484783375571252,0.0,0.0,0.6069992794780313,0.0,0.0,0.0,0.0,0.0,0.0,0.0,0.6019216751276784,0.0,0.0,0.554319264546821,0.5408009387121375,0.0,0.5750577621368513,0.0,0.0,0.5702268177352534,0.5728866311645112,0.5884771294842764,0.0,0.0,0.5966373294887597,0.0,0.0,0.5896112458729885,0.5355812585088869,0.0,0.5804630991276345,0.0,0.0,0.0,0.5512221228864322,0.0,0.0,0.5870789507447536,0.5872652853147307,0.0,0.0,0.5259244044206427,0.0,0.0,0.0,0.0,0.0,0.0,0.5991905482257242,0.5493926585584125,0.0,0.0,0.5791960871098815,0.0,0.5864352397679484,0.0,0.0,0.0,0.0,0.0,0.0,0.6130229892404189,0.0,0.5640279665127894,0.5920259576829463,0.5877008033803705,0.0,0.0,0.0,0.5505633540505623,0.0,0.0,0.0,0.0,0.0,0.5679060165427747,0.0,0.0,0.0,0.5727694512488894,0.0,0.0,0.5584410135467168,0.0,0.0,0.0,0.0,0.0,0.5631564153883544,0.5842938270642813,0.0,0.565918756744272,0.0,0.0,0.0,0.0,0.5591794876455732,0.5552709433240615,0.5774728324267844,0.5337471686316397,0.5828580047544667,0.5857028013365896,0.5785576526716107,0.5856822032929889,0.5847858117909173,0.5524310347690468,0.5794000697852251,0.5724176058766784,0.5482855266911815,0.5761244299372137,0.585508122847027,0.0,0.0,0.0,0.0,0.5678773287876978,0.0,0.0,0.0,0.6088769931981013,0.0,0.0,0.5877966040098328,0.0,0.0,0.0,0.557966864250096,0.0,0.0,0.0,0.0,0.0,0.0,0.0,0.0,0.0,0.0,0.0,0.0,0.5927871368090789,0.0,0.5776910815521131,0.0,0.590743171755697,0.0,0.0,0.6038478894230324,0.5536335277033891,0.0,0.0,0.5709416765078726,0.0,0.0,0.0,0.0,0.0,0.0,0.0,0.0,0.0,0.0,0.5541758526666396,0.594363015078569,0.5756735517645328,0.5773085495958507,0.0,0.5957538548790478,0.0,0.5687984054011077,0.0,0.0,0.0,0.5741997889907824,0.0,0.0,0.5959950931236985,0.0,0.0,0.0,0.0,0.0,0.574379433275836,0.0,0.612106854194595,0.0,0.0,0.0,0.5969780751094217,0.5809577019898723,0.0,0.0,0.0,0.0,0.0,0.0,0.0,0.0,0.6079780106109356,0.5628803719010773,0.0,0.0,0.5720484796360146,0.0,0.5572528963296042,0.5557097205558995,0.0,0.0,0.5600432227302212,0.5623970041571946,0.0,0.0,0.5731725071867855,0.0,0.5781679241361313,0.0,0.5904926857874315,0.0,0.5761633136161455,0.5788606762412223,0.0,0.0,0.6020596636898133,0.0,0.5714698017086705,0.0,0.0,0.0,0.0,0.0,0.0,0.5929312811182107,0.0,0.0,0.0,0.0,0.5791292815005513,0.536563655824035,0.0,0.0,0.0,0.0,0.5524637715005394,0.0,0.0,0.0,0.5606513041196661,0.0,0.0,0.0,0.5485140310112967,0.5775619149658532,0.0,0.5695558251248846,0.0,0.0,0.0,0.0,0.0,0.0,0.0,0.0,0.0,0.6094603331889497,0.0,0.5857368723137215,0.5660179761184723,0.0,0.6000706053173793,0.0,0.0,0.0,0.0,0.0,0.5566728728750532,0.0,0.0,0.5539287666578347,0.0,0.5692013327547348,0.0,0.576661614048712,0.0,0.5618639478388642,0.0,0.5608964816264008,0.5721972723180024,0.0,0.0,0.5705984496453183,0.0,0.0,0.0,0.0,0.0,0.0,0.0,0.0,0.0,0.0,0.581628137292489,0.0,0.5365900001044862,0.5833699031250865,0.0,0.0,0.0,0.0,0.0,0.5515139910495571,0.0,0.5538805720785868,0.0,0.5974802964044211,0.0,0.0,0.0,0.0,0.0,0.0,0.0,0.0,0.5949208691671942,0.5375781489054565,0.5946213677120292,0.0,0.0,0.0,0.0,0.0,0.5676282368531183,0.5292590149448207,0.0,0.0,0.5880930392787326,0.5791813037068931,0.5792201084707083,0.0,0.0,0.5692547637874867,0.569925167784884,0.0,0.5507275281147844,0.578850286824361,0.0,0.0,0.0,0.5887995906638188,0.568063524081072,0.5793438077934463,0.5490164279411365,0.0,0.5852001956664576,0.573841202438092,0.5917874033612204,0.0,0.0,0.0,0.0,0.0,0.0,0.0,0.0,0.0,0.5590014214179733,0.0,0.0,0.0,0.0,0.0,0.0,0.5824514500563713,0.0,0.0,0.0,0.0,0.5563747201200121,0.0,0.0,0.0,0.5473680380817826,0.0,0.5559745234347809,0.0,0.5870586393754865,0.0,0.0,0.0,0.0,0.0,0.0,0.0,0.0,0.0,0.0,0.624543195061978,0.0,0.0,0.5520365665680899,0.0,0.5247938232892061,0.5487933166049298,0.0,0.0,0.0,0.5671145772779527,0.0,0.0,0.0,0.0,0.5669761753599132,0.0,0.0,0.5513949954034453,0.0,0.0,0.0,0.5268153889986358,0.5607941947530716,0.0,0.0,0.0,0.0,0.0,0.5702218319665188,0.0,0.5640960137738545,0.5782212248520957,0.0,0.5656785529254964,0.5460606260847263,0.6077263165930576,0.6053233031326907,0.5965795837477684,0.5457429637974202,0.5750347145002179,0.5767014665275744,0.5654478405559729,0.5707237158938577,0.5645858448863853,0.0,0.5802720546119823,0.0,0.0,0.0,0.0,0.5354009619995402,0.0,0.5939281399011044,0.553641566696039,0.0,0.0,0.0,0.0,0.0,0.5337760780273308,0.0,0.0,0.0,0.0,0.0,0.0,0.5394222798062059,0.0,0.0,0.0,0.0,0.0,0.0,0.5665224223917391,0.0,0.5782354630957105,0.0,0.0,0.0,0.0,0.5644178654091337,0.0,0.0,0.0,0.0,0.5990577075808251,0.0,0.591229088183185,0.5789569282810217,0.5887371735891338,0.0,0.0,0.0,0.0,0.0,0.5433546794866261,0.0,0.571889178607382,0.0,0.5825009451866467,0.0,0.5301639358789914,0.0,0.5172006532245346,0.0,0.0,0.5561802481826682,0.0,0.0,0.5636787678246251,0.0,0.5558981578729175,0.0,0.0,0.0,0.0,0.5609868837231395,0.5451542307805499,0.0,0.5763732720267812,0.5665359102471395,0.5592650860531829,0.0,0.0,0.0,0.5735849056083624,0.0,0.0,0.0,0.5567388397310097,0.5884646351783558,0.0,0.0,0.0,0.5609682575582379,0.5536396650047252,0.6014625649381345,0.0,0.5717911868685782,0.0,0.0,0.0,0.0,0.0,0.0,0.0,0.5491853981198914,0.0,0.5679816579059868,0.5767697510008671,0.0,0.0,0.0,0.5826170164981036,0.5553897973973415,0.0,0.0,0.0,0.0,0.0,0.0,0.5563334552706679,0.0,0.0,0.5576468108782786,0.0,0.5317928225051071,0.0,0.0,0.5933441583616993,0.0,0.0,0.0,0.0,0.0,0.0,0.5660386299286974,0.0,0.0,0.0,0.0,0.0,0.0,0.0,0.0,0.0,0.0,0.0,0.0,0.0,0.0,0.0,0.0,0.5828320788355963,0.0,0.600564719322753,0.0,0.0,0.5439597699875628,0.0,0.5781230572384146,0.557195613989422,0.0,0.0,0.0
0.0,0.17906490590276833,0.0,0.18895580122386937,0.0,0.0,0.0,0.0,0.17818916768033632,0.0,0.16262433849746885,0.0,0.0,0.21110720392384325,0.0,0.0,0.0,0.18391948450449228,0.0,0.0,0.0,0.0,0.22524035000201634,0.0,0.0,0.0,0.0,0.0,0.18461083672934536,0.0,0.19907056025766526,0.0,0.0,0.17749609025877186,0.0,0.0,0.0,0.0,0.0,0.0,0.2032818389470352,0.0,0.20613841447826242,0.19119743110044163,0.0,0.2039177186552758,0.0,0.23269283508960348,0.0,0.21155838297732604,0.0,0.0,0.2204303242448395,0.0,0.17656853279667561,0.0,0.0,0.0,0.0,0.22109347928048073,0.0,0.0,0.18506207534456773,0.21433370743779914,0.0,0.0,0.18894264575405362,0.0,0.0,0.2052229924123584,0.0,0.17250601335386387,0.0,0.0,0.0,0.0,0.0,0.1894479445220061,0.0,0.19520205347286246,0.0,0.17684722188378174,0.0,0.0,0.0,0.0,0.0,0.17892080153311746,0.0,0.17328520281639673,0.0,0.0,0.0,0.19050109831267922,0.19192120136759294,0.0,0.0,0.0,0.0,0.0,0.0,0.0,0.16169598204509106,0.0,0.21696794365852065,0.1927749741308318,0.21249759222257525,0.0,0.0,0.0,0.0,0.0,0.0,0.0,0.20733938416317862,0.0,0.1890493775070566,0.0,0.0,0.17605601940879917,0.2011929963310354,0.0,0.17590770729397712,0.0,0.18032437717569663,0.19521530104321147,0.0,0.17463647150323086,0.0,0.0,0.19136702978273323,0.0,0.0,0.2100241629930967,0.0,0.0,0.0,0.0,0.0,0.19840177059271563,0.0,0.1786184838074192,0.0,0.2188831979320147,0.0,0.17089116418182237,0.0,0.0,0.0,0.0,0.0,0.16287333412015453,0.0,0.20020055208577522,0.18670582701677088,0.0,0.0,0.0,0.0,0.0,0.19434191958187672,0.0,0.0,0.0,0.20284900633487868,0.0,0.0,0.17531075078014083,0.20273552112716253,0.1949875577164441,0.0,0.0,0.0,0.0,0.19270037919414035,0.0,0.0,0.0,0.0,0.0,0.17304236544204438,0.0,0.0,0.0,0.23531359834713445,0.20441206119357064,0.19253869330920168,0.0,0.2022488863411784,0.0,0.0,0.0,0.0,0.0,0.0,0.20519292412918316,0.1922125718051615,0.18928974114581523,0.0,0.20357367950993224,0.1841831146984079,0.20340201057217597,0.0,0.0,0.0,0.0,0.0,0.20451339175175673,0.19684537149977424,0.19305042791394011,0.0,0.0,0.19236938822279465,0.0,0.0,0.17952694202603306,0.0,0.0,0.0,0.0,0.19644475227555558,0.0,0.0,0.0,0.20036931511663983,0.18399561804904374,0.0,0.19448977522934158,0.0,0.19979146895985966,0.0,0.0,0.19992627189818793,0.1943566466468043,0.0,0.19382133969176638,0.0,0.0,0.16996445308258923,0.21892426674481252,0.18150713954115866,0.0,0.0,0.0,0.0,0.0,0.0,0.217981304420503,0.0,0.0,0.20193825481209915,0.0,0.0,0.0,0.0,0.20629604943348792,0.0,0.0,0.2085402516438302,0.0,0.0,0.0,0.0,0.20173588922679198,0.19253092820376977,0.0,0.0,0.0,0.1935725317932129,0.0,0.0,0.0,0.0,0.0,0.0,0.0,0.0,0.1965791596351304,0.17554187961622775,0.0,0.0,0.0,0.0,0.0,0.2024531883814796,0.0,0.0,0.0,0.0,0.18631075934927857,0.18712182465962995,0.17767372936626452,0.0,0.0,0.0,0.17946847343902853,0.0,0.18288216629285045,0.0,0.19341314883520996,0.20301604034543008,0.0,0.0,0.0,0.224881500127885,0.0,0.0,0.0,0.0,0.1969171660701032,0.0,0.22148019819268294,0.0,0.0,0.210434365198833,0.2053750256036121,0.18799376459413744,0.0,0.0,0.20014425069652494,0.16105713143698686,0.0,0.0,0.0,0.0,0.0,0.0,0.0,0.0,0.19309938016087713,0.16367560948047508,0.2099908001141292,0.0,0.20187857794592576,0.18616735052868807,0.0,0.19300541125145707,0.0,0.0,0.21322169147953313,0.0,0.19682419086379185,0.0,0.19892355202590423,0.0,0.2225562630791387,0.0,0.22493510424056715,0.22993011130557225,0.0,0.20524332262780934,0.0,0.0,0.0,0.19189588939306493,0.0,0.0,0.1889264785909799,0.0,0.0,0.0,0.0,0.0,0.19876387248601202,0.18858220227960204,0.0,0.0,0.0,0.18206539378628872,0.0,0.17262137305699965,0.0,0.0,0.0,0.20845831328523484,0.0,0.2181159393044168,0.0,0.0,0.20721394514061295,0.0,0.18540943177416877,0.19069096990062284,0.20719039705787817,0.1941453852114329,0.18716417349436495,0.1991754601038015,0.0,0.18171974194391496,0.19202291608215893,0.0,0.0,0.0,0.0,0.0,0.0,0.0,0.1806800125960358,0.17326939440333858,0.0,0.0,0.19790454161497678,0.20127514079551184,0.0,0.1990349112421081,0.0,0.2207911477917816,0.0,0.0,0.0,0.0,0.0,0.0,0.1986481184389493,0.0,0.18743168428914267,0.0,0.1861635502320235,0.0,0.0,0.18540946189041888,0.2220621271888027,0.0,0.0,0.0,0.0,0.0,0.20393907663874652,0.20374168104923776,0.19239894556530018,0.0,0.0,0.1840623110310913,0.17689512669168403,0.0,0.20087337024565513,0.0,0.0,0.19850391409585308,0.20610684562266438,0.0,0.19576405800523602,0.0,0.20091594593782555,0.0,0.0,0.0,0.0,0.0,0.0,0.0,0.0,0.0,0.20797652956689877,0.0,0.0,0.0,0.20577646149736667,0.20872443562597043,0.18150735766274884,0.0,0.0,0.0,0.0,0.2048466602218074,0.0,0.0,0.0,0.2016208959469672,0.0,0.19571823094613328,0.0,0.0,0.20285147461494107,0.0,0.0,0.0,0.20117801424908646,0.0,0.0,0.0,0.0,0.2134529648553104,0.2001821383838429,0.0,0.0,0.0,0.19588719432827134,0.16454267226170113,0.20466813387793262,0.0,0.19066741961405415,0.0,0.0,0.0,0.0,0.0,0.20341713441667345,0.2075285854408308,0.0,0.19250158393870348,0.19367264829573924,0.2220865011587841,0.17186187551874088,0.0,0.17930477733447647,0.0,0.0,0.223180251169006,0.1971609587184671,0.1981828489877503,0.0,0.0,0.20958512244408817,0.0,0.0,0.18332578700401728,0.2102854247830745,0.0,0.0,0.0,0.0,0.0,0.0,0.0,0.0,0.0,0.0,0.0,0.0,0.0,0.0,0.0,0.0,0.0,0.20245771569085402,0.19921451306932067,0.0,0.0,0.0,0.0,0.0,0.0,0.0,0.17241928083368582,0.0,0.20872069627960618,0.21151445882091682,0.0,0.19125318772803346,0.0,0.0,0.20298616638806133,0.0,0.18838997582141057,0.0,0.0,0.0,0.0,0.0,0.1982549949107122,0.0,0.0,0.22306909129064714,0.20386273899512677,0.0,0.17065657571232917,0.0,0.18992152269494564,0.0,0.0,0.1927933235525535,0.0,0.0,0.0,0.18998789576948905,0.0,0.0,0.2151124248265269,0.0,0.0,0.2101194414294752,0.0,0.0,0.0,0.0,0.1971946738095488,0.0,0.0,0.0,0.0,0.0,0.0,0.0,0.0,0.0,0.20041077392065662,0.0,0.0,0.0,0.0,0.0,0.0,0.2240382038624612,0.0,0.0,0.0,0.0,0.0,0.0,0.0,0.0,0.19882185327258362,0.1901650436961537,0.0,0.0,0.0,0.0,0.1855366569778581,0.22738540553690853,0.0,0.21229415293631873,0.0,0.0,0.0,0.0,0.0,0.0,0.0,0.0,0.0,0.0,0.0,0.0,0.0,0.0,0.0,0.0,0.0,0.0,0.234459191865162,0.0,0.0,0.20648610289538294,0.19857957178719235,0.0,0.20716929693812686,0.0,0.0,0.18646644947157542,0.0,0.19681850691926556,0.0,0.17595727639820344,0.0,0.0,0.0,0.0,0.0,0.0,0.0,0.0,0.2210846268653977,0.0,0.22893198107272392,0.19806150322489838,0.0,0.18731614849030145,0.0,0.0,0.20612129786225167,0.0,0.0,0.0,0.0,0.0,0.18323976554359261,0.0,0.19659216593315787,0.18113580084981798,0.0,0.0,0.20471914341180225,0.18517539588927787,0.0,0.1902165674152874,0.0,0.0,0.20320172214825946,0.0,0.0,0.19996769163984027,0.0,0.0,0.2082944777478867,0.19045583617441256,0.0,0.0,0.0,0.21058368622000723,0.0,0.0,0.19697984638100743,0.0,0.0,0.0,0.21257462281233327,0.0,0.0,0.21696875167662757,0.19424650918602027,0.0,0.0,0.0,0.0,0.17314006398729248,0.0,0.0,0.0,0.0,0.16713330894675024,0.0,0.2165081819516742,0.1976625878112681,0.0,0.0,0.18505854617638243,0.0,0.0,0.0,0.1884449565065011,0.0,0.0,0.20999502359469485,0.19415432275144837,0.202665223388134,0.0,0.0,0.20348999882782404,0.0,0.0,0.0,0.1629453182670568,0.0,0.2023083727114605,0.0,0.23089421403971425,0.0,0.20087296462934956,0.16878645738194278,0.0,0.0,0.0,0.19593886767380067,0.0,0.0,0.20456193088802632,0.0,0.0,0.0,0.21098978163516943,0.21540001386828014,0.19478336512759356,0.0,0.0,0.0,0.0,0.2121319548796147,0.0,0.0,0.20076700971431174,0.16541368186638014,0.0,0.18995359201325265,0.0,0.18590555832191202,0.18466254604296928,0.20734930690032252,0.19063418896729958,0.21868432139394584,0.0,0.0,0.2110180058669646,0.0,0.0,0.0,0.0,0.0,0.0,0.0,0.0,0.0,0.1884838868461922,0.0,0.20580796989822636,0.0,0.21273133535228922,0.19866769250400404,0.1871105291938175,0.0,0.0,0.0,0.0,0.18436585176651665,0.0,0.1979193970646128,0.0,0.0,0.0,0.0,0.0,0.0,0.0,0.1854711216376899,0.0,0.0,0.190619474213836,0.0,0.0,0.0,0.0,0.0,0.0,0.0,0.0,0.0,0.0,0.0,0.21769726900991165,0.0,0.18000982325248505,0.0,0.0,0.16677924173351633,0.1765226736559387,0.18583441944577278,0.0,0.18624690589326237,0.1907662885023991,0.17962109035978183,0.0,0.0,0.0,0.0,0.0,0.0,0.0,0.0,0.0,0.0,0.0,0.0,0.0,0.0,0.0,0.0,0.2021866012473579,0.0,0.0,0.0,0.0,0.0,0.2002573976953147,0.0,0.0,0.0,0.0,0.0,0.0,0.19462207997499623,0.1895805562341628,0.0,0.20026239878965266,0.0,0.0,0.18126284253386332,0.0,0.0,0.0,0.0,0.0,0.0,0.2085023226166907,0.0,0.0,0.20636126608751607,0.18934734872424414,0.20261978017776544,0.0,0.0,0.20114596175784272,0.0,0.0,0.0,0.1880867074833263,0.0,0.0,0.0,0.0,0.0,0.0,0.1993067976104071,0.0,0.0,0.0,0.0,0.20947649478157843,0.0,0.0,0.0,0.20127273468910983,0.1722164110146187,0.19390249186136488,0.0,0.19018785759250995,0.19727541156390233,0.0,0.0,0.19361893551711504,0.0,0.0,0.0,0.0,0.0,0.0,0.0,0.0,0.0,0.0,0.0,0.0,0.0,0.0,0.0,0.0,0.0,0.0,0.0,0.0,0.0,0.0,0.0,0.2041274887538988,0.19318914294507378,0.19257193351458965,0.0,0.0,0.0,0.0,0.19332137961038315,0.2252600307008668,0.16577038124392643,0.0,0.21392848511077336,0.0,0.0,0.0,0.0,0.0,0.0,0.0,0.18910656805364956,0.1959273646178931,0.0,0.0,0.20466468388756862,0.0,0.0,0.0,0.0,0.0,0.0,0.20025186669933837,0.19934687925273106,0.18612953187418724,0.0,0.0,0.0,0.0,0.19012510097607246,0.0,0.16875803380561957,0.0,0.0,0.16030363777138554,0.18598905961344137,0.0,0.19600036268179952,0.0,0.0,0.0,0.21322955133271262,0.212873645595101,0.0,0.0,0.20656009356877916,0.18413580335470436,0.2181438014385076,0.0,0.0
0.8756179845307248,0.0,0.0,0.0,0.0,0.0,0.0,0.0,0.8952024516143201,0.0,0.8723913557803888,0.0,0.0,0.0,0.0,0.9191124957579477,0.9058849595748627,0.8762883114809202,0.0,0.8628069264765856,0.0,0.0,0.0,0.0,0.9058022065409045,0.0,0.0,0.0,0.8996686325691523,0.0,0.0,0.0,0.0,0.0,0.0,0.8977329354640449,0.0,0.8936961525039462,0.0,0.8790909303262715,0.0,0.89535408986096,0.0,0.0,0.0,0.8912244170811326,0.0,0.8548528900818227,0.9386307143962495,0.0,0.0,0.0,0.0,0.0,0.9024774502110303,0.8907309767540859,0.8876156639730243,0.0,0.0,0.0,0.8848864092080482,0.9241582022101243,0.926838882300676,0.0,0.0,0.0,0.898421677542363,0.0,0.0,0.0,0.0,0.0,0.0,0.8907581143800981,0.0,0.0,0.0,0.9082165072881341,0.0,0.0,0.0,0.0,0.0,0.0,0.8535551692253139,0.0,0.0,0.0,0.0,0.0,0.0,0.0,0.9324790709818199,0.0,0.912525690429988,0.0,0.0,0.8847873341630302,0.0,0.8873015897107439,0.9016774717068212,0.0,0.8741019246981201,0.0,0.0,0.0,0.0,0.0,0.9289029298595538,0.0,0.0,0.0,0.9002164366787628,0.0,0.9169833240281746,0.0,0.9191650219939922,0.0,0.0,0.9169281676564172,0.9260533829099847,0.0,0.0,0.0,0.9247801058241394,0.8998617811144695,0.0,0.9130520259983899,0.0,0.0,0.0,0.0,0.8993589338118964,0.0,0.0,0.0,0.0,0.0,0.9310882889109142,0.0,0.0,0.895151851826319,0.0,0.0,0.0,0.9056046694832307,0.0,0.9271058092288779,0.0,0.9662801924231152,0.0,0.0,0.8863974199592037,0.0,0.9001368593994135,0.0,0.0,0.0,0.0,0.8640438924753597,0.0,0.0,0.0,0.0,0.0,0.0,0.0,0.8737532648639944,0.9248013850969902,0.938450431562769,0.0,0.0,0.0,0.0,0.9004661736344728,0.0,0.0,0.0,0.9108730536493669,0.0,0.0,0.0,0.0,0.9159708936890625,0.0,0.8765988651137105,0.8905917068576785,0.8712078709500273,0.0,0.0,0.914946051287897,0.0,0.0,0.0,0.8833948483746946,0.8727285954506074,0.0,0.9092609835154933,0.0,0.0,0.0,0.9003797804149994,0.0,0.0,0.0,0.0,0.0,0.8483900173452041,0.0,0.9087523111656473,0.0,0.0,0.8915761157248178,0.0,0.8972505336264922,0.0,0.0,0.0,0.0,0.0,0.8632868875391786,0.0,0.0,0.0,0.0,0.0,0.9296909844869408,0.8910325660203987,0.9012323382759228,0.0,0.0,0.0,0.0,0.867383819972082,0.0,0.0,0.8686642704040393,0.0,0.0,0.0,0.0,0.0,0.0,0.0,0.0,0.0,0.0,0.0,0.0,0.0,0.8822333223476313,0.0,0.0,0.0,0.0,0.8654514271447362,0.0,0.8898409286855888,0.8978407564513026,0.8921500912036413,0.9586964158601345,0.8664529090239556,0.0,0.0,0.0,0.891609940525699,0.0,0.0,0.0,0.8948293572538651,0.8673429473058368,0.0,0.0,0.0,0.0,0.0,0.8976678986581635,0.8952900433069901,0.9567526734077364,0.0,0.0,0.0,0.8879622784716308,0.8769279859602295,0.0,0.9584255392473129,0.0,0.0,0.0,0.0,0.0,0.0,0.0,0.8751620066713396,0.0,0.0,0.0,0.0,0.8829027093974073,0.0,0.0,0.0,0.0,0.0,0.9039391814176104,0.0,0.0,0.0,0.910146713671204,0.911132126709059,0.0,0.0,0.0,0.0,0.0,0.0,0.0,0.9206472675335339,0.918321487662308,0.0,0.0,0.8701486494104463,0.8970461217638784,0.0,0.0,0.0,0.8811033937766825,0.0,0.0,0.0,0.9100202675345178,0.9125796744650992,0.9235449909391465,0.0,0.8705989860986718,0.0,0.0,0.0,0.0,0.0,0.0,0.0,0.0,0.8974068456369282,0.8890593029108621,0.0,0.8727835737129567,0.9169814960334568,0.0,0.9396670101328158,0.8551837637555013,0.0,0.0,0.0,0.0,0.0,0.0,0.884751556539868,0.0,0.0,0.0,0.9266713841643188,0.8985542212878215,0.8522490729216289,0.8555477533142255,0.9010214228194524,0.8940362974348617,0.9243799011120964,0.8900702854068223,0.0,0.9121571000654284,0.0,0.8784530985398723,0.8619300711876715,0.0,0.0,0.0,0.8911184241554103,0.8876011761017442,0.8627112957468893,0.9015142202291772,0.8506577348449651,0.8731237617445411,0.0,0.0,0.9235228156163182,0.89756046390087,0.0,0.909512669190682,0.0,0.0,0.0,0.0,0.0,0.0,0.0,0.8756371187862826,0.9064442010101463,0.9042647157070982,0.8941335360211751,0.8832749396461571,0.8508475462253875,0.0,0.0,0.0,0.0,0.0,0.0,0.0,0.0,0.0,0.0,0.0,0.0,0.9046647016917156,0.0,0.0,0.9232453667467356,0.0,0.9354064192299837,0.0,0.8812899409373307,0.0,0.0,0.0,0.0,0.0,0.9515107360532079,0.9114773430016654,0.0,0.0,0.0,0.8954127802532733,0.9285540527674162,0.9222050809005182,0.0,0.0,0.8889047853492011,0.0,0.0,0.0,0.889924826215018,0.0,0.9264633598937365,0.0,0.0,0.8768669991417726,0.0,0.0,0.9373133724001549,0.9110968954913221,0.0,0.0,0.0,0.0,0.0,0.0,0.0,0.0,0.0,0.0,0.0,0.0,0.0,0.9015571123795747,0.0,0.0,0.0,0.0,0.0,0.9106666026501691,0.0,0.9156447888731917,0.0,0.0,0.0,0.0,0.9176302882846251,0.0,0.8579176483483615,0.0,0.0,0.0,0.8859569770102239,0.0,0.0,0.0,0.9065915550008898,0.9190237045316512,0.0,0.9226701312872047,0.9298964588883813,0.9069393039018969,0.9184994679655504,0.8425166252191232,0.0,0.0,0.9114888985825222,0.8904613014569492,0.9296894024222082,0.9233098344478068,0.0,0.0,0.8943807669511908,0.0,0.9303660907604198,0.0,0.8769756227730406,0.0,0.0,0.9001550812528324,0.0,0.0,0.0,0.0,0.8906846880876335,0.0,0.0,0.0,0.0,0.8731992770005765,0.0,0.9258228981073977,0.8725546749725617,0.0,0.0,0.0,0.0,0.0,0.0,0.0,0.8884108611231875,0.0,0.0,0.0,0.0,0.0,0.0,0.0,0.0,0.0,0.8816906771030022,0.0,0.0,0.8901228120005787,0.0,0.0,0.0,0.0,0.874256250549734,0.0,0.0,0.0,0.0,0.9461826402205443,0.0,0.0,0.0,0.0,0.0,0.0,0.8955370531032926,0.0,0.9063426739549938,0.0,0.8739868555570837,0.9219516468576953,0.9050212047855535,0.9042025666634086,0.0,0.0,0.0,0.9415895297208335,0.0,0.8968847896047991,0.0,0.0,0.0,0.9295544807126952,0.0,0.892114687494545,0.8900682648629248,0.0,0.8810000108843169,0.0,0.0,0.9046703427642685,0.0,0.9200386821705038,0.0,0.0,0.0,0.8778587001739419,0.0,0.8728102708895417,0.0,0.0,0.0,0.0,0.0,0.9057537952916365,0.0,0.896975532459123,0.0,0.0,0.0,0.0,0.9310951219179588,0.0,0.8534964884136435,0.0,0.8671464066000238,0.0,0.9396336772279633,0.0,0.0,0.8931610371543841,0.0,0.0,0.0,0.8948235548870892,0.0,0.0,0.0,0.0,0.8948841427473486,0.0,0.0,0.0,0.0,0.9082106284984908,0.8833616506221712,0.9028933842597437,0.9325725189126027,0.893275526753408,0.0,0.0,0.0,0.0,0.8538188418916435,0.8609255434241264,0.8738361802539845,0.9311999037129179,0.9091141946568807,0.8780342256024496,0.9028959709894724,0.0,0.0,0.8927461637395977,0.0,0.8550268146643762,0.0,0.8866258307752433,0.9035220787143027,0.0,0.853885770314146,0.9266774326705162,0.0,0.0,0.0,0.0,0.0,0.8853097816947012,0.8899223674222376,0.0,0.9366695203409421,0.8871581247500405,0.0,0.0,0.9022181653929477,0.9305798205263517,0.0,0.942786721962653,0.0,0.0,0.8773661301137173,0.8908906185224096,0.8756999572865626,0.0,0.0,0.0,0.0,0.0,0.9021073651288213,0.946888859052038,0.0,0.8861344068231107,0.0,0.0,0.0,0.0,0.0,0.0,0.9314790265180345,0.0,0.0,0.9113861434627467,0.0,0.0,0.8624463853291573,0.0,0.8933461299942309,0.0,0.0,0.0,0.0,0.891341550292462,0.0,0.0,0.0,0.9258170956785783,0.0,0.0,0.8577622704432292,0.9238711057150512,0.8859118362750853,0.0,0.8953716509727933,0.0,0.0,0.0,0.0,0.0,0.9066989402727201,0.0,0.0,0.0,0.0,0.9057870835941418,0.9043362688141507,0.9136382099935307,0.0,0.0,0.8969464381032685,0.9149841478173603,0.9149270695406453,0.89628691589836,0.8790279976880567,0.8800257278854338,0.9074282335415329,0.0,0.0,0.8790803759125699,0.0,0.0,0.8828566769094288,0.0,0.8916824688824349,0.9045581440742996,0.0,0.8597067910618454,0.0,0.9043598205361004,0.0,0.0,0.0,0.9131961962406684,0.8912422272522488,0.0,0.8898876987798184,0.8897031674534742,0.0,0.0,0.8775193744250994,0.0,0.0,0.0,0.0,0.0,0.8940235852850836,0.0,0.0,0.0,0.0,0.0,0.9088570902830977,0.9165056395957295,0.0,0.0,0.0,0.0,0.0,0.0,0.0,0.9028071697460728,0.0,0.9106980424406169,0.0,0.0,0.0,0.8813352547479718,0.0,0.8755816384694737,0.9224158233564698,0.8544348749084423,0.0,0.0,0.0,0.9109106146359855,0.0,0.0,0.9000997908676079,0.9090163694634142,0.0,0.0,0.8689566619725612,0.9166970727225499,0.0,0.0,0.0,0.0,0.0,0.9189816183071989,0.0,0.9540182356516174,0.8739948560884695,0.0,0.0,0.8626301516552882,0.0,0.0,0.0,0.0,0.9059958800529171,0.0,0.8668892876303893,0.0,0.0,0.0,0.0,0.0,0.0,0.0,0.9268067206130276,0.9046267900804917,0.9140702918698689,0.0,0.0,0.0,0.0,0.0,0.0,0.0,0.0,0.0,0.0,0.0,0.0,0.9098439063913913,0.0,0.9258841226507382,0.0,0.882713227375254,0.0,0.0,0.0,0.9050169634603851,0.0,0.0,0.9030201372078712,0.9146833519211763,0.0,0.0,0.0,0.912544780206587,0.0,0.0,0.0,0.8775632372793039,0.9144237635211828,0.0,0.0,0.9231968331286,0.0,0.0,0.927393220759408,0.0,0.8956239086262177,0.91438241594637,0.0,0.8791855027139875,0.0,0.0,0.0,0.0,0.9244542743418509,0.0,0.0,0.0,0.0,0.0,0.0,0.0,0.8780091457397367,0.8835333251693697,0.0,0.0,0.9396475833820629,0.9145616662964862,0.8859270455731991,0.0,0.8734911640707467,0.0,0.8769800607909448,0.8675028163339822,0.0,0.0,0.0,0.0,0.9156869904397811,0.0,0.0,0.0,0.0,0.8992233255237041,0.9172189749101549,0.8781876784733564,0.8874246798990096,0.893048754231118,0.0,0.0,0.0,0.0,0.0,0.9039606465590388,0.0,0.0,0.8589666328960157,0.0,0.882795486430127,0.0,0.0,0.9177245454768058,0.0,0.923812224000135,0.8602369483787737,0.0,0.871634132193776,0.0,0.8952714105330105,0.0,0.8954387744893992,0.0,0.0,0.8896301120294845,0.0,0.0,0.0,0.0,0.0,0.0,0.8854699098308423,0.0,0.0,0.0,0.0,0.9230690213608528,0.0,0.0,0.8955276242764301,0.0,0.8699586681958058,0.0,0.0,0.8600649178718275,0.0,0.0,0.0,0.0,0.0,0.0,0.0,0.9169599875959257,0.8923276049734077,0.8944069524996023,0.0,0.0,0.8738857169640896,0.0,0.0,0.0,0.9652324543977607,0.0,0.8978358105863319,0.0,0.8734567191847473,0.0,0.0,0.0,0.0,0.9209988649166526,0.0,0.0,0.92373041548917,0.0,0.8465829343288751,0.8793421243701866,0.0,0.8802794868712438,0.8999805092391553
0.0,0.0,0.9468885809277773,0.0,0.0,0.0,0.0,0.0,0.9197920387337659,0.9338031416931005,0.9334275766423802,0.0,0.0,0.0,0.0,0.0,0.9080709088083829,0.912151720603232,0.9406954732379367,0.9238749970324311,0.0,0.0,0.9063418316773707,0.0,0.0,0.0,0.0,0.0,0.9429056446744316,0.0,0.0,0.0,0.9074056962810693,0.9423139632397375,0.0,0.0,0.0,0.9368412222456991,0.0,0.0,0.0,0.0,0.0,0.0,0.0,0.9163359448161612,0.0,0.8956164955952302,0.8983467860271058,0.0,0.0,0.8955079708891177,0.962621412243537,0.9644113197822883,0.0,0.0,0.9224588120567512,0.9087099779132324,0.9485452270679686,0.0,0.0,0.9418234028342284,0.9612398913831769,0.9227964855320966,0.0,0.0,0.0,0.0,0.0,0.9299151280541103,0.0,0.0,0.0,0.0,0.0,0.0,0.0,0.8976141231890378,0.0,0.0,0.9289491861054154,0.0,0.0,0.0,0.0,0.0,0.9099513379252203,0.0,0.0,0.9447558841585785,0.0,0.0,0.0,0.0,0.9680350709735744,0.0,0.0,0.9360820447433541,0.0,0.0,0.0,0.0,0.0,0.0,0.0,0.0,0.0,0.0,0.0,0.0,0.0,0.0,0.0,0.0,0.9533312855267027,0.0,0.0,0.0,0.0,0.0,0.9356380955468898,0.9486546410410982,0.0,0.0,0.0,0.909712278245893,0.0,0.0,0.0,0.9349481991301211,0.0,0.0,0.0,0.9346244090045357,0.9210302275368789,0.0,0.0,0.0,0.9441281660665265,0.9209102334515508,0.0,0.0,0.0,0.0,0.9539983056995001,0.0,0.9404427222671217,0.0,0.9341678183749623,0.0,0.0,0.9377097105306053,0.9386679128200442,0.0,0.0,0.0,0.928012217990246,0.0,0.9140840654359881,0.905810082334211,0.0,0.0,0.0,0.0,0.8971150349924296,0.9557447094234334,0.0,0.937195733548176,0.0,0.9093091810754916,0.8867175626643802,0.0,0.0,0.0,0.0,0.9313817683473166,0.0,0.0,0.0,0.0,0.0,0.9216380543870563,0.0,0.0,0.9017744167626771,0.0,0.969756268845142,0.0,0.9464541918182644,0.9331106893328512,0.0,0.0,0.0,0.0,0.0,0.0,0.9539631163720902,0.9419744882696363,0.0,0.9255624248962495,0.0,0.0,0.0,0.0,0.909028416859641,0.9312348995539088,0.0,0.0,0.0,0.0,0.0,0.0,0.8871986885669688,0.0,0.9041554267375624,0.9368752835671277,0.0,0.8952996074268024,0.9466798429650602,0.0,0.9378581432720057,0.0,0.0,0.0,0.9471396208906194,0.9110919777648293,0.9268108173001836,0.9328422603339098,0.9183821497914011,0.9199468065070754,0.9087304777774302,0.0,0.0,0.91089220719959,0.0,0.9460385498374952,0.0,0.0,0.9584935514632806,0.0,0.9203171497997706,0.9726637399662146,0.0,0.0,0.9157118227109732,0.9304370007900259,0.9643004846244829,0.0,0.9462545003956677,0.9171603259505415,0.0,0.0,0.8775975264434193,0.9067647906480075,0.9155622009959031,0.9045510310208962,0.0,0.0,0.9286579114712102,0.9315391060280831,0.0,0.9277624314758395,0.0,0.0,0.0,0.0,0.0,0.0,0.9367192492162736,0.0,0.9371293387769408,0.0,0.9168442510412966,0.0,0.9262840302711015,0.0,0.0,0.0,0.9669808383074163,0.9290529647976556,0.0,0.9280098074087588,0.0,0.9205632664133891,0.9278840714095318,0.0,0.965019352654076,0.0,0.9774436951700924,0.0,0.9043642109072592,0.0,0.0,0.0,0.0,0.9655862985026895,0.0,0.9674748778272949,0.941190755202885,0.9424670906856739,0.0,0.0,0.0,0.0,0.9147846649329416,0.9441753333486111,0.9521892761862707,0.937721008387199,0.925546919401092,0.0,0.0,0.9490328722921907,0.0,0.0,0.0,0.0,0.9134368743736124,0.0,0.9115289523654792,0.0,0.9301677531475331,0.9165760462736295,0.908985440245661,0.0,0.9197087475124803,0.0,0.0,0.9357199801137047,0.9501630192237099,0.0,0.0,0.0,0.0,0.0,0.9858316000581332,0.0,0.0,0.0,0.0,0.906932077898644,0.0,0.9682488534499972,0.0,0.919343279995587,0.0,0.0,0.0,0.0,0.0,0.0,0.9361090856184615,0.0,0.0,0.9308059572440776,0.0,0.0,0.0,0.0,0.9168379426558502,0.0,0.0,0.9195738617614823,0.0,0.930128424260795,0.0,0.0,0.0,0.0,0.9306839159929697,0.9215838330014179,0.9737660115494255,0.0,0.0,0.0,0.927502467075113,0.0,0.9603146349191563,0.0,0.0,0.0,0.9460021414318005,0.9130540977867417,0.9384072009066937,0.0,0.0,0.0,0.0,0.0,0.9450426345822608,0.9325604212248294,0.0,0.9323461771735716,0.9468678440360032,0.0,0.9638556824737305,0.9259553106029621,0.0,0.9170254293875839,0.9208757265791563,0.92582077130584,0.0,0.0,0.9391554439567797,0.9212300129660378,0.0,0.9510243434590284,0.9293000378238232,0.927497657664939,0.0,0.0,0.0,0.0,0.9477564264067371,0.0,0.0,0.938554048760014,0.9481362004834224,0.9221319112752429,0.0,0.0,0.9271588836302158,0.0,0.0,0.0,0.0,0.0,0.0,0.0,0.0,0.884857760773514,0.0,0.0,0.9476082829400216,0.9325515694505703,0.9492108969764276,0.9255703928542992,0.0,0.9440243815053372,0.0,0.9338274750579727,0.0,0.8987433731122455,0.932619879222396,0.0,0.0,0.0,0.9471786153474685,0.0,0.929431198091511,0.0,0.0,0.0,0.9493888861574584,0.0,0.0,0.0,0.9565549010628331,0.0,0.0,0.0,0.9399824326133742,0.0,0.0,0.0,0.9506264621573781,0.0,0.9290974869233339,0.0,0.9332836735203965,0.0,0.0,0.0,0.9299710888449676,0.8926995012056549,0.0,0.9318849106420216,0.0,0.0,0.0,0.0,0.922350296410204,0.0,0.0,0.0,0.0,0.0,0.0,0.9248862751968325,0.0,0.9186280033233631,0.9079745086655149,0.9311183833388635,0.9420827513478774,0.0,0.0,0.0,0.0,0.0,0.0,0.0,0.0,0.0,0.0,0.9269803997228386,0.0,0.0,0.0,0.0,0.0,0.9554741945800045,0.9232924210465006,0.0,0.9341181008481869,0.0,0.0,0.9367902225726374,0.0,0.0,0.0,0.9355903273541664,0.9279124255057196,0.0,0.9388362837126978,0.0,0.0,0.0,0.0,0.0,0.0,0.0,0.9487589398396533,0.0,0.0,0.0,0.0,0.9532500869088935,0.0,0.0,0.0,0.9082761453932859,0.9504591343247276,0.0,0.0,0.0,0.9291961123538564,0.0,0.9401848146468772,0.0,0.9264816068938283,0.9208391011981522,0.94226966730348,0.0,0.0,0.0,0.9149990403521658,0.0,0.9323585071986019,0.0,0.9600391340760656,0.9287719545536668,0.9400983256597834,0.0,0.0,0.9013402657786055,0.0,0.0,0.9293850005287042,0.9137619231366021,0.9164710673391903,0.0,0.0,0.0,0.0,0.938677550459708,0.9430801872684819,0.0,0.0,0.0,0.9536195683286178,0.9184962404633674,0.0,0.0,0.0,0.9710417897523254,0.9118264389567342,0.0,0.0,0.0,0.9409074299018513,0.0,0.0,0.0,0.9292193655169289,0.9295499165987968,0.0,0.9505065494750735,0.0,0.941148658698469,0.9051441403523767,0.0,0.0,0.0,0.9010623859574414,0.9611291973380992,0.0,0.0,0.0,0.9285052656344656,0.0,0.0,0.0,0.0,0.0,0.0,0.9211678798394708,0.0,0.0,0.9204570135981134,0.0,0.9062228978900061,0.8963354030671755,0.0,0.0,0.9350723268354018,0.9509358055831049,0.0,0.0,0.9343596398138971,0.0,0.0,0.9518048818471531,0.9219262903076504,0.0,0.0,0.9112634074668026,0.0,0.0,0.9406338545478858,0.0,0.0,0.0,0.0,0.93437476239588,0.0,0.0,0.0,0.0,0.0,0.0,0.9420049565937951,0.923007593424776,0.9139863253184612,0.8962030270595078,0.0,0.0,0.9086425733952583,0.9406972634395836,0.0,0.0,0.0,0.0,0.0,0.9370468949117572,0.9067443690794562,0.9548309768077621,0.9489343228782285,0.0,0.0,0.9294603290276378,0.0,0.0,0.9186141933542966,0.0,0.0,0.9301452124142989,0.0,0.0,0.0,0.0,0.9369183759099434,0.9489435891339177,0.0,0.90072715574946,0.9086793936427232,0.0,0.0,0.9524765866879262,0.9359342984321776,0.0,0.0,0.0,0.9450420588712208,0.0,0.0,0.0,0.9175117667791235,0.9441989503948568,0.0,0.0,0.0,0.0,0.0,0.0,0.925194626377619,0.0,0.0,0.9273551606635209,0.0,0.0,0.0,0.8927159056953133,0.0,0.9844970913327916,0.0,0.0,0.0,0.0,0.0,0.0,0.0,0.9041867669103784,0.0,0.9211735426629746,0.9632687297516737,0.0,0.0,0.9621721676166587,0.0,0.0,0.9377423559369243,0.9481054810272732,0.0,0.0,0.9096769841723412,0.0,0.0,0.0,0.0,0.0,0.0,0.9230269870202382,0.9663198196441133,0.0,0.0,0.0,0.0,0.0,0.0,0.0,0.0,0.0,0.922145142421747,0.9296468412299397,0.9490519676774856,0.9421970134234574,0.9090642605352202,0.0,0.0,0.0,0.0,0.9061822100899745,0.0,0.0,0.926601524026181,0.0,0.0,0.0,0.9002507281621616,0.0,0.9313608722442136,0.9102718723521401,0.9305358106669681,0.959546519080068,0.0,0.9421770693362719,0.9237699414406072,0.0,0.9492960960701192,0.9577210875844694,0.0,0.9357962231479674,0.0,0.0,0.0,0.0,0.0,0.0,0.0,0.0,0.0,0.0,0.9241341640551666,0.0,0.9315338555451763,0.0,0.9332486995363368,0.0,0.0,0.9335548391473695,0.0,0.0,0.9166165594682792,0.9461669217478758,0.9522136522353273,0.0,0.0,0.0,0.0,0.0,0.0,0.0,0.0,0.9376346823987167,0.0,0.0,0.0,0.0,0.9341565991730915,0.0,0.9361061334151805,0.0,0.0,0.0,0.0,0.0,0.9088897276452877,0.0,0.9394025555615704,0.0,0.9729609192411262,0.0,0.9322919734085906,0.0,0.9499081640659213,0.9293929209403415,0.9175663653940574,0.0,0.9222345397383541,0.9237380246566451,0.9537580188055286,0.0,0.0,0.0,0.0,0.0,0.0,0.0,0.0,0.0,0.0,0.0,0.0,0.9124764160599781,0.0,0.9039410157557265,0.0,0.0,0.0,0.0,0.930712509734209,0.9508662902943293,0.9018176811762624,0.9235374177677153,0.9695603727346461,0.0,0.9149323720239456,0.0,0.0,0.0,0.9617754334951183,0.9433934757829177,0.9490458454648265,0.9241032636456579,0.0,0.0,0.0,0.0,0.0,0.0,0.9377890959248564,0.0,0.0,0.9347396578661344,0.9632278503546012,0.9294526797543423,0.0,0.0,0.0,0.9391966705201913,0.0,0.0,0.0,0.0,0.0,0.0,0.9165251152883145,0.0,0.0,0.0,0.0,0.0,0.0,0.9305164356363886,0.0,0.9393236700374303,0.9129040729407819,0.0,0.0,0.0,0.0,0.0,0.0,0.0,0.9273148207652906,0.0,0.9398914155149862,0.0,0.977233462638356,0.0,0.0,0.0,0.9193452875448446,0.0,0.0,0.9005240537332514,0.0,0.9491169717943311,0.0,0.0,0.9373673122292459,0.9077947832353533,0.9728234979119176,0.9357105161537506,0.0,0.0,0.0,0.0,0.9249764723959533,0.9175273128117105,0.0,0.0,0.9222959744796717,0.9088959671646706,0.9433827764011834,0.8786152129925766,0.0,0.9334588543792286,0.0,0.9430694406449157,0.0,0.895255503630075,0.9067656112460969,0.9101193432536061,0.9301315291872763,0.0,0.9409341983462204,0.9208340751185654,0.9029160050856082,0.0,0.8971923733285783,0.0,0.0,0.9439325098218737,0.0,0.91009644983994,0.0,0.0,0.0,0.0,0.9096334059383361,0.0,0.0,0.916224315558997,0.0,0.9197348435340993,0.0,0.0,0.0,0.0,0.0,0.0,0.0,0.0,0.0,0.0,0.0,0.0,0.0,0.9315486902606328,0.9445534366560179,0.0,0.0,0.0,0.0,0.0,0.0,0.9033297585743912,0.0,0.0,0.0
0.0,0.0,0.0,0.0,0.0,0.0,0.0,0.05763554505474103,0.06700400226420734,0.05239674230942288,0.0,0.0623540029008433,0.0,0.0,0.09260639546388315,0.0781227976249269,0.0,0.0567926014098945,0.0,0.0,0.0882535770247922,0.0,0.0,0.0,0.0643248567100321,0.0,0.0,0.08332285557946616,0.0,0.09746777629956184,0.0,0.0,0.07747709649754,0.04445281554606877,0.0,0.0,0.0,0.08833256699936279,0.0,0.0,0.0,0.07738121603013352,0.0,0.0,0.0,0.0,0.1088378820313166,0.0,0.0,0.08144906500056368,0.0,0.0,0.0852236970727815,0.0,0.07304837823783396,0.0,0.0,0.0,0.0,0.05600915581337661,0.10046236975524266,0.08157102732359042,0.06182835300917623,0.06460319318901435,0.0,0.0,0.0,0.09921958664594016,0.0,0.06552776103170976,0.0,0.0,0.0,0.0,0.07884267576136464,0.0,0.06719774473301736,0.07398188901428089,0.0,0.0,0.0,0.0,0.06442320206509498,0.0,0.0,0.07468422660922339,0.063511871376079,0.0,0.0,0.0,0.0,0.0,0.0,0.0,0.0,0.0,0.0,0.05062387210605882,0.0,0.0,0.07613062334395791,0.0,0.04333648138115334,0.0,0.0,0.07330121330285831,0.0,0.0,0.0919840457958666,0.0,0.0,0.0,0.0,0.0,0.07318110575675635,0.0,0.07656943561453715,0.0,0.0,0.0,0.0,0.0,0.0,0.07123735621941375,0.0,0.06309545917852886,0.06312605992519099,0.08818259047984896,0.10445079111101267,0.07721710458781555,0.0,0.0,0.0626960447168197,0.0,0.040518024959016415,0.0,0.0,0.1006819740438165,0.0,0.05336573615772138,0.0,0.0,0.0,0.07684606422730982,0.0,0.0,0.0,0.0,0.0,0.09043894213667665,0.0,0.0,0.0,0.047245926013058215,0.0,0.0,0.0,0.0,0.042891751623710866,0.07272845224460815,0.0,0.0734727837484752,0.0,0.0,0.0,0.0,0.0,0.05052964036365714,0.0,0.0,0.0,0.0,0.0,0.0,0.09081423018002029,0.0,0.0,0.0,0.0,0.0,0.08135082191540227,0.0,0.0,0.0,0.04271332155616288,0.09517462496682652,0.07161342256466642,0.0,0.08400571306352304,0.0,0.0,0.0,0.0,0.10716155288216105,0.0,0.06683240859051072,0.02144002405729707,0.0,0.0,0.0,0.06173252946265946,0.0,0.0,0.0,0.07479456714753713,0.03451256140182612,0.0,0.0,0.05809178689945401,0.0,0.0,0.0,0.052547739941372115,0.0,0.0,0.0,0.0,0.052654680043893565,0.0,0.0896867041908068,0.04750910159344919,0.0,0.0,0.0,0.08949546348366173,0.04948678742575562,0.06527994302903992,0.0,0.056022297872037115,0.08922079335516815,0.0,0.09178256694965292,0.0,0.06135791981600837,0.0,0.05933798964995154,0.0,0.0,0.0546138150784154,0.10709967549567116,0.0,0.06093993815605747,0.07696441552760683,0.0,0.0,0.04631750494902043,0.0,0.0,0.0,0.0,0.0,0.0,0.03655494525762046,0.0,0.078136628186478,0.07306078912707564,0.05898876242390422,0.0,0.0,0.07585995212198338,0.0,0.0,0.08726846269008487,0.08240117538690876,0.0,0.09772261179118535,0.0,0.0,0.0,0.0,0.0,0.0,0.07228620502844267,0.0,0.0,0.07261660242425791,0.0,0.0,0.0,0.0,0.0,0.0,0.0,0.0,0.06018871536784059,0.0783075133175943,0.0,0.09217459790823565,0.06408535257525122,0.0,0.05946478605776871,0.025335681430760176,0.0,0.06727444979844083,0.0,0.0,0.0,0.0,0.08882468932796134,0.07617897657140497,0.0,0.0,0.0,0.0,0.05470213792202267,0.0,0.0,0.0,0.0,0.0,0.0,0.08064381206976722,0.0,0.0,0.08886703624324861,0.09048044782064063,0.06625398703837124,0.0,0.06716109362526544,0.06823981774976862,0.0,0.0,0.0,0.0,0.0,0.0,0.11045513451689576,0.0,0.0,0.0,0.0,0.0,0.0,0.06142573893530719,0.0664029566461296,0.0,0.06657056732186314,0.08662544787015782,0.0,0.06981181590594192,0.0,0.0,0.0,0.0,0.07656886211367103,0.0,0.0,0.06762784230384467,0.09764805105692219,0.0,0.0,0.0,0.0,0.0,0.0,0.0,0.0,0.07828998575695259,0.0,0.0,0.0,0.09784342491961563,0.0,0.057342356365923185,0.012276463436717407,0.0,0.08436489070331044,0.07407644304956519,0.0,0.0,0.07171755642902881,0.07383657157070474,0.0,0.06169630203858229,0.04242735766181468,0.0,0.049684548926808667,0.061041063692284146,0.0,0.05718682642956628,0.0,0.0,0.054711661035575586,0.09897559686184215,0.05927052229528206,0.0757968721484221,0.0,0.0,0.06819601618449828,0.0,0.0,0.08758945970982256,0.0,0.0,0.0,0.05739842397098882,0.08798677721700687,0.07332866929861176,0.0,0.0,0.0,0.0,0.0,0.0,0.0,0.07526782700467093,0.04683000013143768,0.04958717381470944,0.0,0.0624816444083407,0.07561738733289651,0.05839179825259275,0.06054270334126169,0.0,0.0,0.0,0.0,0.0,0.0,0.0,0.0,0.06198469227407343,0.0,0.0,0.0782885585087473,0.0,0.0,0.0,0.0,0.04174382380991341,0.0,0.0,0.0,0.07317469132967631,0.0,0.0,0.0,0.0,0.0,0.0,0.0948934013230099,0.0,0.0,0.07593060605514401,0.0,0.0,0.0,0.0,0.0,0.0,0.0,0.0,0.0,0.0,0.058025905416520744,0.0,0.06666526115613242,0.08220998452820381,0.0,0.047983426183166325,0.0,0.0,0.0,0.0,0.07046082849953732,0.07219705809274049,0.0,0.03043324002517665,0.0,0.0,0.0,0.05416158639973551,0.06396242099351652,0.0,0.0,0.0,0.05013227379129528,0.07227708866660412,0.0,0.0,0.0,0.0,0.0,0.0,0.0,0.0,0.0,0.0,0.0,0.0,0.08764662468107759,0.05885841948306183,0.04019917607014784,0.11556331513234262,0.0,0.0,0.0,0.0,0.08727941771717429,0.06890856392936485,0.0697308413279299,0.0,0.0,0.05731095392490091,0.0,0.08050135981798603,0.0,0.07334864252630281,0.08139392873491008,0.0,0.05231865241656229,0.07164327694569568,0.0,0.0,0.0,0.0,0.0,0.0,0.07094040016445397,0.0,0.07296285209212175,0.023233495401021664,0.0,0.0,0.0,0.0,0.055776118722865774,0.0,0.0,0.061490993285621104,0.0,0.0,0.08360389767289655,0.0,0.0,0.06450763975911433,0.0894188915999034,0.05900531205652564,0.0,0.0,0.0,0.0829271220212757,0.0,0.08153218350735292,0.060044062629224716,0.0,0.07138129671728446,0.0,0.0,0.0,0.0,0.0,0.06890621920455599,0.0,0.060881461893644004,0.0,0.06936926948807806,0.0902213921943625,0.07603427557837428,0.0,0.0,0.0,0.0,0.0,0.06645726129749834,0.0,0.05362408943097569,0.0,0.052469969989993176,0.07295327064414146,0.0,0.0,0.0,0.07115250906423028,0.0,0.0,0.07149912732181533,0.04732563658426317,0.08822768237493828,0.0,0.07665746999481728,0.0,0.0,0.0,0.0,0.0,0.08506713788598787,0.0,0.07927222957643888,0.07033394074953492,0.0645704066408943,0.07356594234226331,0.0,0.0,0.0,0.0,0.056508752162816596,0.0,0.0,0.0,0.0,0.0,0.0,0.08829343963852859,0.0,0.0,0.0,0.0,0.0,0.0,0.0,0.0,0.0,0.0,0.0,0.0,0.1131585062271469,0.055753069400722534,0.07971241338501267,0.0,0.0,0.0,0.06810791037082452,0.0881546234007768,0.05299450262105024,0.06912889886197494,0.04652635749626528,0.0,0.08896593210164161,0.0,0.0,0.066034724722597,0.0,0.0,0.0,0.0,0.07432758807482918,0.0,0.0,0.06795242258114946,0.0,0.0,0.0,0.12474554649399403,0.0,0.10382939299103426,0.0,0.0,0.0,0.09233313708976071,0.0248071040831368,0.05267002487210008,0.0,0.0,0.0,0.04481222854796399,0.0,0.07194753069896483,0.0,0.0,0.0,0.0,0.07962019955664422,0.0,0.0,0.0,0.0,0.049826829086789204,0.0,0.0,0.08803190984835128,0.0,0.10186213006054735,0.0,0.0,0.0,0.0,0.0,0.06822184684467943,0.05743546332473843,0.0,0.0,0.0,0.035005305659871463,0.0,0.044015210020390744,0.0,0.05107934009784073,0.08733933280762153,0.0,0.08370299945720933,0.07988378408818038,0.0,0.0,0.0,0.021505553601035364,0.0,0.0,0.0,0.05323623424964714,0.0,0.0,0.06119783446339093,0.0,0.0,0.0,0.0,0.0,0.08818331993325158,0.0,0.0,0.0,0.0,0.07673550027857598,0.07315438009832496,0.05036071509308322,0.0,0.09420279762858522,0.0,0.0,0.0,0.0,0.055441280510579116,0.0,0.0,0.0,0.0833771117104935,0.0,0.0,0.0,0.07230764950526421,0.0,0.0,0.0,0.0,0.0,0.08692884412800987,0.0,0.0,0.0,0.0,0.0,0.08943532807000913,0.09043049553243297,0.0,0.08236490131925403,0.0,0.0,0.03615795705819845,0.0,0.08453958238583452,0.0,0.0737717643993121,0.0,0.0,0.06609256313663936,0.0,0.0,0.0,0.08191991150427679,0.0,0.0,0.0,0.0,0.0,0.05174769909586724,0.0,0.0,0.0,0.07144601807334637,0.06201832728548587,0.0,0.0,0.0,0.07164869568946045,0.0,0.0,0.0644359523304771,0.0,0.06424355129615095,0.0,0.0,0.0,0.056151366620364136,0.05716789344519921,0.0,0.0,0.0,0.0,0.0,0.0,0.0,0.0,0.0,0.059744517684661845,0.07582516783647578,0.08518249394066009,0.06656137742289193,0.0,0.08210527381036163,0.0,0.0,0.0,0.03967368752862453,0.0,0.0,0.0,0.0,0.0,0.0,0.0,0.0,0.0744180076239297,0.0,0.08338915844269601,0.0,0.05024528361162988,0.08837702274238003,0.06334573784107553,0.062041893204510534,0.0,0.0,0.0,0.0,0.0,0.059028665278384726,0.0,0.045861260797461875,0.11263307300707381,0.07171211133642719,0.07635260725718844,0.0,0.0,0.0,0.05078560378672916,0.08072970180388954,0.0,0.0,0.0,0.08565531160949964,0.0,0.0,0.07715418784115477,0.0,0.0,0.0,0.0,0.0,0.0,0.0,0.09485524033369701,0.0,0.0,0.0,0.0,0.0,0.11161151797292483,0.06304611427801175,0.0,0.0610189775339884,0.0,0.07281277555454485,0.0,0.0,0.09382211163868334,0.0,0.0,0.0,0.07071422905877765,0.06074910920558051,0.06670857190053947,0.0,0.0,0.0,0.0,0.06511405565425746,0.0741721214435856,0.0,0.0,0.0,0.0,0.0,0.0,0.0,0.0,0.12443680980936726,0.058707762751543074,0.0,0.0,0.0,0.0,0.0,0.0,0.0,0.0,0.0,0.0,0.0,0.0,0.0,0.06503761574678858,0.05915931480752567,0.0,0.0,0.0659084771898084,0.06244728571007633,0.0,0.0,0.0,0.0,0.0,0.0,0.0,0.0,0.0,0.0,0.07591050565062699,0.0,0.07314234330490171,0.0,0.08864096160622241,0.052162125257948895,0.07904650366633263,0.11402607729956422,0.0,0.0,0.0,0.05782712327652631,0.0,0.053036476808411066,0.053387368921773315,0.0638479942598808,0.030857274320167234,0.043608261744468815,0.0,0.07809757012914459,0.0,0.0,0.06817253620467242,0.09450917239717767,0.0,0.0,0.0,0.0,0.05918247654889356,0.0,0.0,0.0,0.062328680817028276,0.07617706014768719,0.0,0.0,0.0,0.03505249379592759,0.0,0.0,0.07468554512644966,0.0,0.0,0.06741265912845466,0.0,0.037700233243511565,0.047228523605315646,0.0,0.06335000259767719,0.0,0.08069308398293745,0.0,0.0,0.07514746888118662,0.0,0.04139020059064325,0.09021788442964097,0.0,0.07219432281228835,0.0,0.0,0.0,0.0,0.0,0.0,0.08567636787104453,0.0,0.0,0.0,0.0,0.09481154049936474,0.06808433680676207,0.056989278965104716,0.03469394147650229,0.0,0.0,0.0,0.0,0.0,0.06931389352305053,0.0,0.0341413564027842,0.0,0.0
0.0,0.0,0.37120321254418526,0.0,0.3542172223438188,0.0,0.0,0.3455881823230235,0.3587053415169083,0.0,0.0,0.39942678508011653,0.0,0.0,0.38855506118536326,0.411185455834889,0.0,0.0,0.0,0.3803768738976813,0.34838011007515196,0.0,0.3519489185235671,0.0,0.0,0.0,0.0,0.0,0.0,0.0,0.0,0.0,0.392644420493446,0.37701877096853237,0.0,0.357827030892898,0.0,0.0,0.0,0.0,0.0,0.3613686019817541,0.37405265364156026,0.0,0.0,0.0,0.0,0.3839059662249573,0.38773665944880614,0.0,0.0,0.0,0.395131135686033,0.0,0.0,0.0,0.3811161696832301,0.35998607040108377,0.0,0.0,0.3640967667428677,0.0,0.3663322062244484,0.3773187241248308,0.0,0.0,0.0,0.0,0.0,0.4039465944602155,0.0,0.3652836948896602,0.0,0.0,0.0,0.0,0.0,0.0,0.0,0.0,0.0,0.0,0.368900503316069,0.0,0.3714616769100494,0.0,0.37285001375886784,0.0,0.39530837779433653,0.3726396087760123,0.0,0.0,0.0,0.0,0.3624847041945856,0.0,0.0,0.38129164155901707,0.0,0.36970192555503123,0.0,0.0,0.0,0.0,0.0,0.0,0.0,0.0,0.3862690940216206,0.0,0.0,0.3879829826827965,0.0,0.0,0.0,0.0,0.0,0.0,0.0,0.38502473534879067,0.3700824814162995,0.35239834671184256,0.0,0.40661750730663254,0.3979108874066541,0.0,0.35877447233947785,0.0,0.36984190447293547,0.0,0.38972316944807445,0.364906924477528,0.0,0.0,0.0,0.0,0.0,0.4111440564068902,0.0,0.0,0.0,0.36984545060127205,0.0,0.0,0.0,0.3640856256021042,0.0,0.0,0.0,0.0,0.38695310498225216,0.3621203650035567,0.0,0.39897302833996184,0.3728189412698983,0.36636438232213836,0.37211073693563146,0.0,0.0,0.36344958778811853,0.0,0.3698357434036188,0.0,0.0,0.0,0.32804987069738234,0.0,0.0,0.34730365340444674,0.0,0.0,0.0,0.0,0.0,0.40186206667224766,0.0,0.0,0.0,0.0,0.37643976109695776,0.3836740903772081,0.0,0.0,0.39478488378033344,0.0,0.0,0.3978283415123203,0.36964601871098024,0.37602113696636785,0.3589344358367681,0.352502149269242,0.0,0.0,0.3542133636651164,0.0,0.41883844722827557,0.0,0.0,0.0,0.0,0.0,0.36724531932417903,0.3580199866252978,0.36460733160835496,0.0,0.38491382993664136,0.3795207917698253,0.36751069899242006,0.3721824825450388,0.0,0.0,0.35476736736931447,0.3375475601929101,0.0,0.3877470481325109,0.0,0.0,0.0,0.0,0.36634052352726765,0.400976606518145,0.0,0.0,0.37909334867338995,0.0,0.0,0.0,0.39223122309840996,0.3607224651133586,0.375199349689692,0.0,0.0,0.0,0.3779408628733113,0.0,0.0,0.3842936154004353,0.0,0.0,0.3705496306914351,0.34893259156086104,0.3600207313886801,0.37908778209127747,0.0,0.0,0.3702772128562844,0.0,0.0,0.0,0.0,0.0,0.3725785723565782,0.0,0.0,0.0,0.3752085418978329,0.3766262842384044,0.0,0.0,0.0,0.0,0.0,0.0,0.0,0.0,0.0,0.0,0.0,0.0,0.0,0.3575649477200642,0.0,0.0,0.0,0.0,0.0,0.0,0.3577838231771052,0.3669613915002197,0.0,0.0,0.0,0.0,0.0,0.0,0.0,0.0,0.0,0.3829585942251499,0.3857311580205087,0.0,0.0,0.0,0.38384736992691076,0.38610607074651754,0.3870938612498372,0.0,0.0,0.0,0.0,0.0,0.0,0.3841375217711382,0.0,0.0,0.37125330376170557,0.0,0.37415838858239747,0.0,0.3312341376162069,0.0,0.0,0.0,0.37788844388144177,0.3723007706269604,0.0,0.3559695167791503,0.0,0.3612022490598399,0.0,0.0,0.0,0.38213291228524254,0.0,0.0,0.3550142744664841,0.0,0.344178818208731,0.0,0.0,0.0,0.0,0.37202047866198706,0.0,0.4061642532913673,0.0,0.0,0.0,0.37005485827197065,0.0,0.0,0.0,0.0,0.3818999197508778,0.0,0.0,0.0,0.0,0.0,0.0,0.0,0.0,0.0,0.3520311713892981,0.0,0.0,0.0,0.0,0.0,0.0,0.0,0.3581495350576894,0.3816460039976555,0.3631389202503544,0.37743392978500967,0.0,0.0,0.370563951453655,0.0,0.0,0.0,0.0,0.0,0.35145771042779095,0.3796334164268028,0.0,0.34940569314111397,0.38984710533060213,0.0,0.3875367712545135,0.0,0.3344530403147141,0.35912372262127057,0.0,0.0,0.0,0.0,0.0,0.4012907353471348,0.0,0.0,0.0,0.0,0.3651232591702779,0.0,0.0,0.0,0.3866810772475239,0.40072595347116396,0.0,0.0,0.37553084550653015,0.0,0.0,0.0,0.0,0.36656948281931595,0.0,0.3766393806774369,0.389175363082735,0.3630344335085284,0.3845724446332532,0.0,0.0,0.0,0.36426979449275165,0.40062286014286946,0.35165632355465026,0.0,0.0,0.0,0.0,0.0,0.0,0.41937479675271067,0.0,0.0,0.0,0.36086015974153,0.0,0.37996050817660937,0.0,0.3554328613300829,0.0,0.0,0.35274438726952073,0.0,0.37884955248818714,0.3635975519823927,0.3557552643909494,0.3615907872149694,0.40120834893218416,0.0,0.0,0.0,0.0,0.0,0.0,0.0,0.0,0.0,0.38350012048757726,0.0,0.0,0.0,0.0,0.0,0.0,0.0,0.0,0.3703489479392524,0.0,0.0,0.3949283715874008,0.35005268553917024,0.3693670224810722,0.37091811635437694,0.3681308500139853,0.3862279032205943,0.0,0.0,0.0,0.3962218451758968,0.3654832120789828,0.0,0.0,0.373340995280595,0.0,0.0,0.36226369108295603,0.0,0.0,0.3673255057154177,0.0,0.0,0.0,0.0,0.0,0.0,0.0,0.37958966414536394,0.0,0.0,0.0,0.3741256205887699,0.0,0.0,0.0,0.0,0.39790787566202596,0.0,0.0,0.0,0.0,0.0,0.0,0.39377992875122764,0.3717596311225176,0.0,0.0,0.36533530531182107,0.0,0.0,0.3830206723407415,0.0,0.0,0.0,0.3493024098274438,0.36682322087248603,0.3415678186162702,0.0,0.0,0.3990358731298101,0.36739645333184345,0.0,0.0,0.3634344364313419,0.36281495150706955,0.0,0.35516654400847997,0.0,0.0,0.0,0.0,0.0,0.0,0.0,0.0,0.3484591565427623,0.383954376811128,0.0,0.35954192501201976,0.0,0.0,0.36811246270267567,0.0,0.3803774844432629,0.3851547526625589,0.0,0.35504958877213944,0.3944476530730857,0.0,0.0,0.0,0.0,0.0,0.0,0.346874510644289,0.0,0.0,0.0,0.41347508817362716,0.0,0.0,0.0,0.0,0.3996098155855714,0.0,0.3461434956100115,0.0,0.0,0.3886974854311027,0.0,0.0,0.0,0.3729413191943338,0.0,0.35784817656682816,0.0,0.0,0.0,0.3663623211993939,0.0,0.0,0.353451444198634,0.36294546053740345,0.0,0.0,0.37654449243412663,0.0,0.0,0.37145220248904565,0.0,0.0,0.33911273730226954,0.0,0.0,0.0,0.35465850101909957,0.0,0.0,0.0,0.0,0.3789015947009806,0.371843230383415,0.0,0.0,0.37505445925362235,0.0,0.0,0.0,0.376917542890237,0.0,0.0,0.0,0.3469892131051415,0.37343438740931056,0.0,0.0,0.0,0.0,0.0,0.0,0.0,0.0,0.0,0.0,0.366852313322962,0.0,0.0,0.4077267541071524,0.36977812114403646,0.0,0.0,0.33411557777146883,0.0,0.0,0.0,0.0,0.37845740184172844,0.3814483652481198,0.0,0.39139151708781905,0.3570667223477648,0.0,0.3749026986431813,0.0,0.0,0.0,0.4130015676362641,0.3871999089099362,0.38483540106152014,0.0,0.38206380531557016,0.0,0.3843052188075563,0.37635377067705905,0.3559451488739812,0.0,0.0,0.0,0.0,0.0,0.0,0.410116464754206,0.0,0.0,0.37849213776938584,0.0,0.0,0.0,0.0,0.35398087982334314,0.3747057373760774,0.3697658165351085,0.37875959255897523,0.38260122848391825,0.0,0.0,0.37580427439888764,0.3915249817458041,0.0,0.37944862941052226,0.0,0.3926668607058932,0.0,0.0,0.3494669189322609,0.38050363280862304,0.0,0.0,0.0,0.0,0.0,0.0,0.0,0.0,0.0,0.0,0.37775178670678305,0.0,0.0,0.0,0.384191582842678,0.0,0.0,0.0,0.0,0.0,0.0,0.0,0.0,0.40091555152984154,0.3472851590423325,0.0,0.0,0.0,0.37959680338095,0.0,0.0,0.34312394946603986,0.0,0.38813697269820174,0.3916234489614988,0.0,0.0,0.3764589734620549,0.3602845392073051,0.0,0.0,0.0,0.37390131691672435,0.0,0.37981658296124365,0.3590260563089847,0.3486435536742096,0.36691910908180236,0.0,0.3737599739996848,0.39961200854712897,0.0,0.395305748122725,0.0,0.0,0.3569951983193176,0.0,0.0,0.3664511135819415,0.0,0.37032059677581264,0.3640635899720642,0.368522804030434,0.0,0.0,0.3596186435526152,0.34735811317019083,0.35483403307101846,0.0,0.37483024699755096,0.0,0.34128865196707947,0.0,0.0,0.0,0.0,0.3847668841383046,0.0,0.335725199285407,0.0,0.0,0.34022143234623753,0.0,0.0,0.0,0.34788367354127386,0.0,0.0,0.38864286205375925,0.332546569190771,0.0,0.0,0.0,0.35740298060383496,0.0,0.33211273805442876,0.0,0.3662270086599598,0.360673189200731,0.0,0.0,0.0,0.339785205614864,0.0,0.0,0.3797270693336273,0.0,0.3820625966425556,0.0,0.0,0.3962601748767669,0.0,0.0,0.0,0.0,0.0,0.0,0.0,0.37986180338070286,0.0,0.0,0.0,0.0,0.0,0.0,0.0,0.0,0.0,0.3627120341535932,0.0,0.3619216518164267,0.0,0.0,0.0,0.3831322064342532,0.0,0.0,0.0,0.3571166351923762,0.0,0.0,0.0,0.41187522072112,0.0,0.0,0.37346852132487285,0.0,0.0,0.39226363501164524,0.0,0.0,0.38250975180956404,0.0,0.0,0.37021280811749274,0.0,0.38745264975898697,0.0,0.0,0.0,0.0,0.0,0.0,0.36086544169468376,0.0,0.0,0.36548877707229305,0.363926714923546,0.0,0.0,0.39533383276734946,0.0,0.3811636336461065,0.37666221598576954,0.0,0.3902151956900071,0.0,0.0,0.36489563763240335,0.0,0.0,0.0,0.0,0.0,0.0,0.0,0.39379335602074855,0.36251918336235195,0.0,0.4068210032085778,0.0,0.0,0.35610572933266343,0.0,0.0,0.0,0.0,0.0,0.0,0.0,0.0,0.38076037192918427,0.0,0.39416936139480524,0.0,0.39634001758958837,0.37667921380005065,0.0,0.3654475164373671,0.35410816108867327,0.38740865944323316,0.0,0.3554339011183633,0.0,0.0,0.3858923985094374,0.0,0.38374692805110766,0.0,0.0,0.3486616166506628,0.0,0.371942646435651,0.41494968233754354,0.0,0.0,0.3532554925155875,0.0,0.0,0.3751011730884162,0.0,0.0,0.3834720182217517,0.0,0.0,0.33456622105229733,0.0,0.0,0.3690929521662697,0.3659740595067987,0.0,0.0,0.4004534811483709,0.0,0.0,0.0,0.0,0.0,0.3597181053423678,0.3523778321023214,0.3629065928294305,0.0,0.3553778186231946,0.3633064621160407,0.0,0.0,0.0,0.3677623022691304,0.0,0.3802104234804865,0.0,0.3473280241545711,0.0,0.0,0.3769947255207524,0.3523980516570352,0.0,0.0,0.0,0.0,0.0,0.0,0.0,0.36447784316029147,0.0,0.38544154403990777,0.3798263134938982,0.0,0.0,0.0,0.33962269377654486,0.0,0.0,0.0,0.0,0.0,0.0,0.0,0.354032659999308,0.0,0.0,0.3600844623002217,0.36587429391820775,0.0,0.0,0.3865784396735735,0.3984962776100933,0.3450906577903463,0.0,0.0,0.0,0.0,0.0,0.0,0.3938631886974056,0.0,0.37905878545245786,0.0,0.0,0.0,0.0
0.7255440580640153,0.7366408687364415,0.7187285713213971,0.0,0.0,0.0,0.0,0.0,0.7158574489473161,0.0,0.0,0.7598499706661732,0.7119892072662108,0.0,0.7054667325922753,0.0,0.0,0.7665608468818781,0.0,0.0,0.7355820519026576,0.0,0.755337947854051,0.0,0.7219282513307137,0.0,0.0,0.0,0.0,0.0,0.0,0.7296730965918172,0.0,0.7527745356897938,0.0,0.0,0.0,0.7250389798516453,0.0,0.0,0.0,0.0,0.769964663954642,0.7424152940510352,0.0,0.0,0.7386953531497461,0.7440100615744238,0.0,0.0,0.0,0.7877527408939395,0.0,0.0,0.0,0.7345737932400623,0.0,0.7511964822132733,0.0,0.0,0.7420580036817899,0.0,0.74475533637288,0.765591217055823,0.0,0.0,0.0,0.0,0.0,0.7474307877932851,0.0,0.0,0.0,0.7429241933786533,0.7361893871235984,0.0,0.7740732758427398,0.0,0.0,0.0,0.0,0.7191762028808625,0.0,0.0,0.0,0.0,0.0,0.7549316811495071,0.0,0.0,0.0,0.0,0.7339363837063544,0.0,0.0,0.0,0.0,0.0,0.0,0.0,0.0,0.0,0.7334558475012636,0.0,0.0,0.0,0.0,0.0,0.0,0.0,0.0,0.0,0.7440109397261562,0.0,0.7339821440143351,0.0,0.0,0.0,0.0,0.7321865961288646,0.7315620726476412,0.0,0.7485480116761679,0.7525148435935671,0.7521315164708308,0.0,0.0,0.7559095416896432,0.0,0.699961660282894,0.0,0.7687658376416434,0.0,0.0,0.0,0.0,0.0,0.7454816445736742,0.7371931650145621,0.0,0.0,0.0,0.6937222490925073,0.0,0.0,0.0,0.0,0.0,0.7333834531146382,0.0,0.0,0.0,0.0,0.0,0.7562937528159431,0.0,0.7468185580093794,0.0,0.0,0.7425496031753944,0.7560542279853615,0.0,0.0,0.7496186906306125,0.0,0.0,0.7491562340893858,0.7189307372646547,0.0,0.7330662047532358,0.0,0.0,0.0,0.0,0.0,0.7306466866754272,0.0,0.0,0.0,0.0,0.0,0.0,0.0,0.7312840898282579,0.7304601118266644,0.0,0.0,0.0,0.7504545530118473,0.731676270507708,0.0,0.0,0.699625451837919,0.0,0.7555618894154428,0.0,0.7379735296924904,0.7468697687771164,0.0,0.0,0.7032822341791766,0.0,0.0,0.0,0.7653324965506173,0.0,0.0,0.0,0.0,0.7638004220483467,0.0,0.0,0.7255296231443871,0.0,0.7399198938972028,0.7320294965115832,0.7410518184759283,0.0,0.0,0.0,0.7578126630383835,0.0,0.7458018105687519,0.7593663476609885,0.0,0.0,0.6990873589123897,0.0,0.0,0.7556751472284203,0.0,0.7432446386253545,0.0,0.0,0.0,0.7465763384971711,0.0,0.7209106591749166,0.0,0.0,0.0,0.728789886226761,0.7608482626836396,0.0,0.7476675749491604,0.0,0.7551385921241167,0.0,0.0,0.7495549105078915,0.0,0.0,0.0,0.7503543573468081,0.7670321387752327,0.7401196053854333,0.0,0.0,0.0,0.0,0.0,0.738203891357998,0.0,0.0,0.0,0.7320655704004078,0.7418437717252443,0.0,0.7219351356665203,0.0,0.0,0.0,0.0,0.0,0.721969788475014,0.7523724373029269,0.7055307287914901,0.7525657410519635,0.7411812543813044,0.0,0.0,0.7394716986289213,0.0,0.7453685031986131,0.7275015013683891,0.0,0.0,0.7660649907181792,0.0,0.7433839749808074,0.0,0.7408585392672726,0.0,0.0,0.7368447859921269,0.0,0.0,0.7451883305624226,0.7347172141932853,0.0,0.7560126895079916,0.7658047631471273,0.7373566424310856,0.0,0.7283986458285354,0.0,0.0,0.0,0.7175618177947473,0.0,0.0,0.0,0.0,0.0,0.0,0.7233351045114811,0.7458513650739989,0.751141890314544,0.0,0.0,0.0,0.0,0.7710792166567761,0.0,0.7433958908697791,0.754317924799384,0.773655981770879,0.0,0.0,0.0,0.7431955112308215,0.0,0.0,0.7268927245054178,0.7301205370449978,0.7700525563831795,0.0,0.7674067853892801,0.7624219053515744,0.7434350345363047,0.0,0.0,0.0,0.7202667281728309,0.7182754739214955,0.0,0.0,0.7357536154532824,0.7640671191850014,0.7340436756428166,0.0,0.0,0.0,0.7381952032617723,0.7346744208519163,0.0,0.7341742150587723,0.0,0.0,0.0,0.0,0.7417894219311767,0.0,0.7669005403351924,0.7369427341269522,0.0,0.0,0.0,0.7566552732016846,0.0,0.7142600027991794,0.0,0.0,0.7354107616409303,0.7592892856567367,0.0,0.7502343069093217,0.0,0.7279730202647303,0.0,0.7484636332488381,0.7569689324032388,0.730181173999927,0.7450810858957977,0.0,0.7425466994112917,0.7848013981509446,0.0,0.7468526455486123,0.0,0.0,0.0,0.0,0.0,0.0,0.0,0.0,0.0,0.7412166096749043,0.0,0.0,0.7294995963512005,0.7662264510875668,0.0,0.0,0.7035590667212586,0.0,0.7569959857992611,0.7588077690395426,0.0,0.7505339708650969,0.7327203008930079,0.7439587282054044,0.0,0.7597796551920916,0.0,0.0,0.0,0.0,0.7284533651003026,0.0,0.0,0.0,0.0,0.7342096881789107,0.0,0.0,0.7212992564755015,0.0,0.0,0.7837696590132951,0.0,0.0,0.7225654229777952,0.0,0.7453398078113127,0.0,0.7374891799300415,0.7526407629887032,0.7327846726494326,0.0,0.0,0.0,0.7482374722677999,0.756376855917502,0.0,0.0,0.0,0.7519850436858081,0.0,0.0,0.7270410772062695,0.7276369012228405,0.7454405294697276,0.0,0.0,0.0,0.0,0.0,0.0,0.7596663301829546,0.0,0.0,0.0,0.7561069501881453,0.0,0.7547376532492872,0.0,0.7209688211180807,0.7321825659665566,0.7421122736648239,0.72120810168107,0.7315590207339319,0.0,0.0,0.0,0.7436886754638438,0.0,0.0,0.0,0.0,0.0,0.0,0.0,0.0,0.0,0.0,0.7662940525859244,0.7318041886263824,0.7808028294280663,0.76865867000225,0.7586402435634612,0.7217807093441181,0.0,0.7358207397236748,0.0,0.0,0.7297700696171039,0.0,0.0,0.7411459324437278,0.0,0.0,0.7384619103312764,0.7628871709422431,0.7408819478858499,0.7581788696477446,0.7394343955465309,0.721070184015317,0.0,0.0,0.7243885112196907,0.0,0.0,0.0,0.0,0.0,0.0,0.0,0.7585017797700139,0.0,0.7247545145254376,0.0,0.7331585799101286,0.0,0.0,0.741620272185834,0.0,0.0,0.0,0.0,0.0,0.0,0.7521541734111752,0.760162674617487,0.0,0.0,0.0,0.0,0.7620446230651091,0.0,0.7239730362053061,0.0,0.7501748073105207,0.0,0.0,0.7364692118277015,0.7174664889402445,0.0,0.0,0.0,0.0,0.7263481537100271,0.0,0.737625252013584,0.0,0.7317913635814056,0.0,0.0,0.7214713012208356,0.7693351792384425,0.7647499264908129,0.7480652163086706,0.7303963989316676,0.7491740926712751,0.7144537277548203,0.0,0.7267332705885827,0.7487333327858262,0.0,0.0,0.7654954373796362,0.0,0.7387149292771954,0.0,0.0,0.0,0.7026931211643607,0.7476712322600247,0.0,0.0,0.7610950340884197,0.0,0.7291234251253826,0.7409038429374586,0.7467926358209656,0.7373947172335339,0.7253808506604527,0.7344705094740882,0.7353297872524338,0.0,0.0,0.0,0.0,0.0,0.0,0.7351102764311881,0.0,0.7343216496824111,0.0,0.0,0.0,0.7485046968782487,0.7695965115614285,0.0,0.0,0.0,0.0,0.0,0.0,0.0,0.7502234526625748,0.0,0.0,0.0,0.7998073552172815,0.7545446460822555,0.0,0.0,0.7251349000706981,0.0,0.7731119950898716,0.0,0.0,0.7075266642458368,0.0,0.7470271447032981,0.0,0.0,0.0,0.0,0.7470800728958867,0.0,0.0,0.768575182358917,0.0,0.7654138649338339,0.0,0.0,0.7365405314507857,0.0,0.0,0.7497287333993916,0.7543547028996228,0.7373399165569127,0.75035986556393,0.0,0.0,0.0,0.7390006855688246,0.7629775655412514,0.0,0.0,0.0,0.0,0.7228263119106236,0.0,0.0,0.0,0.0,0.0,0.0,0.0,0.0,0.0,0.7609303267431785,0.0,0.7368479368430069,0.7312421618314975,0.0,0.0,0.7313074555909737,0.7224495551305941,0.0,0.7602379508674848,0.7546002990240416,0.7645776012121709,0.0,0.0,0.0,0.0,0.0,0.0,0.7297265120694915,0.0,0.7746955458063647,0.7320869300089712,0.0,0.0,0.0,0.0,0.0,0.0,0.7266773935599974,0.0,0.0,0.0,0.0,0.0,0.0,0.0,0.0,0.7612672845229479,0.0,0.0,0.0,0.7741031481364584,0.0,0.0,0.0,0.742988362133263,0.0,0.0,0.7484356260597426,0.7450717578328269,0.0,0.0,0.0,0.0,0.0,0.0,0.7494105411510813,0.0,0.0,0.0,0.0,0.7532901695777157,0.759883747397953,0.0,0.7336565255245824,0.7539227795625029,0.0,0.0,0.0,0.0,0.0,0.7693007269152009,0.0,0.0,0.729649164273469,0.0,0.7315179460278008,0.7397289445501695,0.0,0.0,0.7427062504824338,0.7719473274895644,0.0,0.7207003894374602,0.7263134395817287,0.7492461857613385,0.7364936148063097,0.0,0.0,0.0,0.765881303616107,0.0,0.7402660504978847,0.0,0.0,0.7398059323568754,0.0,0.0,0.7258983063612358,0.0,0.0,0.0,0.0,0.0,0.0,0.0,0.0,0.0,0.7143093373376859,0.0,0.7511192852333721,0.7417084375550261,0.0,0.0,0.0,0.0,0.0,0.7490589942434424,0.0,0.0,0.0,0.0,0.0,0.0,0.0,0.7435572453579797,0.0,0.0,0.7022459096528123,0.7781354410263036,0.7434855835496029,0.0,0.0,0.7311573771466752,0.7505393958149744,0.0,0.7504448759052943,0.7323222236913755,0.7458805721439352,0.0,0.7278408663612269,0.0,0.0,0.0,0.0,0.0,0.0,0.0,0.7658510841662574,0.0,0.0,0.0,0.7532226941324937,0.770793007186405,0.7225916643572322,0.0,0.0,0.0,0.7448303498634999,0.0,0.0,0.0,0.7733667546168659,0.0,0.0,0.0,0.0,0.0,0.0,0.0,0.0,0.0,0.0,0.0,0.7418117789678036,0.7627725121635835,0.0,0.0,0.0,0.7399240625595933,0.753197690240397,0.0,0.0,0.7234065134342925,0.0,0.7313252276651996,0.7419585040716903,0.7547666938357694,0.0,0.0,0.0,0.0,0.0,0.0,0.0,0.0,0.7298527535631464,0.0,0.0,0.0,0.0,0.0,0.0,0.0,0.0,0.7752517144828767,0.0,0.0,0.0,0.7256498523990995,0.0,0.7281925077805473,0.7355663878244779,0.7216723855167607,0.0,0.0,0.7366615716675243,0.0,0.7187729738317602,0.7464105307824457,0.7295431683095651,0.0,0.0,0.0,0.0,0.0,0.0,0.0,0.0,0.0,0.0,0.7546080894472452,0.7552836783537322,0.7594073462856555,0.728657777071547,0.0,0.0,0.7591959314611821,0.0,0.7496210139168837,0.6998173822701412,0.0,0.0,0.0,0.0,0.0,0.7326227890727337,0.0,0.7279263714350352,0.7133867194134903,0.0,0.0,0.0,0.7749314217279337,0.7390218903865123,0.0,0.0,0.7366372487255712,0.0,0.7589626145887006,0.0,0.0,0.0,0.0,0.0,0.0,0.0,0.0,0.0,0.0,0.0,0.0,0.0,0.727568738475416,0.0,0.7391700086035047,0.0,0.0,0.0,0.7333329750441859,0.7265534284663968,0.0,0.0,0.0,0.0,0.0,0.7397931301380566,0.0,0.0,0.0,0.0,0.0,0.7260135257066997,0.0,0.0,0.0,0.0,0.0,0.0,0.0,0.7565349222787877,0.0,0.7811209162557814,0.0,0.0,0.7506566892199239,0.7051641382474196,0.0,0.7521365621094628,0.0,0.0,0.0,0.0,0.0,0.7312477010528673,0.7173292716752171,0.0,0.0,0.7289617514934281,0.0,0.7732087868357285,0.7362024108042438,0.0,0.0,0.0,0.7581342503893747,0.0,0.0,0.0,0.0,0.7611656294487069,0.7345163409178259,0.0,0.0,0.0
0.1545643023767872,0.18678780247426488,0.0,0.1711721755378583,0.0,0.15815906284763984,0.16730912312900204,0.1476007000658507,0.0,0.0,0.14442936646574342,0.0,0.0,0.0,0.0,0.0,0.16781075554230332,0.18468074958058756,0.13625969538302882,0.0,0.17240587835998836,0.0,0.17679528737501737,0.0,0.0,0.0,0.17848037172017633,0.0,0.14367625269344014,0.1911375204986887,0.0,0.0,0.0,0.1266663129335789,0.0,0.0,0.0,0.0,0.0,0.17033386057811917,0.16837110180490883,0.0,0.17715707305564873,0.0,0.0,0.0,0.1969294620369688,0.15264687128936255,0.17153429045031096,0.0,0.15055980169390984,0.0,0.1745636278131602,0.0,0.0,0.0,0.17166196431889494,0.18075296123460238,0.0,0.0,0.0,0.0,0.16943990074809623,0.16776526073484213,0.0,0.0,0.16911042865765427,0.0,0.0,0.1813302935568139,0.0,0.0,0.0,0.0,0.0,0.0,0.13998274194443885,0.0,0.0,0.15938271853471436,0.0,0.20861292261459122,0.0,0.17082682772434643,0.15732221021035867,0.0,0.15920096902969355,0.15251504323055365,0.0,0.15752661038162089,0.0,0.0,0.0,0.0,0.17382516339613158,0.1532201400800545,0.0,0.16289117130425015,0.0,0.0,0.1665819991509045,0.0,0.14913871889621372,0.0,0.17090869760915953,0.0,0.16027572342715454,0.0,0.0,0.0,0.1947327336879805,0.0,0.0,0.0,0.0,0.0,0.16713422849551604,0.0,0.0,0.17783592720723543,0.0,0.0,0.20552262843732785,0.0,0.14894821919954504,0.1505551373449853,0.0,0.0,0.0,0.0,0.17305538358451694,0.1706934386766527,0.0,0.11691007931926793,0.0,0.0,0.0,0.0,0.0,0.0,0.0,0.16422143902783376,0.0,0.0,0.1653919290525059,0.2075514277592936,0.0,0.0,0.0,0.0,0.0,0.1511643471237521,0.15698088043156058,0.18910328798701825,0.0,0.0,0.0,0.0,0.0,0.163511582918111,0.16523866031810602,0.0,0.0,0.0,0.13983683776112135,0.0,0.0,0.1347411350003435,0.18676060916471585,0.1638794704738213,0.0,0.0,0.1639076338996069,0.14985181898386848,0.17578241787498583,0.1350659161861104,0.17419350858912108,0.0,0.18514504980696472,0.0,0.18094040176048415,0.15439169718696855,0.0,0.0,0.0,0.0,0.1891665624121997,0.0,0.0,0.0,0.0,0.0,0.19766894446177835,0.0,0.0,0.0,0.15959840486242907,0.14048272597388092,0.15985437272741537,0.0,0.0,0.20314343562990458,0.0,0.0,0.1452943899415381,0.0,0.0,0.0,0.1498559571829493,0.1582847081076976,0.0,0.1296010767748196,0.0,0.0,0.12123444349846098,0.0,0.0,0.0,0.0,0.0,0.16078427592190492,0.0,0.0,0.0,0.0,0.0,0.20220770421894219,0.0,0.0,0.16233541692205658,0.15977454200633007,0.0,0.0,0.1409619311522999,0.0,0.1264422515426666,0.18753711450358743,0.0,0.0,0.0,0.0,0.0,0.1847192816231831,0.0,0.13768340789105737,0.16256517360849082,0.0,0.0,0.0,0.0,0.0,0.0,0.0,0.0,0.1650465297825597,0.0,0.0,0.0,0.15276666917477813,0.15939129015585327,0.0,0.0,0.0,0.0,0.0,0.0,0.0,0.0,0.0,0.0,0.0,0.0,0.20542027415408087,0.14269489442896632,0.0,0.0,0.0,0.0,0.0,0.0,0.0,0.0,0.1535492384814546,0.0,0.0,0.0,0.0,0.1875089094494005,0.0,0.1537395156525002,0.0,0.0,0.0,0.19605452020220465,0.17349044268280486,0.180219597006935,0.0,0.1777603730155588,0.0,0.13953425747932127,0.0,0.0,0.17524903212591808,0.0,0.0,0.0,0.0,0.15461313691134487,0.0,0.0,0.0,0.17265794284820588,0.0,0.0,0.0,0.0,0.0,0.18358432112872552,0.13820896298957147,0.0,0.0,0.0,0.0,0.0,0.0,0.16621030923743485,0.0,0.0,0.0,0.0,0.0,0.0,0.19700099662441156,0.0,0.1730907214921354,0.1665525446095957,0.16423738671472063,0.17772681366672977,0.0,0.13223108053200716,0.16339241179857455,0.14029875426755262,0.0,0.17334895087921873,0.16294363980059606,0.0,0.16088084306304506,0.15926048162813702,0.13618285575047406,0.0,0.0,0.0,0.0,0.15993152486227186,0.0,0.0,0.0,0.0,0.0,0.1731103996060307,0.0,0.1732148553818824,0.0,0.16210628802185953,0.16124311555379167,0.0,0.1720357689052449,0.15592492589664808,0.0,0.0,0.0,0.0,0.14893872121413276,0.1448627955256017,0.0,0.0,0.0,0.18577041098771468,0.0,0.0,0.0,0.14964049664567122,0.0,0.0,0.0,0.1937815477626793,0.1882057238205497,0.0,0.0,0.0,0.0,0.0,0.0,0.0,0.0,0.0,0.0,0.1548377522524378,0.0,0.0,0.0,0.177658528662377,0.1719954714847374,0.0,0.0,0.0,0.14083237119310227,0.0,0.0,0.0,0.18169518848563013,0.0,0.1607443399584987,0.0,0.1656207946336145,0.0,0.15774448531389706,0.1333899773053114,0.0,0.0,0.0,0.1680068773757555,0.0,0.0,0.0,0.15527822129761581,0.0,0.18746654609612562,0.0,0.15022720234515552,0.17443617196457264,0.0,0.18786437268437778,0.0,0.0,0.0,0.0,0.1667407089644342,0.1840384933690361,0.0,0.0,0.1390183161802416,0.0,0.0,0.0,0.0,0.1308152843859849,0.0,0.0,0.0,0.0,0.17312239029619045,0.0,0.0,0.0,0.16896474519237134,0.0,0.18890503459565045,0.15626839766997658,0.0,0.0,0.0,0.0,0.0,0.13696509787722919,0.153495510046783,0.17597443326897755,0.0,0.0,0.0,0.0,0.0,0.0,0.0,0.0,0.1169857252746004,0.21671963005246164,0.2091629660326747,0.0,0.0,0.0,0.0,0.0,0.0,0.0,0.0,0.0,0.0,0.15169032697118717,0.0,0.0,0.16978242516864284,0.0,0.0,0.0,0.0,0.0,0.2176343941406658,0.1865880828819207,0.0,0.0,0.0,0.17688427544196345,0.16795444579520571,0.0,0.17629290604486786,0.0,0.18388227469761595,0.0,0.19215284648969483,0.0,0.17159259594599297,0.0,0.0,0.0,0.0,0.0,0.17012545831696277,0.0,0.0,0.16069991055885705,0.0,0.18913603436260618,0.0,0.0,0.0,0.18078558217653865,0.0,0.0,0.0,0.0,0.0,0.0,0.0,0.0,0.0,0.0,0.17492432418370657,0.19976113409749893,0.16544229971117752,0.0,0.0,0.18979619096566444,0.19922786119537478,0.17489111662151652,0.0,0.14378654917839934,0.0,0.0,0.0,0.1764935238753214,0.0,0.0,0.0,0.1478220443510873,0.0,0.0,0.0,0.15153493240535368,0.14622354097785015,0.14655772554601695,0.1706996188903373,0.0,0.1574668586586291,0.0,0.0,0.0,0.14240828027467678,0.13055304734742862,0.0,0.0,0.18777382459558392,0.0,0.0,0.0,0.16519667308348887,0.0,0.1671189331319554,0.0,0.18330397148638908,0.14345809863288092,0.16705316400367431,0.14595673717371527,0.0,0.0,0.0,0.1681543929719665,0.0,0.16774631874104878,0.0,0.2015035092275269,0.0,0.0,0.16849643090009656,0.0,0.14560728131468884,0.14924672408265985,0.0,0.0,0.0,0.16143330969595276,0.0,0.15334999932269666,0.14986031512411815,0.0,0.0,0.0,0.1554544910040981,0.0,0.0,0.0,0.1619303578947157,0.0,0.1988301982736936,0.0,0.15227513212640575,0.0,0.14149926214814665,0.0,0.16003469534409376,0.14499829861227428,0.0,0.17038089471882065,0.0,0.16119732859134342,0.0,0.1457001768937039,0.0,0.0,0.0,0.16718657106156432,0.17438806845557434,0.1980195878260531,0.0,0.0,0.16268033362336778,0.17453834507399724,0.14169455169600834,0.17119153676240081,0.0,0.1959658762954083,0.16437554686366093,0.0,0.0,0.0,0.0,0.0,0.0,0.0,0.19210254021722234,0.12713236514781662,0.0,0.0,0.17311731455267665,0.0,0.14957726515416647,0.0,0.0,0.0,0.0,0.0,0.15697694289822958,0.18662385210703952,0.0,0.0,0.17454718492062504,0.0,0.0,0.0,0.19801567333717557,0.1787719586338748,0.0,0.0,0.1742838354101987,0.0,0.0,0.18833620563256387,0.0,0.16240548041584738,0.0,0.0,0.0,0.0,0.0,0.0,0.0,0.0,0.15264581687172005,0.1763780304763373,0.0,0.0,0.1458591403799021,0.0,0.0,0.0,0.17859182020315817,0.0,0.0,0.0,0.0,0.0,0.0,0.1851684814206399,0.16515326050264906,0.15975903675331204,0.0,0.0,0.0,0.1583508826768303,0.0,0.1648080458916228,0.0,0.0,0.0,0.18937391250939364,0.0,0.0,0.0,0.1766095017571915,0.0,0.13254168909407513,0.0,0.15806339349902299,0.0,0.1810922168817214,0.0,0.173062311693535,0.0,0.0,0.1431551033610349,0.17405465191717448,0.0,0.0,0.0,0.17357405651386304,0.0,0.0,0.0,0.0,0.1572274335757271,0.0,0.0,0.0,0.0,0.0,0.0,0.1742352151728306,0.0,0.0,0.17337304901960593,0.0,0.13066775159828156,0.0,0.0,0.0,0.16591137364571154,0.2000040729312105,0.0,0.18182407461586914,0.16709049326190428,0.14661380963159934,0.16647021560668074,0.0,0.16512439029409662,0.0,0.19497120540420454,0.0,0.1751380682723595,0.0,0.0,0.13641404962668444,0.0,0.0,0.18647497300793794,0.15258490459892285,0.0,0.0,0.0,0.0,0.0,0.0,0.19192661148143084,0.0,0.0,0.18486451918674257,0.16112201317334574,0.0,0.0,0.0,0.0,0.0,0.0,0.0,0.0,0.0,0.0,0.0,0.16494026336620868,0.0,0.19663704426619627,0.17302150831676175,0.0,0.1768197131631093,0.0,0.0,0.17901412697610197,0.1509219311687068,0.0,0.0,0.0,0.0,0.18011236477583664,0.19573575354203412,0.0,0.0,0.17148540436676543,0.1669734457561839,0.20117458753244963,0.0,0.17071454792562588,0.0,0.0,0.0,0.1832731054274858,0.0,0.19177948880542628,0.0,0.0,0.0,0.0,0.19103115359756853,0.1865744469544342,0.0,0.18060127560780656,0.15722985021294175,0.0,0.0,0.1609047856294866,0.15613854860200094,0.0,0.15029403855733292,0.15973498365141642,0.0,0.1551314765013351,0.0,0.0,0.0,0.0,0.0,0.0,0.0,0.1647609684809253,0.15914149766824415,0.0,0.0,0.17695189099639233,0.0,0.1570400885329822,0.1563961367300244,0.18264432318354606,0.13433298559727178,0.15691318687427747,0.0,0.0,0.0,0.0,0.14178421341772582,0.0,0.0,0.1547009696168228,0.15002470227800896,0.0,0.16807894594859765,0.0,0.0,0.0,0.0,0.0,0.0,0.0,0.0,0.0,0.0,0.16139378848077574,0.0,0.0,0.0,0.0,0.0,0.16100792641389539,0.19719306661864017,0.0,0.0,0.0,0.23143418498009863,0.0,0.20063988055950677,0.0,0.0,0.0,0.0,0.16867951967574887,0.14369785249743983,0.0,0.1799130289392196,0.0,0.0,0.0,0.0,0.0,0.0,0.2035455593514792,0.1855986303093458,0.0,0.1760360441036212,0.0,0.0,0.15866233198282909,0.16801771806593002,0.0,0.0,0.0,0.0,0.0,0.0,0.0,0.0,0.16256127639175785,0.1871205011751307,0.1518755814475687,0.16459488992652982,0.0,0.140293750498523,0.0,0.183123933033487,0.0,0.0,0.0,0.0,0.16188289720774912,0.18964054643122488,0.18718267373335207,0.0,0.0,0.0,0.0,0.0,0.0,0.0,0.13187877866996425,0.17185852608981808,0.1843937338692724,0.0,0.17140646203459622,0.16310816923605115,0.0,0.11079309081954469,0.15348892913211834,0.0,0.0,0.0,0.0,0.0,0.0,0.15935348580059253,0.0,0.0,0.0,0.0,0.0,0.0,0.15712872108686238,0.0,0.16776384728566174,0.17274367327619025,0.0,0.0,0.0,0.0,0.0,0.0,0.16018956325915407,0.0,0.1485754897420352,0.1724113634897857,0.0,0.0,0.0,0.14548597409237043,0.15763191931990894,0.0,0.1548673187398302,0.18297832420808427,0.17544876851040947,0.0,0.0,0.0,0.0,0.0,0.0
0.07292135778269011,0.10819993971342894,0.10770996895166013,0.0,0.0,0.0,0.0,0.09623216822456672,0.0,0.0,0.08878347537403967,0.10147296141898461,0.11424767503014538,0.0,0.11609698805092937,0.0,0.0,0.08094385136368468,0.0,0.06633877561779133,0.0,0.0,0.110687714095366,0.0,0.0,0.0,0.0,0.0,0.0703999477561854,0.08648695727942997,0.06941787133931152,0.0,0.0,0.12351443747815277,0.0,0.0,0.0,0.0947723881606457,0.0,0.0,0.08084172602369083,0.09289838426842617,0.0,0.0,0.0,0.09062784748189273,0.0,0.08072329641919372,0.0,0.0,0.0,0.0,0.07258373178311875,0.0,0.0,0.0,0.0,0.12762349638318884,0.10667899702968435,0.0,0.0,0.0,0.0,0.0,0.0,0.0,0.09365553180038787,0.09213025083899316,0.0,0.0,0.0,0.0,0.0,0.11182486057348097,0.0,0.0,0.0,0.10577848599831575,0.0,0.0,0.0,0.10941171584250534,0.0,0.0,0.0,0.0,0.11565836786332105,0.0,0.09712538029039251,0.0,0.0,0.0,0.06722125194283765,0.0946410171598231,0.0,0.0,0.0,0.0,0.0,0.0,0.0,0.0,0.0,0.0,0.10761593422930167,0.10854544537049388,0.0,0.0,0.08034223038080716,0.0,0.0,0.0,0.10385371033126424,0.0,0.0,0.0,0.07760906033816156,0.0,0.0,0.07440905720075215,0.0,0.0,0.0,0.07505830342382336,0.0,0.0,0.0,0.09513858058161595,0.10269848448038268,0.12130998899166216,0.1069639236418684,0.0,0.0,0.0,0.11000594719137402,0.0,0.0,0.08180713311741045,0.11851212873260474,0.0,0.0,0.07686870255867385,0.0,0.0,0.0,0.0,0.0,0.0,0.13476827927419177,0.09732868565933936,0.07246618838317291,0.128474193682889,0.0,0.0,0.0,0.07380103064769022,0.13436944017295385,0.0,0.08803730656496621,0.12931703079152293,0.0,0.0,0.0,0.0,0.0,0.09197718947669459,0.11325886954025813,0.11219745010350779,0.11012233274458443,0.0,0.0,0.0,0.09541537491317299,0.0,0.0681529601516146,0.0,0.0,0.0,0.09745787821886916,0.0,0.12169876253066549,0.11057778658794658,0.1054328076883256,0.10367712730185827,0.0,0.0,0.07847982955594478,0.0,0.14366899293377064,0.0,0.0,0.0,0.11983419823138315,0.0,0.0,0.0,0.0,0.0,0.0,0.0,0.11278038660868484,0.0,0.0,0.0,0.0,0.0,0.11043744478654888,0.0,0.0,0.09383803150143116,0.0,0.0,0.09032879173375816,0.0,0.0,0.0,0.0,0.0,0.11181576958850174,0.0906759706551282,0.0,0.0,0.0,0.12938049015770103,0.1368235528385125,0.0,0.08846581452405514,0.09766770988190474,0.0,0.10676951401873944,0.0,0.141822639861305,0.0,0.0,0.0,0.12136707906873723,0.11080838398792912,0.0,0.09604563823392755,0.08766005092074199,0.0,0.13447969691269682,0.1295209820365152,0.0,0.12302332132591261,0.0,0.0,0.06865111150578342,0.0,0.11020414337852145,0.0,0.0,0.0,0.0,0.10427107438588111,0.09226806101337899,0.0,0.10398699190933619,0.08700428426025844,0.10534302688713035,0.0,0.0,0.0,0.0,0.0,0.0,0.0,0.0,0.0,0.0,0.0,0.0,0.12827317335479685,0.0,0.0,0.0,0.0,0.08700876177134549,0.10959237314559349,0.0,0.0,0.0,0.0,0.0,0.09792716449261936,0.0864112569238883,0.0,0.0,0.0,0.0,0.0,0.0,0.0825339981094722,0.08755556498116786,0.10663749519951603,0.09099782237396803,0.0,0.0,0.0,0.10960926414630771,0.0,0.0,0.0,0.0,0.0,0.0,0.0,0.09750496641451405,0.0,0.060640803299898606,0.0,0.08814560942511723,0.0,0.07734082555291771,0.0,0.12287982583160131,0.0,0.0,0.0,0.0,0.0,0.0,0.0,0.0,0.0,0.0,0.09202273012947242,0.0,0.0,0.0,0.10682818528308392,0.06576976186381009,0.10302783432961303,0.08578405905614572,0.09035841913077035,0.0,0.0,0.0,0.10597087563674011,0.0,0.0,0.0,0.0,0.0,0.0,0.0,0.0,0.0,0.0,0.08285201041633387,0.0820275784309521,0.0,0.0,0.11309246917681456,0.0,0.0,0.10691754524183983,0.09035786553424269,0.0,0.08004841300911329,0.0,0.0,0.0,0.0,0.0,0.0,0.0,0.0,0.0,0.0,0.0,0.0,0.0,0.0,0.0,0.0,0.0,0.07551828606240901,0.0,0.0,0.11412110928377946,0.0,0.09785434758040601,0.0,0.06493359964574406,0.08586230120252124,0.0,0.0,0.0,0.10504803701720312,0.0,0.10939315981686383,0.0,0.0,0.10724166295857482,0.0,0.0,0.0,0.0,0.0,0.0,0.0,0.10354020416980773,0.0,0.0,0.10693088532152309,0.0719342476807563,0.0,0.10390656470161977,0.0,0.11493364662023481,0.0,0.0,0.0,0.08146051670837469,0.0,0.09957982711812548,0.0,0.0,0.0,0.0,0.0,0.0,0.0,0.0,0.06675169569784947,0.0,0.09206995681228718,0.0,0.0,0.0,0.0,0.1012055896787151,0.10059024566415854,0.0,0.0,0.10678628701282177,0.0,0.12183005059331758,0.0,0.0,0.10242293756142751,0.0,0.07444530926133303,0.0,0.0,0.0,0.0,0.0,0.0,0.08366558288448915,0.0,0.0,0.10154357467880298,0.0,0.0,0.0,0.0,0.08224340514074611,0.0,0.0,0.0,0.0,0.0,0.09019687972532477,0.1385153501499137,0.14309043709835326,0.0,0.0709094904164062,0.0,0.08354108781252209,0.0,0.08931244691854844,0.0,0.0,0.10001924084678716,0.10949913099189065,0.0,0.0,0.0,0.0,0.0,0.0,0.0,0.0,0.0,0.0,0.10666404441126053,0.0,0.0,0.09434469693643455,0.09055505551899838,0.0,0.0,0.0,0.0,0.0,0.09655018993349182,0.0,0.06747253912658321,0.08369985055484264,0.0,0.0,0.10405864749646573,0.0,0.0,0.09528749309377128,0.0,0.0,0.0,0.06634161978666654,0.14291664564586595,0.0,0.07843689126366367,0.0,0.0,0.0,0.0,0.0,0.0,0.0,0.11025859811649576,0.0,0.0,0.0,0.0,0.11295419685827197,0.0,0.0,0.0,0.0,0.08802815841743677,0.0,0.0,0.13062310372300834,0.0,0.0,0.0,0.0,0.0,0.0,0.10171473271281647,0.0,0.11795103183260043,0.10976264099192612,0.0,0.0,0.0,0.10543839494918458,0.08729291681307795,0.0,0.0,0.11274733778554173,0.0,0.10464091266284825,0.0,0.133655884110231,0.12155660608339067,0.0,0.12435976987128224,0.10571281969995357,0.09049817074362515,0.0,0.0,0.10717262627257168,0.0,0.06746687896389951,0.0,0.10667306118377382,0.0,0.0,0.07888018804964017,0.0,0.11112356664693782,0.0,0.0,0.0,0.11318896956791204,0.08710618156064508,0.0,0.10182794812561305,0.0,0.0,0.0,0.0,0.0,0.0,0.0,0.0,0.0,0.0,0.0,0.0,0.0,0.0,0.0,0.0,0.0,0.13103766841609704,0.0,0.09757163056195152,0.10435210672663016,0.0,0.0,0.0,0.0,0.0,0.0836019382375637,0.11393105956407569,0.0,0.0,0.11202040117805136,0.0,0.09102682309202793,0.0,0.1103616348035161,0.08859393244651996,0.10063865792027911,0.11353548795461231,0.0,0.0,0.0,0.0,0.1325157682419277,0.0,0.0,0.10704707969250497,0.0,0.09798990204012023,0.0,0.06858871373491701,0.12084326454614201,0.1042556478893676,0.0,0.0,0.11738233635549505,0.099121309864087,0.1013960479961956,0.0,0.0,0.0,0.0,0.0,0.08200397469824569,0.09470848700145447,0.09461593618360388,0.0,0.0,0.07114692255276793,0.10882506036431303,0.0,0.0,0.0,0.07558621137507385,0.0,0.10460953515873593,0.0,0.0,0.07774452335443438,0.0,0.0,0.0,0.0,0.0,0.09980717864835874,0.08603678782188026,0.0,0.13491260983379433,0.0,0.0,0.09186760464855791,0.1091228944819947,0.0,0.10287485025796964,0.0,0.0,0.11025944988411113,0.08244671400579168,0.09785237490320939,0.0,0.09672742409458038,0.0,0.0,0.0,0.0,0.07791501421312476,0.0,0.1200909422990519,0.1106154854702716,0.0,0.0,0.0,0.0,0.0,0.0,0.09924746641190538,0.08157720994065044,0.0,0.0,0.0,0.0,0.0,0.0,0.09110512041427983,0.0,0.0,0.0,0.0,0.0,0.0,0.0,0.09736367325361543,0.130939296547846,0.0,0.0,0.0,0.0,0.0,0.09584479599625001,0.0,0.13009427738812326,0.0,0.0,0.1031268738523082,0.0,0.0,0.12013450047493324,0.10040008807643479,0.0,0.0,0.08760253734564963,0.11136829373418101,0.0,0.11238621903028552,0.0,0.08672533721251308,0.0,0.0,0.0,0.0,0.0,0.1153287029179004,0.0,0.0,0.0,0.0,0.0974526532812476,0.09872116532796306,0.0,0.12066807017967691,0.0,0.13479852255638183,0.0809970219874552,0.11906151707072654,0.0,0.0,0.0,0.0,0.0,0.07241566223691423,0.0,0.09764997907386967,0.07840021051004788,0.08987503400859906,0.0,0.0831941857326791,0.0,0.10889876137727345,0.0,0.091568787315878,0.0,0.0,0.10478968421002187,0.0,0.09652282044624699,0.0,0.0,0.10237654285931892,0.12943521899829502,0.0,0.0,0.0905112173675936,0.0,0.0,0.06297442499084313,0.10292742543338353,0.06526195300754631,0.0,0.0,0.0,0.10724034190000174,0.12048571285584381,0.0,0.08897121630576732,0.09459896184103848,0.09763067838390056,0.0,0.0627032370085976,0.0,0.08659004505838856,0.09248263898609314,0.0947873063433983,0.0,0.0,0.09760327656811754,0.0,0.0,0.0,0.0951290961945702,0.0,0.0,0.0,0.057438150236228794,0.0,0.08347651490762427,0.0,0.0,0.0,0.0,0.0,0.0,0.0,0.0,0.08219885967010207,0.0,0.0,0.0,0.0,0.11399738128002851,0.0,0.11042860932687394,0.11593637792532413,0.0,0.06704647269104806,0.0,0.07090878084374501,0.0,0.0,0.0,0.0,0.12792948394720818,0.0,0.0,0.0,0.0,0.11532915531809736,0.0,0.07317362799184755,0.0,0.0,0.0,0.08611215674444084,0.1230336307445316,0.0,0.0,0.0,0.07293364303623191,0.11702480815971313,0.0,0.0,0.0667307293559241,0.10006921524512445,0.0,0.0,0.07130425418698365,0.0,0.0,0.0908805698631669,0.072310606162887,0.0,0.0,0.10685148065426402,0.07290753525290404,0.0,0.0,0.07051431873568234,0.08919456280921063,0.0,0.06878426836779997,0.0,0.0,0.11109393287655642,0.0,0.0,0.14861616262864874,0.0,0.0,0.0,0.0,0.12490626177109801,0.0,0.0,0.06683123499796689,0.0,0.08031959656285254,0.0,0.10259125892246435,0.07207634910636693,0.09325743908726658,0.0,0.0967315806006177,0.07642575884399828,0.0,0.0,0.0,0.0,0.07683246301772195,0.0,0.0,0.07933072846996174,0.0,0.0,0.08108011266859577,0.0,0.10943635145836271,0.0,0.0,0.07553562779943622,0.07217924898474058,0.0,0.0,0.11880282730999472,0.13155389823345945,0.09586584966513977,0.11391947218451673,0.08362307403318019,0.0,0.0,0.0,0.08079455221514337,0.0,0.0,0.0,0.0,0.0,0.0,0.0,0.0,0.09704868452024616,0.0,0.0,0.0,0.11005968992158269,0.0957051443967286,0.08859695537932614,0.0,0.12041008467868734,0.0,0.0,0.0,0.0,0.0,0.10134734409513334,0.09352483936312507,0.0,0.0,0.0,0.0,0.0,0.0,0.0,0.05884908701040976,0.0,0.0,0.0,0.0,0.0,0.0,0.0,0.11027346147931857,0.0,0.09909427659559772,0.0,0.07637120715357364,0.0,0.0,0.0,0.0,0.0,0.0,0.0,0.0,0.09077434951679696,0.0,0.12770078645507077,0.0,0.10675301207157971,0.10700486861567213,0.1203229076093944,0.09886915662053913,0.0992077474465641,0.0,0.08832974695289357,0.0,0.08974115644346341,0.07344643358628142,0.08480274319245784,0.0,0.0,0.0
0.0,0.4620394559238136,0.0,0.0,0.0,0.0,0.0,0.0,0.0,0.0,0.4775825988100381,0.0,0.48995327266415584,0.0,0.0,0.4991317998236768,0.0,0.0,0.4391455879473416,0.0,0.0,0.0,0.0,0.0,0.0,0.46213252905633745,0.48275220308173544,0.0,0.0,0.0,0.0,0.0,0.4442742205683306,0.4717695103277054,0.0,0.0,0.0,0.4771131884010693,0.48290056066147435,0.0,0.49504850970238284,0.0,0.0,0.0,0.0,0.459966431765216,0.0,0.0,0.45178758792394147,0.4855513418736685,0.0,0.0,0.0,0.0,0.0,0.4702945691817476,0.0,0.0,0.0,0.44195870345594435,0.0,0.0,0.0,0.44781150996774366,0.49825401958015364,0.0,0.0,0.47833106507411244,0.0,0.4597760940873827,0.0,0.0,0.0,0.0,0.0,0.0,0.0,0.45892263991183524,0.0,0.0,0.46268105428296125,0.49289143769165056,0.0,0.0,0.0,0.0,0.4772355185585421,0.0,0.0,0.443985379267196,0.0,0.0,0.0,0.0,0.0,0.0,0.0,0.4531505324788256,0.0,0.0,0.0,0.0,0.48126146775782097,0.0,0.0,0.48440957906062304,0.0,0.0,0.5005252101544585,0.0,0.0,0.0,0.0,0.0,0.4758493015118156,0.0,0.4390982722763056,0.0,0.0,0.0,0.0,0.0,0.0,0.0,0.0,0.47068257839417665,0.0,0.48176274318102685,0.0,0.0,0.4744019078442039,0.0,0.0,0.44615580663991794,0.0,0.0,0.0,0.0,0.0,0.0,0.0,0.47710573128533956,0.4880182422608226,0.0,0.0,0.0,0.0,0.0,0.45986714828303477,0.4797362615769233,0.0,0.0,0.4349689752514952,0.0,0.4858744473000415,0.0,0.0,0.0,0.0,0.45107781897175664,0.0,0.4612804444866004,0.0,0.0,0.0,0.0,0.0,0.48057244207560196,0.0,0.0,0.4653298518764792,0.0,0.0,0.4799306734707496,0.0,0.43939909497284607,0.0,0.4753446554879126,0.475423979512691,0.0,0.48120686579813515,0.46052536104409936,0.0,0.48245307243125674,0.48065348869932556,0.4937285217296973,0.4613869503155153,0.0,0.48142484215857906,0.0,0.0,0.4776356412512014,0.5001607127268769,0.46319196974467935,0.0,0.0,0.0,0.0,0.0,0.0,0.4580118957471388,0.4799858861108562,0.0,0.0,0.0,0.0,0.0,0.0,0.4821086056570639,0.0,0.0,0.0,0.46448985356785444,0.0,0.0,0.0,0.0,0.43322903997332896,0.0,0.4651612660552687,0.0,0.0,0.0,0.45912086381672695,0.4912157296154889,0.0,0.0,0.0,0.0,0.0,0.4689411841580173,0.0,0.0,0.0,0.0,0.46783688244996713,0.4911423563894803,0.0,0.46274145524660787,0.0,0.49334813874756733,0.0,0.0,0.0,0.0,0.0,0.4927297769554078,0.46382721078683514,0.0,0.0,0.0,0.0,0.4678158595186269,0.0,0.0,0.43979594217768636,0.0,0.0,0.47223289057403245,0.0,0.0,0.45633841868230907,0.0,0.0,0.0,0.0,0.0,0.4490044045023216,0.47031266463155613,0.0,0.0,0.0,0.4625899135761356,0.0,0.45966640731734404,0.4893439416568579,0.4846565785364288,0.4582144163146323,0.0,0.0,0.0,0.0,0.0,0.0,0.0,0.5006133185264026,0.0,0.4417619501639443,0.0,0.4641124505405022,0.0,0.0,0.46004306994460015,0.4762679650896697,0.0,0.4680971465710999,0.48526140215632624,0.0,0.0,0.0,0.0,0.0,0.0,0.46665881601659426,0.0,0.0,0.0,0.4809326337239387,0.0,0.0,0.0,0.4596782569211265,0.0,0.4939173593959302,0.0,0.48856224025652406,0.4739673191191214,0.0,0.44997978723866355,0.46862062556641026,0.0,0.0,0.4433271023370034,0.0,0.0,0.0,0.47176580584461636,0.0,0.0,0.4814895294382162,0.4818690055127374,0.4853176611558424,0.4729520121600822,0.0,0.48801405178768326,0.45780337142496375,0.0,0.0,0.0,0.0,0.0,0.0,0.0,0.4581371018535677,0.4790611732330215,0.0,0.4839113076689991,0.0,0.0,0.0,0.0,0.0,0.0,0.4785258869053531,0.0,0.0,0.0,0.4680231067156261,0.0,0.444130790780605,0.0,0.0,0.0,0.45549186768760574,0.0,0.46414777461041334,0.0,0.0,0.4712001923630046,0.44266150143799865,0.46670173388032327,0.0,0.0,0.46241320940949787,0.0,0.4575755901511397,0.45502974584983774,0.4769544836863449,0.0,0.0,0.4612314287606899,0.0,0.0,0.0,0.0,0.0,0.0,0.4710926329381088,0.0,0.0,0.0,0.0,0.4404081275163825,0.0,0.0,0.0,0.0,0.0,0.0,0.4681157216297654,0.0,0.0,0.0,0.0,0.0,0.0,0.47136975792925895,0.0,0.0,0.0,0.0,0.46792741208801186,0.0,0.4877269476369004,0.0,0.45915291343989106,0.0,0.4604395892688468,0.0,0.0,0.45571877748579764,0.0,0.0,0.46165608491804605,0.0,0.0,0.0,0.0,0.0,0.0,0.47068864245680786,0.0,0.4561545343135693,0.0,0.0,0.47303992695710834,0.0,0.0,0.0,0.0,0.0,0.4636464031650924,0.0,0.0,0.0,0.0,0.4554212534206142,0.0,0.46028206305495317,0.0,0.45926623664726474,0.45846073761867634,0.0,0.45042001156096984,0.0,0.47541011715266746,0.0,0.47144512408258604,0.0,0.0,0.0,0.0,0.0,0.0,0.47425072943248386,0.4925318230327412,0.0,0.0,0.4616631268294936,0.0,0.4593257956296128,0.0,0.0,0.4825075746913704,0.0,0.0,0.0,0.4769177952577106,0.0,0.0,0.44832469178079665,0.0,0.0,0.46381081832035126,0.0,0.0,0.0,0.47318234500408685,0.0,0.0,0.467532246013547,0.4357927828443168,0.0,0.0,0.4586112563058601,0.0,0.0,0.0,0.0,0.4664320271609537,0.4645141676489848,0.0,0.48311756124635624,0.0,0.0,0.4599484600392691,0.0,0.0,0.49261196006230135,0.46061266854175353,0.4512332951531159,0.505067825119564,0.0,0.0,0.0,0.0,0.0,0.48799428006683837,0.0,0.45958808313021987,0.46100384847364045,0.4784221410819267,0.0,0.4749107342328618,0.0,0.0,0.48963661618665966,0.0,0.0,0.0,0.4239202532899164,0.4843424942092028,0.0,0.0,0.0,0.0,0.0,0.0,0.0,0.44925271182154364,0.44383271805561275,0.0,0.47128761153707527,0.487882711601692,0.0,0.0,0.0,0.0,0.0,0.0,0.0,0.0,0.0,0.0,0.49387346307660923,0.0,0.44885219113108243,0.4850904793400295,0.0,0.4450716958340387,0.4682387237508817,0.47159516424950987,0.4516377223000589,0.4624194414459669,0.4973185213654246,0.0,0.0,0.0,0.0,0.0,0.0,0.0,0.0,0.4742388781261611,0.0,0.46094803090727104,0.0,0.0,0.0,0.4691580277637455,0.0,0.4723445711987954,0.0,0.49476849676372125,0.0,0.0,0.0,0.0,0.4329499252460758,0.0,0.47081990726508305,0.4475606684949023,0.0,0.0,0.0,0.0,0.0,0.445336948630704,0.47656589421127155,0.4726237392910114,0.0,0.0,0.0,0.0,0.0,0.0,0.0,0.45950831641790957,0.4913909940294748,0.46906858680581726,0.0,0.4723745100523705,0.4852109695147399,0.4757655061037702,0.0,0.0,0.0,0.0,0.4731005528129324,0.46867723658695093,0.0,0.0,0.0,0.0,0.0,0.0,0.0,0.458674436203094,0.0,0.0,0.4569444206520551,0.4743392669460713,0.5019640831769677,0.0,0.4550235678605588,0.0,0.0,0.0,0.0,0.0,0.45557580352931243,0.4734869252797066,0.0,0.0,0.0,0.4723637783894856,0.0,0.0,0.47401647124561225,0.0,0.4669641213771237,0.4332308910850617,0.0,0.0,0.0,0.0,0.5007044146616804,0.49486683976708473,0.0,0.0,0.0,0.0,0.0,0.0,0.4489897966761262,0.0,0.0,0.46014318311305996,0.0,0.49948319830246185,0.4686151723777737,0.4485066352966598,0.0,0.0,0.45666852517044415,0.4527191677602517,0.0,0.0,0.0,0.0,0.0,0.0,0.0,0.0,0.0,0.45538549966779596,0.0,0.0,0.487123621826559,0.0,0.4782332608634408,0.0,0.0,0.0,0.0,0.0,0.4493932473350172,0.0,0.4672238900012233,0.4841740363409707,0.0,0.0,0.0,0.0,0.0,0.0,0.4547890521014011,0.0,0.0,0.0,0.44300301338171777,0.4703579249824246,0.4435173405518717,0.0,0.0,0.4992078675445172,0.0,0.4546969209996733,0.46901229831938096,0.0,0.0,0.4683367627192634,0.45139797138723015,0.0,0.0,0.0,0.47456026634639253,0.47989621064600024,0.0,0.0,0.47300592074564324,0.49056925250222116,0.0,0.46220063480519064,0.0,0.497115782456298,0.0,0.0,0.0,0.5025799668452245,0.0,0.46998979549833314,0.46612712869014133,0.0,0.0,0.0,0.46621578234227046,0.4835400329745966,0.0,0.48699374278271357,0.4779632196684046,0.47501667393839164,0.0,0.46977393483465724,0.0,0.0,0.4801121430909173,0.4699823507601491,0.0,0.45813438671785317,0.0,0.0,0.48632622302138023,0.4582461088523423,0.0,0.5051903366019946,0.48499487753227083,0.0,0.0,0.0,0.47337975030891183,0.45814563130249714,0.44567208888312454,0.0,0.46832649641731205,0.4659495502048742,0.0,0.4814025252875595,0.0,0.0,0.46586450998150336,0.0,0.45472925459337715,0.4693072369726707,0.0,0.0,0.0,0.0,0.0,0.0,0.4759395109365293,0.45171857566609613,0.0,0.46053044192541903,0.0,0.0,0.0,0.4382249361538662,0.0,0.0,0.0,0.0,0.44802142272999035,0.4689666478506134,0.0,0.4492725872430564,0.44886079436927256,0.4643991131346563,0.0,0.0,0.0,0.46641098809967774,0.45777621373610394,0.0,0.0,0.0,0.4893147506635219,0.483640357708542,0.0,0.4658087102346846,0.0,0.0,0.0,0.0,0.0,0.458716865777216,0.0,0.47010728634901955,0.0,0.0,0.4759293269782444,0.46873642742859317,0.46765628315455227,0.4444034277380087,0.0,0.0,0.4832877449990936,0.4654910963096339,0.4654291266900536,0.0,0.0,0.0,0.0,0.0,0.0,0.0,0.0,0.0,0.5119241706201575,0.0,0.5061814956186033,0.506051563336769,0.49292030571639395,0.0,0.46163529610221893,0.0,0.0,0.4644538395605189,0.0,0.0,0.0,0.0,0.0,0.0,0.0,0.0,0.0,0.0,0.48362776666641455,0.0,0.46742347696957154,0.438550058529618,0.0,0.0,0.0,0.0,0.0,0.4969041353046886,0.0,0.0,0.0,0.4786515099816364,0.0,0.46627970924079043,0.4539464615942354,0.0,0.0,0.0,0.448329102899692,0.0,0.4820643822338857,0.0,0.4795268769248234,0.0,0.46897565758705034,0.4664613830052545,0.4612812016583142,0.0,0.49637062701107587,0.45814312016296366,0.4704062298250254,0.0,0.0,0.0,0.0,0.0,0.4657104918989436,0.0,0.0,0.4567472264157281,0.0,0.0,0.0,0.0,0.0,0.0,0.0,0.0,0.4588132422810163,0.0,0.4576214931219856,0.4344596646135859,0.0,0.0,0.0,0.0,0.47470615665121896,0.0,0.0,0.0,0.4609490973529493,0.0,0.4761753405559087,0.0,0.49885226630109003,0.0,0.0,0.4684784801632101,0.0,0.4343201738736314,0.0,0.0,0.0,0.0,0.48169428011661164,0.46105602466928525,0.5014795841852125,0.0,0.0,0.0,0.45363106848331136,0.0,0.44588414481775857,0.4301028867590813,0.0,0.0,0.0,0.4719566288233166,0.46670609945979474,0.4690591756159222,0.0,0.49732241974791613,0.45779779780407764,0.0,0.46599524060495506,0.0,0.0,0.0,0.0,0.0,0.0,0.46562173188595796,0.0,0.5042295477628489,0.0,0.0,0.0,0.0,0.0,0.0,0.4794989061454969,0.48176098132311584,0.0,0.0,0.0,0.47629918767350515,0.4705264309857515,0.0,0.4585575113798933,0.0,0.49106206790071,0.0,0.0,0.4908715574241189,0.0,0.0,0.0,0.0,0.4630849403007158,0.0
0.0,0.0,0.0,0.8735382566195569,0.8819537813489707,0.8859664501757539,0.0,0.0,0.8664943181578051,0.0,0.0,0.0,0.0,0.8798044437229532,0.8483645979486463,0.8697492424336247,0.8899723735996264,0.0,0.0,0.8677006748300565,0.8769052992255316,0.0,0.8588855599112718,0.0,0.0,0.8805396560075912,0.0,0.0,0.0,0.0,0.0,0.0,0.867447343118417,0.8820973788539214,0.8778504398327364,0.8548739139864895,0.0,0.0,0.0,0.0,0.8781634476989763,0.8668332438250705,0.0,0.0,0.0,0.0,0.0,0.8612944691820535,0.8682279405490865,0.8722144951477492,0.0,0.8527634147602353,0.0,0.0,0.0,0.0,0.0,0.0,0.0,0.0,0.0,0.0,0.0,0.0,0.0,0.0,0.0,0.8807273430940297,0.0,0.0,0.0,0.8946051385751757,0.0,0.0,0.0,0.8687682615492482,0.8963682374216667,0.8731692606875758,0.0,0.8593675516219492,0.0,0.0,0.0,0.0,0.0,0.0,0.8735091107799454,0.0,0.0,0.0,0.0,0.0,0.9186106729518224,0.0,0.0,0.0,0.0,0.88319341491813,0.0,0.0,0.8597634704135393,0.0,0.8552880028746807,0.8798270891158441,0.8698258849373157,0.8692338317961711,0.0,0.0,0.0,0.8834112250356065,0.0,0.0,0.0,0.0,0.0,0.0,0.0,0.0,0.0,0.0,0.0,0.0,0.0,0.0,0.0,0.8821648676628309,0.0,0.8647075390068611,0.8519749509714485,0.0,0.0,0.8521117172061375,0.0,0.0,0.8509297919086248,0.0,0.0,0.0,0.8637250141189795,0.0,0.0,0.8675000255292662,0.0,0.0,0.8646966639632662,0.8629046130920737,0.0,0.0,0.0,0.0,0.0,0.8633259022983689,0.0,0.864397560947004,0.8808671608416191,0.8493318734730302,0.8695890474245369,0.0,0.8803391233223964,0.8648056740769938,0.0,0.0,0.0,0.0,0.8674507110054213,0.0,0.0,0.8593250422386418,0.867538729364699,0.868670751673942,0.8792543271876705,0.0,0.0,0.0,0.855254453993811,0.0,0.8813254317808429,0.8644163486545849,0.8706644653880797,0.0,0.8841312020292249,0.8923719377855936,0.0,0.0,0.8546257746456302,0.0,0.0,0.0,0.8651386503421168,0.0,0.0,0.0,0.0,0.8684034450082965,0.0,0.0,0.0,0.0,0.8860645533874346,0.0,0.852076502540664,0.0,0.8962087862461416,0.0,0.0,0.0,0.0,0.8804168694887646,0.8765267313003577,0.0,0.0,0.0,0.8523938352083776,0.0,0.8443363151727086,0.0,0.0,0.8634566041952282,0.8705850953968296,0.8597466919970048,0.0,0.0,0.0,0.8810309960955334,0.0,0.8556256679051122,0.8742064467103797,0.0,0.855854608033179,0.0,0.0,0.8438063369454324,0.0,0.0,0.0,0.8664919052633343,0.0,0.0,0.0,0.8832525173891309,0.0,0.0,0.0,0.0,0.874572121163649,0.894595462801228,0.0,0.0,0.0,0.0,0.0,0.0,0.8675648642883438,0.8895572842883939,0.8607134572023529,0.8620835426322342,0.8655936644757147,0.8789806475741644,0.0,0.8521111482938803,0.0,0.0,0.8662528076207102,0.8786506183664203,0.0,0.8751538203531075,0.0,0.0,0.0,0.0,0.0,0.0,0.8859801239257215,0.0,0.8978521205780365,0.0,0.0,0.0,0.0,0.0,0.0,0.0,0.0,0.0,0.8777541240033397,0.0,0.0,0.878695558586353,0.0,0.8655531981838329,0.0,0.0,0.88867616100892,0.8680873495112058,0.8656138239798177,0.8662385463526019,0.8639957713409473,0.0,0.8502703134792129,0.0,0.0,0.0,0.8603701869584536,0.8587888883697063,0.0,0.0,0.0,0.862131091076109,0.8742369450453463,0.869336731683013,0.0,0.0,0.0,0.0,0.8798206832062021,0.8538880933857553,0.8568109697083275,0.8584121899166194,0.8882061914488959,0.0,0.0,0.0,0.8583685477669873,0.0,0.0,0.0,0.8764090409208658,0.0,0.0,0.0,0.890632625202018,0.0,0.8402988802690189,0.0,0.0,0.8802463733444243,0.0,0.0,0.0,0.8765820206453371,0.0,0.0,0.0,0.8456833901960337,0.8483675636124569,0.0,0.8584337605424626,0.8666760001292436,0.0,0.0,0.0,0.0,0.0,0.8667103591038927,0.8800944726587369,0.0,0.0,0.0,0.8559040958343455,0.0,0.0,0.8771541589282341,0.8780898065691894,0.8725024051037775,0.8670940341185934,0.8891527675969324,0.8880501356284412,0.8501400395104468,0.8741958686161376,0.0,0.8728493056347942,0.8642497412648646,0.0,0.8726481790994131,0.8686342059957455,0.0,0.0,0.8977689701656075,0.873680520717117,0.0,0.8719770443862164,0.8626685830626011,0.0,0.0,0.0,0.0,0.8938897301921014,0.0,0.0,0.0,0.0,0.8994220147298106,0.0,0.0,0.0,0.8727900066559471,0.0,0.8664415596715538,0.8707105196561621,0.0,0.0,0.0,0.0,0.0,0.0,0.0,0.0,0.0,0.0,0.8738356023443266,0.8781492518647637,0.0,0.8802765795580237,0.0,0.8742107501834462,0.0,0.0,0.0,0.0,0.0,0.0,0.0,0.8926368421463879,0.0,0.0,0.0,0.0,0.0,0.8913419586821619,0.8640852472621696,0.0,0.0,0.883228077487835,0.857766634934822,0.9015528054469923,0.0,0.0,0.0,0.8619487069340493,0.0,0.0,0.8693169404797688,0.0,0.8604587112141519,0.0,0.0,0.0,0.0,0.841748963822117,0.8777714188489102,0.8700361963434249,0.0,0.8674096493350497,0.0,0.0,0.875587793503659,0.0,0.8711050131058425,0.0,0.0,0.0,0.0,0.0,0.87949738590321,0.0,0.8991746934689048,0.8499043209682365,0.0,0.0,0.8653944335463697,0.8783428869112249,0.8680301838646507,0.8636002679288258,0.0,0.0,0.8580594122511931,0.8551550572235306,0.0,0.0,0.8756372298605555,0.870893709617494,0.0,0.0,0.0,0.0,0.0,0.0,0.0,0.0,0.869337640662543,0.8536222527811285,0.0,0.0,0.0,0.0,0.0,0.0,0.8596002744256714,0.8667634354987728,0.0,0.0,0.0,0.8752765509072654,0.8636479072412706,0.0,0.8652058926619801,0.0,0.8688025487769927,0.8656882178788798,0.0,0.0,0.8642312548961282,0.0,0.0,0.0,0.8845884724528192,0.0,0.8643287002319452,0.0,0.0,0.0,0.8717646028191836,0.0,0.0,0.0,0.0,0.8565989404686655,0.0,0.0,0.0,0.0,0.8970808632168539,0.0,0.0,0.8933429973521179,0.0,0.0,0.8733746191090865,0.0,0.8485305347846632,0.0,0.8422070408050877,0.0,0.0,0.8699778191531545,0.0,0.0,0.8621390446836773,0.8711460236727967,0.8925126909683653,0.8523843468443211,0.0,0.8470668628301227,0.8857805978973972,0.840572725454479,0.0,0.8811644268649554,0.8499007253627512,0.0,0.880964240434054,0.0,0.9000562026951507,0.0,0.8409346332451719,0.8555181459115865,0.0,0.0,0.8579662073957464,0.8673742884628889,0.0,0.0,0.8623217780942165,0.0,0.8750415854581352,0.0,0.0,0.0,0.8801833193578342,0.0,0.0,0.8924786252679692,0.0,0.0,0.0,0.869207593713512,0.8918643402132892,0.866436500085744,0.0,0.0,0.0,0.0,0.0,0.0,0.0,0.0,0.0,0.8708054006489164,0.0,0.8432267346308613,0.0,0.8861343681907993,0.8741652486893282,0.852785936880488,0.0,0.0,0.0,0.0,0.8494033981444711,0.8575852799365189,0.0,0.8711205269506085,0.8586542618661784,0.0,0.0,0.0,0.0,0.0,0.8966142523049407,0.0,0.861141187319012,0.0,0.0,0.0,0.0,0.0,0.8878648041626964,0.0,0.8685745323955059,0.0,0.883294874419101,0.0,0.0,0.8567429428268212,0.0,0.0,0.0,0.0,0.0,0.0,0.0,0.8909686069876172,0.8692630978467095,0.0,0.0,0.8772851827459424,0.8543983195899739,0.0,0.0,0.8747805688939343,0.8765782257370445,0.0,0.0,0.8781472408846098,0.0,0.0,0.0,0.0,0.8735476904279773,0.0,0.0,0.0,0.0,0.0,0.0,0.0,0.8588172912175044,0.0,0.871203334628414,0.0,0.0,0.8541212156098352,0.8712536874511855,0.0,0.0,0.8558916937737967,0.8690374537716424,0.8674595281439234,0.0,0.8949620597350083,0.8508477345887907,0.0,0.0,0.0,0.8559773977354959,0.8836643845983333,0.0,0.0,0.8385634317186519,0.8772490408097352,0.0,0.0,0.0,0.0,0.0,0.0,0.8655721637388721,0.0,0.8838131532447182,0.872872932126061,0.0,0.0,0.8770495774353105,0.0,0.8733762806278191,0.877864359059112,0.0,0.0,0.8791371935770729,0.8770562406690082,0.0,0.864991618707992,0.0,0.0,0.0,0.8533721356394296,0.8615875098827717,0.0,0.0,0.8658881245434541,0.0,0.8722611019382414,0.0,0.0,0.0,0.0,0.0,0.0,0.0,0.0,0.0,0.858911872343,0.0,0.0,0.0,0.0,0.0,0.0,0.0,0.0,0.0,0.0,0.8612897797825974,0.9010668759387368,0.0,0.8832077685897439,0.8835860090568545,0.0,0.8811231850413612,0.0,0.0,0.0,0.892529871312437,0.0,0.879042507366355,0.0,0.8751549347907297,0.0,0.9074622677963063,0.0,0.8648311764093328,0.8797914945141342,0.8765185368222432,0.0,0.8546175961804808,0.0,0.0,0.8890949161257607,0.8874491100488443,0.0,0.0,0.8415849661423778,0.8757094509852692,0.0,0.8760382293280602,0.8499618483365646,0.8461668630464555,0.0,0.0,0.0,0.8867171080752715,0.0,0.8600328572088626,0.8739184939023439,0.0,0.8708510885365627,0.0,0.0,0.8822678285980305,0.0,0.0,0.8893425817314183,0.8833531339799464,0.0,0.867800343138564,0.0,0.0,0.0,0.0,0.8705040361975591,0.8526277532135289,0.8674029558333353,0.8681283731919166,0.0,0.0,0.0,0.9014300984532312,0.0,0.0,0.0,0.0,0.0,0.8795356842593038,0.0,0.0,0.8638608962924399,0.8689384946450205,0.8873019195426103,0.0,0.8950526349835118,0.0,0.0,0.0,0.8782864539560967,0.0,0.0,0.0,0.0,0.0,0.8697102737614539,0.0,0.0,0.0,0.0,0.0,0.0,0.0,0.0,0.8715507321884962,0.858824837938841,0.867297440031764,0.0,0.0,0.0,0.0,0.0,0.8646947366484772,0.8786716629125524,0.0,0.8775777113576108,0.0,0.8573780937002635,0.0,0.8528163086692476,0.0,0.874639607971179,0.0,0.0,0.8679214723052502,0.8740349863663647,0.0,0.0,0.8295370263977822,0.0,0.0,0.0,0.0,0.0,0.8789989720701875,0.8648212013318218,0.0,0.0,0.0,0.0,0.0,0.0,0.0,0.0,0.8708839300959941,0.0,0.0,0.0,0.8758619730433752,0.0,0.0,0.8711874211658466,0.0,0.0,0.0,0.0,0.0,0.0,0.0,0.0,0.0,0.0,0.8562437118895866,0.0,0.0,0.8724496132987465,0.8899344754079038,0.8864793647991284,0.8664300368505496,0.0,0.0,0.0,0.8791048742893242,0.0,0.0,0.0,0.0,0.0,0.8799733287077074,0.8556669294056919,0.8593395116681447,0.8905129252838876,0.0,0.864493783008697,0.0,0.8736832833595832,0.0,0.0,0.8848542888812222,0.8740615776780408,0.0,0.872059261608112,0.0,0.0,0.8845005003016948,0.0,0.8504499148229034,0.8655996552056435,0.0,0.0,0.0,0.8619012502776283,0.0,0.0,0.0,0.0,0.0,0.0,0.8429618812505855,0.8588852165385836,0.0,0.8586728963838445,0.0,0.0,0.0,0.0,0.0,0.0,0.0,0.8811224079336162,0.0,0.0,0.0,0.866878869717765,0.8467633871702713,0.0,0.8516975825012423,0.0,0.8881454734519783,0.0,0.0,0.85918084151955,0.0,0.0,0.8790685992405938,0.0,0.0,0.0,0.8920019051517011,0.0,0.0,0.0,0.868379089395522,0.0,0.0,0.8716974787462283,0.8854687333493658,0.8863890181575061,0.0,0.0,0.0,0.8905583632617555,0.0,0.8751872407410332,0.8641445693103865,0.0,0.0,0.0,0.0,0.0,0.0,0.0,0.8894460592021578,0.8746951610790871,0.0,0.8804428739980267,0.0
0.0,0.0,0.0,0.0,0.0,0.0,0.0,0.6021065104592078,0.6047784000082072,0.0,0.6386607152122451,0.0,0.5917734757840174,0.6578278788650368,0.5970398243163262,0.608217722024881,0.0,0.5830432265214262,0.0,0.0,0.5870320869176047,0.0,0.6399764347591141,0.0,0.5846337222334682,0.0,0.0,0.0,0.6112648771348181,0.6183060291678739,0.5758902375506274,0.0,0.0,0.6359227375028087,0.0,0.6250220478452416,0.6129599890021508,0.6054860153616761,0.0,0.6060414190111701,0.6104855229355012,0.6326474496822854,0.6135310486491061,0.0,0.0,0.6329138422133411,0.0,0.6216060329508161,0.622722439427081,0.5981980469786333,0.5808862041081991,0.0,0.0,0.6047787815962203,0.5655416110053334,0.5943634135158092,0.0,0.0,0.0,0.0,0.5730821101476924,0.0,0.5979915658462154,0.0,0.0,0.0,0.0,0.6237105657043505,0.0,0.0,0.0,0.6348650690274656,0.0,0.0,0.0,0.0,0.0,0.0,0.0,0.6322774328046663,0.0,0.0,0.0,0.5870178390926827,0.596388479438513,0.0,0.0,0.6037792367999485,0.0,0.0,0.0,0.0,0.0,0.0,0.6090748480401942,0.0,0.0,0.0,0.0,0.0,0.6603070638123231,0.6106370935542305,0.5889320586230208,0.0,0.0,0.0,0.0,0.0,0.0,0.0,0.639161168080342,0.0,0.6170498284052821,0.0,0.601973598612917,0.0,0.590390604199041,0.0,0.0,0.5427690732070573,0.5823592013873043,0.0,0.0,0.6307165591312434,0.0,0.0,0.0,0.6251294720792445,0.6413377241675373,0.0,0.5844168405720959,0.0,0.0,0.0,0.6398796023972164,0.0,0.0,0.6142222312810306,0.0,0.0,0.0,0.6193560307001508,0.0,0.0,0.6175481626934407,0.581610166267658,0.6288634717697194,0.5789292094488967,0.0,0.0,0.0,0.6276480663031855,0.6203010668689799,0.6127599442666137,0.5937557456286295,0.6289081885277892,0.6453095446373902,0.0,0.0,0.0,0.0,0.0,0.0,0.0,0.0,0.6293826253368515,0.5750620028291443,0.0,0.6253831630073319,0.6267297848548834,0.0,0.0,0.0,0.6171780168619906,0.5787504825369548,0.5935535539557121,0.0,0.6373379575218084,0.0,0.0,0.0,0.0,0.0,0.0,0.6524466347816513,0.0,0.6182048808771037,0.0,0.0,0.0,0.5981357670419001,0.0,0.6085042678730499,0.0,0.5852696727467093,0.5708839942190146,0.6289920895128526,0.0,0.0,0.6064537429242228,0.6231676783966785,0.5849004087477533,0.0,0.0,0.0,0.0,0.5870331446362057,0.0,0.6214621905318746,0.0,0.590256500469683,0.0,0.6408290830859718,0.0,0.6120574346018676,0.6216887201607393,0.6037500614734869,0.0,0.0,0.0,0.0,0.0,0.0,0.0,0.0,0.6052488221064608,0.6499802100878413,0.5694793462478213,0.5985914510432219,0.6404064941129377,0.0,0.6399636605702231,0.0,0.0,0.0,0.6171632807392659,0.0,0.0,0.6165582342174206,0.6213774701551997,0.6158222363360035,0.0,0.5741267664669737,0.0,0.0,0.0,0.6120194419037956,0.0,0.0,0.0,0.0,0.0,0.0,0.0,0.0,0.0,0.0,0.0,0.0,0.6311814537778647,0.0,0.0,0.6306499178523232,0.6255285269578464,0.0,0.0,0.0,0.0,0.0,0.0,0.6387484889955615,0.0,0.0,0.5963616632846988,0.0,0.6011793606813186,0.5988436802631691,0.0,0.5945222224726759,0.0,0.0,0.0,0.0,0.0,0.0,0.0,0.0,0.0,0.6057928715248804,0.617415444409739,0.0,0.0,0.0,0.0,0.6112476859014243,0.575321489727305,0.0,0.5771012954526494,0.6755611104627502,0.0,0.596067662306966,0.5643921169523788,0.0,0.0,0.0,0.0,0.6207420245571059,0.6297701354011356,0.0,0.6078216597011499,0.0,0.588532921868977,0.0,0.6175507880865326,0.6452983538928467,0.6245628048534014,0.6404270154018641,0.5914872675884706,0.0,0.6236026354211315,0.6201190883365241,0.0,0.5948545415809031,0.0,0.0,0.0,0.0,0.0,0.6159810473870071,0.617248275947108,0.0,0.5940734567457289,0.6296046574203766,0.616247609598799,0.6075185365460615,0.0,0.0,0.0,0.6059349131739016,0.0,0.0,0.0,0.0,0.0,0.61695775063229,0.0,0.0,0.6068912222054476,0.5922397813276266,0.0,0.6157312092306947,0.6141375936704262,0.0,0.5967724874186888,0.6016767842981575,0.0,0.0,0.6058700216115597,0.62630301612169,0.6140899286395848,0.0,0.0,0.0,0.6204161510399417,0.591475140155073,0.0,0.0,0.6070212101697527,0.6243941966140031,0.622731790954789,0.0,0.5801628718464221,0.0,0.0,0.0,0.0,0.0,0.0,0.0,0.0,0.0,0.0,0.617855360524288,0.0,0.0,0.0,0.0,0.0,0.0,0.5859342686937558,0.0,0.0,0.0,0.0,0.6190884356297314,0.0,0.0,0.0,0.6080037015672185,0.6145419361726203,0.0,0.0,0.6330391982074559,0.6136421116541645,0.0,0.0,0.6162499246757717,0.6172082738278213,0.0,0.0,0.624064679950988,0.0,0.0,0.0,0.0,0.0,0.6397675796240606,0.0,0.0,0.5791765560011136,0.5873160976842053,0.0,0.0,0.616034548530512,0.5831101232810056,0.5915364506404589,0.0,0.0,0.0,0.0,0.0,0.0,0.0,0.0,0.0,0.0,0.0,0.6282100737130023,0.0,0.0,0.5727601641421747,0.0,0.0,0.6353352128183487,0.0,0.0,0.0,0.0,0.6593133679499069,0.5739740084924048,0.0,0.0,0.6445334131007616,0.0,0.0,0.0,0.0,0.0,0.0,0.0,0.0,0.0,0.0,0.6212297989306549,0.6311618569896446,0.0,0.6059541843434898,0.0,0.0,0.6144929716094921,0.6082522612630802,0.0,0.0,0.0,0.0,0.6235158613690929,0.6001909121949777,0.5768342357753418,0.0,0.6141719881916295,0.0,0.0,0.0,0.0,0.0,0.0,0.0,0.6138368497819208,0.0,0.0,0.6136476821270653,0.5895068336308132,0.6253401392116577,0.6180089427442296,0.0,0.0,0.0,0.6236627792940269,0.0,0.0,0.584433135851924,0.0,0.6235900888923744,0.602546712977604,0.0,0.0,0.0,0.6043060287294003,0.631665982123845,0.5937991757345772,0.6185725580502819,0.0,0.6424105605145759,0.0,0.0,0.0,0.0,0.0,0.0,0.5820453375921736,0.0,0.5943868621584656,0.6194546409566947,0.0,0.0,0.0,0.6170413767643294,0.0,0.0,0.0,0.0,0.0,0.6266990450441304,0.0,0.0,0.6416545348991296,0.0,0.0,0.0,0.630253716483078,0.0,0.6148320082808584,0.0,0.0,0.6118954218714695,0.0,0.0,0.0,0.0,0.0,0.5825191212871178,0.0,0.6317176332013886,0.0,0.6088739108206569,0.0,0.0,0.623741758727366,0.0,0.0,0.5878806468152458,0.0,0.0,0.6552232372031577,0.5913815213498779,0.0,0.0,0.5991122761783103,0.6447420286912265,0.0,0.0,0.6199521551076007,0.0,0.0,0.0,0.5585395885861357,0.0,0.0,0.5934227582577021,0.0,0.0,0.0,0.0,0.6220008389261368,0.0,0.0,0.598540035249144,0.0,0.6047914706924609,0.0,0.0,0.6106622513134756,0.0,0.0,0.0,0.0,0.5850975762374809,0.5959779954035292,0.6343176748009142,0.0,0.0,0.6065940517097166,0.6097646227014349,0.0,0.0,0.0,0.0,0.6064573582931488,0.6573759643603406,0.0,0.6326744597635285,0.5853441629566678,0.5871413247885797,0.5848855438081041,0.0,0.6185144758328305,0.6394155046075434,0.0,0.0,0.0,0.0,0.0,0.0,0.5968917918206907,0.6233353503269283,0.6439288304633344,0.0,0.6564255037444905,0.5753002889508088,0.0,0.636620643581566,0.6294052414302249,0.6272284811757391,0.0,0.0,0.5901842678880804,0.5816051110386407,0.0,0.0,0.0,0.0,0.0,0.0,0.6201893798634901,0.0,0.0,0.0,0.0,0.6083170348067687,0.0,0.6164791473844263,0.0,0.648125741261203,0.6138478397996066,0.0,0.0,0.0,0.0,0.0,0.0,0.0,0.0,0.0,0.0,0.0,0.0,0.0,0.5858279243166047,0.0,0.6069105366639885,0.0,0.0,0.0,0.0,0.6561945566288017,0.0,0.6179878013206856,0.0,0.0,0.0,0.6216668194705706,0.0,0.58809234796826,0.0,0.0,0.0,0.0,0.6059043092970037,0.621517490350378,0.0,0.5901955175583149,0.0,0.0,0.0,0.0,0.6169148865630931,0.0,0.0,0.0,0.0,0.0,0.5973166394000587,0.0,0.0,0.0,0.0,0.0,0.0,0.0,0.0,0.5760959165879935,0.0,0.0,0.0,0.6393789103123283,0.6093203547567465,0.0,0.0,0.6132994390680239,0.0,0.6273998960959268,0.0,0.618801384539478,0.6118433453636563,0.0,0.0,0.0,0.5755870813302704,0.0,0.6284427611787538,0.6125813449384789,0.0,0.0,0.0,0.0,0.598393812854347,0.0,0.0,0.0,0.605728024272559,0.0,0.6644518583051481,0.0,0.6186010576273188,0.0,0.0,0.5937391389266526,0.0,0.0,0.5520658220100243,0.602039209029104,0.0,0.0,0.6291987662005285,0.5933676001285008,0.0,0.0,0.0,0.5684493709198901,0.0,0.0,0.0,0.6104143325938597,0.607940924871803,0.0,0.6223583003824064,0.0,0.0,0.0,0.0,0.5991205153424071,0.6221272486572615,0.0,0.6151025343547962,0.6248682820247032,0.6524047592829119,0.0,0.6040595795901166,0.5817893656702792,0.0,0.5750098897352884,0.5994805731125443,0.0,0.0,0.6014686007183557,0.0,0.5975037627957124,0.0,0.0,0.0,0.0,0.0,0.0,0.0,0.0,0.5986081414832292,0.6181604741276346,0.0,0.6433067087665811,0.0,0.0,0.0,0.0,0.6039802594054803,0.0,0.0,0.0,0.0,0.0,0.614210476107907,0.0,0.0,0.6007632159890317,0.0,0.6033180894532666,0.0,0.6192482965731998,0.6344950253647823,0.0,0.0,0.0,0.0,0.0,0.5558412462934829,0.0,0.6071491317597663,0.0,0.0,0.0,0.5712417367797696,0.0,0.0,0.0,0.5713055968613986,0.6285606753204511,0.5839382510394588,0.0,0.0,0.5814636759630284,0.0,0.0,0.0,0.6094026505930003,0.0,0.0,0.0,0.0,0.0,0.6106798872417962,0.0,0.5925309127438796,0.5864894073610695,0.0,0.0,0.634909577765952,0.0,0.5851553169660583,0.0,0.6412987666512721,0.0,0.6188221080495709,0.6070163300573476,0.6334083265567598,0.0,0.0,0.0,0.0,0.0,0.6364636001872144,0.6300739193200533,0.5832798324249977,0.6149460950883084,0.5969172209171406,0.0,0.0,0.0,0.5996891249123708,0.6224381299924451,0.0,0.0,0.0,0.6092534068820793,0.5800135206483591,0.615871116502157,0.0,0.5894548327266577,0.0,0.0,0.0,0.5821999266818009,0.5880076091347568,0.0,0.5705520035793328,0.6144618732923494,0.6035214351636455,0.6133755855070452,0.0,0.5810086565934003,0.0,0.0,0.0,0.6364267832514305,0.0,0.0,0.0,0.6550267354118705,0.0,0.0,0.0,0.0,0.0,0.0,0.6156468204011832,0.6272387214268855,0.0,0.0,0.0,0.6003908635971499,0.0,0.6094443101763037,0.5928668507541314,0.5967922905272385,0.0,0.0,0.0,0.6306023025495539,0.0,0.599258974007062,0.0,0.6275977952860601,0.628602423756327,0.58446808419463,0.6302157577584522,0.0,0.6171667563062518,0.0,0.6389431816177928,0.6275014174936803,0.6540150940341107,0.0,0.5821514984567188,0.5946733547713594,0.6365224281201352,0.0,0.6559498611205736,0.0,0.6035114401609883,0.0,0.0,0.0,0.5830185962527813,0.0,0.0,0.0,0.0,0.0,0.6350449011608134,0.604079296447672,0.0,0.6260651064775054,0.0,0.629250532958515,0.0,0.0,0.6093165584889788,0.0,0.0,0.5955621858075744,0.0,0.0,0.0,0.0,0.0,0.0,0.6081355560148803,0.6283750414367196,0.0,0.0,0.0,0.0,0.0,0.589173298785873,0.0,0.0,0.0,0.0,0.0,0.6181264966889267,0.0,0.6375351007861559,0.58761593135719,0.0,0.6255307225666435,0.5837581191864074,0.0,0.6167261435989585,0.0,0.0,0.0,0.0
0.0,1.0287218017342874,1.0055872685353906,1.003709638809856,0.0,0.0,0.0,1.002563159342418,0.0,0.9769144087446459,0.0,0.0,0.0,0.0,0.9682184295830145,0.0,0.0,0.9855758966682284,0.0,0.9809014360609467,0.0,0.0,0.0,0.0,0.0,0.0,0.0,0.0,0.9679681025757547,0.0,0.0,0.0,0.986864778443773,0.0,0.0,0.0,0.0,0.0,0.0,0.0,0.0,0.0,0.0,0.0,0.0,0.949501330375592,0.9357054688563361,0.9824215811082408,0.9978498039887314,0.982669120218151,0.96730677084058,0.9307221303015043,0.0,0.9534996908003038,1.0140880502192993,0.0,0.9756646482579733,0.0,0.0,0.9813915641324608,0.0,0.9572557149728127,1.0192586007849207,0.9639075526075871,0.0,0.0,0.9741027480226467,0.0,0.0,0.986756449904844,0.0,0.0,0.0,0.0,0.0,1.0145387573735987,0.0,0.0,0.0,0.9564945281865693,0.0,1.021168616537,0.0,0.0,0.0,0.0,0.9705188445923224,0.0,1.0071442191180002,0.0,0.0,0.0,0.0,0.0,0.9678870601401978,0.0,0.0,0.0,0.9993000101464117,0.9756112284745769,0.0,0.0,1.0118374904114567,0.0,0.0,0.0,0.0,0.0,1.0196738827059662,0.0,0.0,0.0,0.9861420885646637,0.0,0.0,0.0,0.9619705578924755,0.0,0.0,0.0,1.0103447338873466,0.0,1.0070325781147749,0.0,0.9974591194683233,0.0,0.9777757291095437,1.0033695286533535,0.9587066159056556,0.0,1.0172230914055784,0.9854901607063155,0.0,0.9960766151229083,0.9593787410611473,0.0,0.974924018882943,0.0,0.0,0.0,0.0,1.0124124160261945,0.9867122426656074,0.0,0.9661551419544182,1.0110898475889851,0.0,1.0091924270841672,0.9733207985408843,0.9770242460593126,0.0,0.0,0.0,1.0005756865894975,0.0,0.0,0.0,0.0,0.995212155911848,0.0,0.0,0.0,0.0,0.0,0.0,0.0,0.9920929459921325,0.0,0.9872725413693103,0.9945415866629125,0.0,0.0,0.0,0.0,1.0412874160904204,0.97626111123202,0.0,0.0,0.9985245346341675,0.9774594687619519,1.032011987359462,0.0,0.0,0.0,0.0,0.0,1.0120603325043338,0.0,0.9679991735152202,0.946084830371108,0.0,0.0,0.0,0.9637848236532816,0.0,0.0,0.0,0.0,0.0,0.0,0.989281349092764,0.0,0.0,0.0,0.0,0.0,0.9927191060389359,0.0,0.0,0.0,0.0,0.0,0.9977922431194393,0.0,1.001599712445634,0.0,0.0,0.9743087158029868,0.9580868175854803,0.0,0.9777113109152343,0.0,1.0089669144686788,0.9791051111641061,0.9620627438484471,0.0,0.0,0.9693832072500469,1.0250866553121933,0.0,0.0,0.9630237554953018,0.0,0.0,0.0,0.0,0.0,0.0,0.0,0.0,0.9973767533983765,0.9816856052329298,0.0,0.0,0.9710800467826082,0.0,0.9803274059975136,0.9857927021445488,0.0,0.0,0.0,0.9929155466019836,0.9849814728370522,0.0,0.9834926677066759,0.9593658346681149,1.0160057870418036,0.0,0.9943134966601319,0.9841257518239585,1.0077974098050773,0.0,0.0,0.0,0.0,0.0,0.9854374466943997,0.0,0.0,0.0,0.9659005747202535,0.0,0.9877843296470546,0.0,0.0,0.0,0.0,0.0,0.9711123222994711,0.0,0.0,0.0,0.0,0.0,0.9828420357512458,0.0,0.0,0.980534601987443,0.0,0.977682668208589,0.9943727431459126,1.0102666837621148,0.0,0.0,0.9669077206079291,1.0222733226661518,0.0,1.0189809226642614,0.0,0.0,0.0,1.0000656026993782,0.0,0.0,0.951478708832163,0.9681745488951736,0.0,0.9870359549715699,0.0,0.9691020745118537,0.0,0.9943657215317365,0.0,0.0,0.0,0.0,0.0,0.9928431588506995,0.9833075466093493,0.0,0.0,0.0,0.9692811539047099,0.0,0.0,0.0,0.0,0.0,0.0,0.0,1.007955828007244,0.0,0.9675184501825431,0.0,0.0,0.0,0.0,0.0,0.0,0.0,0.0,0.0,0.0,1.0183080394713424,1.0045307005109898,0.0,0.9828139702466099,0.9994578336640666,0.0,0.9819283986162864,0.0,0.0,0.0,0.9829961227077845,0.0,0.0,0.0,0.9711494293630488,0.0,0.9767837556556751,0.0,0.0,0.0,0.0,0.0,0.9939536216495025,0.0,0.9838637544966167,0.0,0.0,0.9851271850466048,0.9911348997256492,0.958809985436618,0.0,0.9992094310188849,0.0,0.9650114951215725,0.0,0.0,0.0,0.9658980909406607,0.0,1.005562197348386,0.0,0.0,0.0,0.0,0.0,0.9851169390258779,0.0,0.0,0.9760419384736869,0.9664074806445894,0.0,0.9633813037147808,0.0,0.0,0.0,0.0,1.0057331852502691,0.9832260896443942,0.0,0.0,0.0,0.0,0.9757371311096078,0.0,0.0,0.0,0.9726608329958729,0.0,0.0,0.0,0.0,1.0189354729058364,1.0092743591375346,0.0,0.0,0.0,1.0178591051510637,0.9998978530392552,0.0,0.0,0.0,0.9755696627123938,1.0115106208413538,0.0,0.9845064059931957,0.0,0.0,0.9507284169508147,0.0,0.0,0.9918038916122104,0.0,0.0,0.0,0.0,0.9876378880552029,0.0,1.0042314966239918,0.98635886439998,0.0,1.0040918397727168,1.009997791767838,0.0,0.0,0.0,0.0,0.9798472373435556,0.0,0.0,0.0,0.0,0.9689408597479167,0.0,0.974326449937364,1.0364525006480962,0.0,0.0,0.0,0.9838153058123817,0.0,0.0,0.0,0.0,0.9864227052170763,0.0,0.0,0.9940870007905376,0.0,0.0,1.0058074739622365,0.0,0.0,0.9958670095983806,0.0,1.0233242194059173,0.0,0.0,0.0,0.0,0.0,0.0,0.9909149892110481,0.0,0.0,0.9508583142718875,0.9995775109186583,0.990675324155159,1.0118115995159567,0.9610663192795639,0.9776525684692235,0.0,0.0,0.0,0.9922147774335649,1.0102689517688799,0.9904269987808549,1.008993016819098,0.0,0.9727758213796058,0.0,0.9703728722396195,0.0,1.0006836162114758,1.0201601455178588,0.9938277571277598,0.9683189991947918,0.9958379848695161,0.9908153195563598,0.9952619091856268,0.9827599861635367,1.0008203964733309,0.0,0.0,0.0,0.0,0.9826088679211326,0.965572865056426,0.0,1.020974521580167,0.0,0.0,0.0,0.0,0.0,0.0,0.0,0.0,0.9496229587744085,0.0,0.0,0.0,0.0,0.0,0.0,0.0,0.9793338342297669,0.0,0.0,0.9890495318304094,0.0,0.0,0.0,0.0,0.0,0.9996215021780928,0.0,0.0,0.9655276899790232,0.0,0.9741039178257974,0.0,0.991168723383489,0.0,0.0,0.9786874802595747,0.0,0.9510426719417767,0.0,0.0,0.964574661071916,0.9870463991698832,0.0,0.0,1.0001373322555587,0.9852307642520525,1.008699109129152,0.0,0.0,0.0,1.0206279647287089,1.0167931027395753,0.9637599883565378,1.013260624951721,0.0,1.0121329533750045,1.0009009658047774,0.0,0.0,0.0,0.9884882092876696,0.9864844528102314,0.0,0.0,0.9720560874887396,0.0,0.9626288712870656,0.9446885119963503,0.0,0.0,0.9791734050202846,0.9603963982322131,0.0,0.0,0.0,0.9954279289011977,0.9753138599743406,0.0,0.0,0.9856649941974233,0.959538756396672,0.9389911198688572,0.0,0.0,0.0,0.9842866182732006,0.0,0.0,0.0,1.0022716139700727,0.0,1.017747836880096,0.0,0.9856061871120628,0.0,0.0,0.0,0.0,0.0,0.0,0.0,0.9871578707541031,0.0,0.0,0.9756073349929025,0.0,0.0,0.0,0.9535385668534188,0.9842849029026317,0.0,1.0057533423230596,0.0,0.0,1.0106030572118312,0.9706661597289156,1.0181165500874212,0.0,0.0,0.0,0.9772619137250016,0.0,0.9843172493636068,0.0,0.0,0.0,0.0,0.0,0.0,0.0,0.0,0.0,0.0,0.9553487219751645,1.0138059965928805,0.9798787677986004,0.0,0.0,0.0,0.9886783951123367,0.0,0.0,0.9873751580483675,0.9951789671498333,0.0,0.9768066335298603,0.0,0.0,1.0067736626449169,0.0,1.0025297669544486,0.9905058026768518,0.0,1.0098486194201273,0.9975648999021436,1.0265403361876726,0.0,0.0,0.0,0.0,0.0,0.9900045281104286,0.9767121173496333,0.0,0.9743357482915675,0.9611347744460222,0.9930846341399387,0.9846044477507687,0.0,0.0,0.0,0.0,0.0,0.9856509054525926,0.9760024942547018,0.0,0.0,0.0,0.0,0.0,1.0019578627912087,0.0,0.0,0.0,0.0,0.0,0.9829914366237258,0.0,0.9618736660089717,0.0,0.994931462708675,0.0,0.0,1.0112704687715146,0.0,0.0,0.9952907768950707,0.0,0.0,0.0,0.0,0.0,0.0,0.0,0.0,0.9868066026315382,0.9815503160732161,0.9838666675094372,0.9755933873665037,0.9880299263417143,0.9829472528890781,0.0,0.9603931103227591,0.0,0.0,0.0,0.0,0.0,0.0,0.9824989042882132,0.0,0.0,0.0,0.0,0.9887653859704342,0.0,1.0159095415064352,1.0074183347432282,0.0,0.0,0.9715976287456716,0.0,0.0,0.0,0.0,0.0,1.0126968800882465,1.0030674220419549,0.9755758928819152,0.0,0.0,0.9968885732945517,0.0,1.0232781126991646,0.0,0.0,0.0,0.0,0.9751956148426227,0.0,0.0,0.0,1.0192861501029498,0.9787409640227105,0.0,0.9945002777404387,0.0,0.9981323302299223,0.0,0.0,0.0,0.0,0.0,0.0,1.0140411166266077,0.0,0.9834603288890579,0.0,0.0,0.9644748226008618,0.0,0.9977522916234661,0.0,0.0,0.0,0.9762672240513235,0.9595721643940446,0.9869400994667276,1.005121768248928,0.9985811074908142,0.0,0.0,0.0,0.0,0.9846566981033238,0.0,0.0,0.0,0.0,0.0,0.9960301380319205,0.0,0.9840160556754527,0.0,0.0,0.0,0.0,0.0,0.0,0.0,0.9764369332427123,0.0,0.0,0.9555527989844504,0.0,0.0,0.0,0.9842366600609903,0.0,0.0,0.0,1.0090895294267435,0.0,0.0,0.9932219076320162,0.9904692881072213,0.9851943493588577,0.9675666250963476,1.0000768694015263,0.0,0.0,0.0,0.0,0.0,0.0,0.9746005985714205,0.0,0.0,0.0,0.0,0.9718187988511949,0.0,0.0,0.0,0.0,0.9964559393806169,0.0,0.0,0.0,0.9778941714373505,0.0,0.0,0.9587719884056125,0.0,0.0,0.9873018174524284,0.0,0.0,0.0,0.9829369899624882,0.0,0.9840653066362685,0.0,1.0066166070019902,0.0,0.9756608763754095,1.0053693348096393,0.0,0.0,0.0,0.0,0.9616972284940205,0.9629908824781414,0.9963730133236998,0.0,0.0,0.0,0.0,0.0,0.0,0.0,0.0,1.0012511310708423,0.0,0.9707258777506146,1.0053392362280296,1.010480292757222,0.0,0.0,0.0,0.0,0.0,0.0,0.0,0.0,0.0,0.0,1.0002819336061042,0.0,0.9947439100600636,1.0221241897052114,0.9846598803974066,1.0214384504781253,0.9802874017414125,0.0,0.9957708851544763,0.9695015498208366,0.0,0.9639346826377915,0.9577764478802802,0.0,0.0,0.9607762549506794,0.0,1.0105387373960741,0.0,0.0,0.9598750641108229,0.0,0.0,0.9515974287141719,0.9965947151918328,0.0,0.0,0.0,0.0,0.0,0.9829997352022056,0.0,0.9998860071407626,0.9700065552284771,0.0,0.0,0.9872990978774314,0.0,0.0,0.0,0.9915908750966794,0.9728011796004999,1.0097771226466283,0.0,0.9893407091512448,0.9601278390236275,0.0,0.9567077592267387,0.0,0.0,0.0,0.0,0.0,1.0015681302744857,0.0,0.0,0.0,0.0,0.0,0.0,0.9895787839536127,0.0,1.003674839859496,0.0,0.0,0.0,0.0,0.0,0.0,0.9780156010981818,0.0,0.9797820353186338,1.0273288832374528,0.0,0.0,1.0073473739037888,0.0,0.0,0.0,0.0,0.9545879845290383,0.0,0.990803373585109,0.0,0.0,0.0,0.0,0.0,1.0043066595049266,1.0094789343813744,0.0
0.0,0.0,0.0,0.5440349028168067,0.0,0.0,0.0,0.0,0.0,0.0,0.5830080238839442,0.0,0.0,0.5419509659590546,0.5370675916898343,0.5406009127491735,0.0,0.517338019881222,0.0,0.0,0.0,0.5048810984608131,0.532122714855415,0.0,0.0,0.0,0.0,0.0,0.5253141361126901,0.5258419739232235,0.0,0.0,0.5693391192728333,0.0,0.0,0.5342943378684609,0.0,0.529634491804297,0.0,0.0,0.0,0.0,0.0,0.0,0.5268448348415395,0.0,0.5436757541382652,0.5312085725070846,0.0,0.5300224862665788,0.0,0.4960383564892694,0.0,0.0,0.0,0.0,0.0,0.5207309366106495,0.515805793082312,0.524558654657525,0.5525443263378149,0.5732242379470497,0.0,0.0,0.5131417888774301,0.0,0.5380358982018656,0.0,0.0,0.5088498864995951,0.0,0.0,0.0,0.49218334170809114,0.0,0.0,0.5331852985397656,0.5040709684374355,0.0,0.49900907733708083,0.5409430377041156,0.0,0.5090453059921237,0.0,0.535295460673315,0.0,0.5160730463531518,0.5113902789346305,0.5470861382107164,0.0,0.5254542642201745,0.0,0.5556321590738535,0.0,0.5311414710889558,0.0,0.0,0.0,0.0,0.0,0.0,0.0,0.5109902643518731,0.4975921765262797,0.0,0.0,0.5337616102584247,0.0,0.5402781050169114,0.0,0.0,0.0,0.5420947037983748,0.5202399278507848,0.0,0.0,0.5782648309661012,0.0,0.0,0.5635371408256237,0.0,0.5158325755407855,0.5642592264685969,0.0,0.0,0.5446989907496292,0.0,0.0,0.531142687958876,0.0,0.0,0.5114535858759903,0.518480260072823,0.0,0.0,0.0,0.0,0.0,0.5160130376916946,0.0,0.0,0.0,0.5658762791177022,0.5345153827278503,0.0,0.0,0.0,0.5509348284891005,0.5295536843993439,0.0,0.0,0.0,0.0,0.5433727728104647,0.5314083507384305,0.5386994669667291,0.0,0.515868683546025,0.0,0.5315727604501278,0.515228096110399,0.5226773671615246,0.5076204343343483,0.0,0.0,0.0,0.0,0.0,0.5439381280383808,0.0,0.0,0.0,0.0,0.5349381715309289,0.0,0.0,0.0,0.0,0.0,0.0,0.0,0.0,0.0,0.0,0.0,0.49869021545215797,0.5774219420122341,0.5299620780394679,0.0,0.5444032648676798,0.0,0.0,0.5106091510773922,0.5488183553955726,0.0,0.0,0.0,0.5314229258523945,0.0,0.0,0.4942374960980312,0.0,0.0,0.0,0.0,0.0,0.0,0.0,0.0,0.5466451678299183,0.5392365593952463,0.5204738851822409,0.0,0.0,0.5664384321443968,0.0,0.0,0.0,0.4957782926087686,0.0,0.5181064120300597,0.0,0.0,0.0,0.5424276864441209,0.0,0.5715599781340716,0.0,0.0,0.5326303772559854,0.0,0.5061959765014086,0.0,0.0,0.49338701933023105,0.0,0.5248385810545168,0.5464905855906484,0.0,0.0,0.5474325766654518,0.557937551309086,0.0,0.0,0.0,0.0,0.5488884298052047,0.0,0.0,0.0,0.4966633723104826,0.0,0.5759144777112761,0.0,0.0,0.5174937709940381,0.48431756420629885,0.5447957768629862,0.0,0.5315371551684447,0.5423075536516732,0.0,0.0,0.0,0.0,0.0,0.0,0.0,0.5356166116482537,0.0,0.0,0.0,0.5185851718460165,0.0,0.5327456573699001,0.0,0.0,0.0,0.0,0.0,0.0,0.0,0.0,0.0,0.0,0.5363666901933023,0.5277568696813291,0.5135984766441769,0.0,0.5157999056873711,0.0,0.0,0.0,0.0,0.5322688042705443,0.0,0.0,0.5482953121488393,0.5640095626019435,0.5563342754389938,0.0,0.0,0.5690696130040639,0.0,0.5560863740897434,0.5002743159063754,0.0,0.5382781105495625,0.0,0.5205154430087306,0.0,0.5220531659893499,0.0,0.5196509443214314,0.514424815046947,0.0,0.0,0.0,0.0,0.0,0.49681215242874427,0.0,0.0,0.0,0.5170390533771432,0.0,0.5546743812881182,0.5119456774912754,0.0,0.0,0.5222571624954668,0.0,0.0,0.5287913995006338,0.5601389267412619,0.0,0.0,0.0,0.5348710888255194,0.0,0.0,0.0,0.0,0.0,0.0,0.0,0.0,0.5258725515212416,0.5258160080110679,0.0,0.5361067808072986,0.0,0.0,0.5178516265699026,0.0,0.0,0.0,0.5105973224943563,0.5237190266874967,0.0,0.0,0.5327949960335732,0.0,0.5139738867459944,0.5051857405534358,0.5190733022396814,0.0,0.5236695898170352,0.5045359054160157,0.5543824311043365,0.5758885611607084,0.5475408006287169,0.0,0.5319716586103932,0.0,0.0,0.0,0.0,0.0,0.0,0.0,0.5402096510526746,0.5469915505796086,0.0,0.5147386599793169,0.0,0.0,0.0,0.0,0.506427139568277,0.0,0.5681419733010644,0.0,0.5384815953953653,0.0,0.0,0.0,0.0,0.0,0.0,0.0,0.5367132851932048,0.0,0.0,0.5044790025353793,0.0,0.5155082349992114,0.0,0.5411083713406195,0.5168530063486255,0.0,0.0,0.5518308248290761,0.5390702866435862,0.0,0.0,0.0,0.5715467697981679,0.0,0.0,0.0,0.5016346080951481,0.5449083570329794,0.0,0.0,0.0,0.0,0.0,0.0,0.0,0.5040000986208056,0.0,0.5261256701114512,0.5548680086574457,0.0,0.5599483289151036,0.0,0.5613540489550178,0.5567394504652734,0.49830782919772276,0.0,0.5434769866510621,0.0,0.0,0.5127096023367547,0.0,0.0,0.0,0.532876871584891,0.0,0.0,0.0,0.5762176584538532,0.0,0.0,0.5378822151179571,0.5684917645842731,0.0,0.0,0.0,0.5466384431150436,0.0,0.0,0.0,0.0,0.0,0.0,0.49021386875343037,0.0,0.5110797363071885,0.0,0.5072256295890155,0.0,0.0,0.0,0.0,0.0,0.5392684382012488,0.0,0.5395230531648582,0.0,0.0,0.0,0.0,0.0,0.5190273440479115,0.0,0.5002975109306423,0.5401314653013999,0.0,0.5590882562552255,0.5682129538488432,0.5103049768806432,0.0,0.0,0.0,0.0,0.5508944329449059,0.5339660680654325,0.547667754482346,0.0,0.0,0.5461665932774861,0.5242501260004034,0.0,0.5274467735510786,0.5380523842356978,0.0,0.5459187174446423,0.0,0.0,0.0,0.0,0.5551543308572349,0.0,0.550638892567436,0.0,0.0,0.0,0.0,0.5266230167785442,0.0,0.5603815054869846,0.0,0.0,0.0,0.5397005763007414,0.0,0.0,0.5081396206804972,0.5211049733596843,0.0,0.541532105100486,0.0,0.0,0.0,0.5378316130090449,0.0,0.0,0.0,0.0,0.49167007521018996,0.4982301197074674,0.5145065373842066,0.0,0.0,0.0,0.5403072035345623,0.0,0.5320293004706834,0.547270113306792,0.0,0.5287648999471732,0.0,0.5441612216997604,0.0,0.5486065399841401,0.5026250266821988,0.0,0.5404205171270889,0.5207889595321131,0.0,0.0,0.0,0.0,0.0,0.0,0.0,0.5605944004696596,0.0,0.0,0.4893329188215271,0.0,0.0,0.0,0.0,0.0,0.5124858476879551,0.5475437832418275,0.5112591735515879,0.0,0.5725849252950587,0.0,0.5607199738919887,0.0,0.0,0.5332033177043856,0.0,0.0,0.506317738511883,0.0,0.0,0.0,0.5510855074389751,0.0,0.0,0.4933870929696871,0.0,0.5202773692085475,0.0,0.0,0.0,0.5118078075444671,0.535769662639083,0.0,0.0,0.0,0.0,0.5428134492053382,0.0,0.0,0.0,0.0,0.0,0.0,0.0,0.5503198930092011,0.0,0.0,0.5375948169622634,0.0,0.0,0.48860327938893705,0.0,0.0,0.0,0.5148403836562659,0.5231439491987919,0.5276990692390345,0.0,0.5590018152345797,0.0,0.519736714954039,0.0,0.5564210603918858,0.5508003284271299,0.5672314488204453,0.5871497693614063,0.0,0.0,0.0,0.0,0.0,0.0,0.0,0.5155895764559554,0.0,0.0,0.0,0.0,0.5737783300554726,0.5180589397195385,0.0,0.0,0.0,0.5482660725071772,0.0,0.5069695809615102,0.0,0.0,0.0,0.0,0.5224874430328046,0.0,0.5518229969133434,0.5740524222511035,0.0,0.5067797732389514,0.5676852866252726,0.0,0.0,0.5583302225945603,0.0,0.0,0.0,0.0,0.5441173770032957,0.0,0.0,0.5452313860112183,0.5359144439867818,0.0,0.0,0.0,0.5682260407996909,0.0,0.0,0.0,0.5436259832096737,0.0,0.0,0.0,0.0,0.0,0.0,0.5606266596424276,0.0,0.0,0.0,0.5363161123574459,0.0,0.0,0.5087788428013981,0.0,0.0,0.0,0.0,0.0,0.0,0.0,0.5329862742583158,0.0,0.0,0.5060355027899605,0.0,0.0,0.0,0.5340496901553379,0.5095244472618518,0.0,0.547957596190077,0.5333886993840887,0.5443798030181757,0.5536766143278524,0.0,0.0,0.0,0.4988839414355795,0.0,0.0,0.0,0.5223625748201574,0.0,0.0,0.5111421054651164,0.0,0.5420619618468272,0.0,0.523291776391056,0.0,0.0,0.5335070823914934,0.5474149210437831,0.5570570523979447,0.0,0.0,0.0,0.5691518988931387,0.0,0.5469143254248414,0.5418115263803229,0.0,0.5234358515552315,0.5770803870826003,0.0,0.0,0.5090153679458124,0.0,0.0,0.5224656551218416,0.5443927733680363,0.0,0.0,0.5516353328335001,0.0,0.550997147596831,0.5329301024693286,0.0,0.0,0.5603473252549097,0.0,0.0,0.5657708387903618,0.5256552050228366,0.0,0.0,0.0,0.5506119187884584,0.556435347209306,0.0,0.5218662087430358,0.5432112466658285,0.0,0.5170373497982216,0.47852567034362364,0.0,0.0,0.0,0.51467302801438,0.0,0.5453121121608387,0.0,0.0,0.5780440287246302,0.5271459813392171,0.5572893203210904,0.0,0.0,0.0,0.0,0.0,0.0,0.5619535386144875,0.5099131910701985,0.0,0.0,0.0,0.0,0.0,0.0,0.0,0.0,0.5723516080416001,0.0,0.0,0.0,0.5222542503100661,0.0,0.5338541332496708,0.0,0.0,0.0,0.0,0.0,0.0,0.5238910216434906,0.0,0.5495368360760455,0.5323945050469777,0.5503078092824699,0.0,0.0,0.0,0.5591278863332624,0.5481773420684393,0.0,0.0,0.5304886987337133,0.5546006688567031,0.5282229995213995,0.0,0.0,0.5032923602037359,0.0,0.0,0.0,0.0,0.0,0.5273825460382058,0.0,0.5000371177102001,0.0,0.5226179255194859,0.0,0.5146543601024994,0.0,0.5407964404791487,0.0,0.0,0.0,0.0,0.5053919333289214,0.0,0.0,0.5170466774032525,0.0,0.0,0.5140563293645115,0.0,0.0,0.0,0.5663487753851025,0.0,0.0,0.0,0.5117976978273296,0.5366944886287864,0.5182363753114808,0.0,0.0,0.5640142062623822,0.4950505190669615,0.0,0.5804674765065869,0.0,0.5245929934696801,0.0,0.0,0.0,0.0,0.5106162096636115,0.0,0.0,0.0,0.0,0.5556639285467758,0.5093652100010274,0.479681458852267,0.5298990845905945,0.541233080104707,0.5097530211181169,0.5348049997989889,0.5326247878159421,0.0,0.5755972193908897,0.0,0.0,0.0,0.0,0.0,0.0,0.0,0.0,0.0,0.5081064638640863,0.5377684470368783,0.0,0.5332215782504591,0.5646273848933423,0.0,0.5555780355520858,0.5628681002530749,0.5214599072161412,0.0,0.5110627149092949,0.0,0.5137626470836533,0.0,0.0,0.0,0.0,0.5083750888905754,0.0,0.0,0.5555941656354108,0.0,0.0,0.0,0.5423850606195868,0.0,0.0,0.5199359347892069,0.0,0.0,0.5119916000970359,0.5462574458723131,0.0,0.0,0.0,0.0,0.0,0.0,0.0,0.5296649057700349,0.0,0.0,0.562294259568163,0.0,0.0,0.545532980246927,0.0,0.5131522522455592,0.5365500837499653,0.0,0.5392986416882126,0.0,0.0,0.0,0.0,0.0,0.0,0.5282684894273857,0.5225780631595512,0.5450062893940318,0.0,0.0,0.0,0.5494967317004358,0.0,0.5437123715434163,0.0,0.0,0.0,0.0,0.521168852727178,0.0,0.5207983169305921,0.5405628151680576,0.0,0.0,0.5222527598471135,0.0,0.5379856221729389,0.5636474545776924,0.0,0.0,0.5145104701478843,0.0,0.0,0.0
0.0,0.952147356179729,0.0,0.981869064609296,0.0,0.0,0.0,0.0,0.9189007898346959,0.0,0.9245827249791024,0.951741972572211,0.0,0.93025776032268,0.9621887527607521,0.9426525233683305,0.0,0.0,0.0,0.0,0.0,0.0,0.0,0.0,0.0,0.0,0.0,0.0,0.9458383899475142,0.0,0.9546671915575773,0.9252278699652793,0.0,0.9396297805403574,0.0,0.0,0.0,0.0,0.0,0.0,0.0,0.0,0.0,0.9179154562865637,0.0,0.0,0.0,0.9525228129100886,0.9183191594235988,0.0,0.0,0.9215514558275845,0.0,0.0,0.9821345502073666,0.9521485615989065,0.9750168439055581,0.0,0.0,0.0,0.0,0.9483847559356772,0.9586456903845817,0.0,0.0,0.0,0.0,0.0,0.0,0.0,0.0,0.0,0.0,0.9332873428997399,0.0,0.0,0.9753080053943328,0.0,0.0,0.9350330988887636,0.0,0.0,0.0,0.9245533629821484,0.0,0.0,0.0,0.930664902120565,0.0,0.0,0.0,0.9202549307592348,0.0,0.0,0.0,0.0,0.0,0.9556399145046139,0.0,0.93119768465105,0.0,0.0,0.9531824960183526,0.0,0.0,0.0,0.9237529721224894,0.0,0.0,0.9322472372952227,0.0,0.0,0.9504273295310111,0.0,0.9092729445328518,0.0,0.9654992305532221,0.0,0.9427952292463609,0.9448100532261428,0.9715174773428432,0.0,0.0,0.9140952233352929,0.0,0.9560715466269263,0.0,0.0,0.0,0.0,0.9539475010978301,0.9380452005461655,0.0,0.9350077371133276,0.9251494241195122,0.0,0.0,0.0,0.0,0.958378725387562,0.0,0.9630295019919897,0.0,0.9436006582372108,0.0,0.9637602570907056,0.0,0.9788186945926676,0.0,0.0,0.0,0.9730822564089849,0.0,0.9200208065832607,0.9633305132441898,0.0,0.0,0.9360416698312062,0.9532428116895806,0.0,0.925099922704555,0.8987523396629602,0.0,0.0,0.9326261442023202,0.0,0.0,0.9509881743360279,0.9828044198684444,0.9702307652805406,0.9225471287540254,0.0,0.0,0.0,0.0,0.0,0.0,0.0,0.9682253965681312,0.94437773704003,0.9562985432050597,0.0,0.0,0.9169589881327389,0.945823486108214,0.0,0.9479292366721482,0.0,0.0,0.0,0.0,0.0,0.9052094395733787,0.0,0.0,0.8960723767698492,0.9355254104622538,0.0,0.0,0.9647591770245074,0.0,0.9662930022038955,0.0,0.0,0.0,0.9345184046622766,0.9082577702935203,0.0,0.942235685856872,0.9285654580938778,0.0,0.0,0.0,0.0,0.0,0.0,0.0,0.0,0.0,0.0,0.9301136377290347,0.0,0.9300887806731746,0.9028406033799103,0.9508899006002304,0.0,0.0,0.9527386290176132,0.0,0.9584315442465422,0.9159240267197103,0.0,0.0,0.0,0.0,0.0,0.9396800543977646,0.0,0.9638524974308617,0.0,0.9470526061561485,0.9555582970927198,0.9418178221711297,0.0,0.0,0.0,0.0,0.9502918668437388,0.0,0.0,0.0,0.0,0.9524835626192695,0.0,0.0,0.0,0.9537118839089717,0.0,0.9685283516620367,0.0,0.0,0.9082126118159963,0.9615163022873722,0.0,0.0,0.9397886952550819,0.0,0.0,0.0,0.0,0.0,0.0,0.0,0.0,0.0,0.0,0.0,0.0,0.9589182689120371,0.0,0.0,0.0,0.0,0.0,0.0,0.9326294340886248,0.0,0.9509864442229952,0.9648234457810941,0.9476963689809081,0.0,0.9521987737452248,0.9268586269716002,0.9243512959862772,0.0,0.0,0.0,0.0,0.0,0.0,0.9467767435723715,0.0,0.9134992470353797,0.0,0.0,0.9285429061506534,0.9341754047124069,0.9721239514660428,0.0,0.0,0.0,0.0,0.0,0.0,0.0,0.9265861582400943,0.0,0.9439583664272098,0.9621766798120268,0.0,0.9390198674920334,0.0,0.0,0.0,0.9408771752006303,0.934385326446307,0.0,0.9074150174191378,0.0,0.0,0.948489276799999,0.0,0.0,0.0,0.9584152724451359,0.0,0.0,0.0,0.0,0.0,0.9186741342557697,0.0,0.0,0.0,0.0,0.0,0.9270292354818098,0.9713719447459706,0.9472688041915205,0.9664073563007443,0.9309575043074713,0.0,0.0,0.9531292250122052,0.9331389569100098,0.0,0.0,0.9377628182812806,0.0,0.0,0.0,0.0,0.9452257513462524,0.9172619370917,0.939967640819432,0.0,0.9150124411597125,0.928187928454389,0.9355790034103079,0.9521475695632999,0.9529296605920884,0.9512978105512065,0.9346219873763933,0.9525501341589938,0.9673835169679973,0.0,0.0,0.9243327320629302,0.8992708830087859,0.0,0.0,0.938576181872872,0.929855217616317,0.0,0.0,0.9505289784713443,0.0,0.0,0.9525530276976669,0.0,0.0,0.9587890472398524,0.0,0.0,0.0,0.0,0.0,0.0,0.9203405278062015,0.9512399419472665,0.0,0.0,0.0,0.0,0.0,0.0,0.0,0.9175879853012273,0.9492327762700925,0.9280283535372609,0.0,0.9153997928961968,0.9515961758834369,0.0,0.9460647480306364,0.9348227433518648,0.0,0.9215395222638265,0.0,0.0,0.0,0.936201179981515,0.0,0.0,0.952301123754539,0.9587262668782759,0.0,0.9540268885795378,0.0,0.0,0.0,0.0,0.9342967898655893,0.0,0.9623936488207327,0.0,0.0,0.0,0.0,0.0,0.0,0.0,0.0,0.9676709607735243,0.0,0.0,0.9456332604157509,0.0,0.9023639755661484,0.0,0.0,0.0,0.9144794370437175,0.0,0.0,0.0,0.0,0.9422333829238803,0.0,0.9227287644253807,0.9568818645736558,0.0,0.0,0.0,0.9469064833393916,0.0,0.9350599981286049,0.0,0.0,0.9387454263537612,0.0,0.0,0.9476501861809178,0.9207631579723358,0.9386583227409689,0.0,0.9460131377270481,0.9652758343877399,0.0,0.9370538217929839,0.9229632478630566,0.0,0.0,0.0,0.0,0.0,0.0,0.0,0.9714128450310479,1.0061036560983596,0.0,0.0,0.0,0.0,0.0,0.0,0.9337680179863965,0.0,0.956440250921603,1.0041904376739523,0.0,0.0,0.0,0.9712476693794402,0.0,0.0,0.9607477009149176,0.0,0.9311795130903301,0.9817608511330337,0.0,0.9581483767861022,0.9424680074235305,0.9602454246359124,0.0,0.9455849021761769,0.0,0.0,0.0,0.9053890378305152,0.0,0.947794386378041,0.9401627466692094,0.9002272514893818,0.0,0.0,0.9481833635566784,0.0,0.0,0.0,0.9384823381645999,0.9446604542127581,0.0,0.0,0.9438271497187849,0.0,0.0,0.0,0.0,0.9197725354236542,0.0,0.9421503093636815,0.0,0.0,0.0,0.0,0.0,0.9532137019106165,0.0,0.0,0.0,0.0,0.9473561128720325,0.0,0.9281498490098368,0.0,0.0,0.0,0.0,0.0,0.0,0.0,0.0,0.0,0.9433563819953571,0.0,0.9525458952215287,0.9485454716425814,0.9261217291920509,0.0,0.0,0.0,0.0,0.9385177836771036,0.0,0.9424186693443883,0.0,0.9632687527052692,0.0,0.0,0.9567946824657465,0.0,0.0,0.9536758984598361,0.0,0.0,0.0,0.0,0.0,0.9353257459712373,0.9344276864749455,0.0,0.9586972061406568,0.0,0.0,0.0,0.9422491880322894,0.0,0.9172645900560179,0.0,0.0,0.0,0.9359709204121439,0.9446343081446873,0.0,0.0,0.0,0.0,0.0,0.9202499618286611,0.0,0.911750521799591,0.9195837789401229,0.0,0.9306327584193688,0.0,0.0,0.0,0.0,0.9001915169725547,0.0,0.0,0.0,0.0,0.0,0.9290028957543891,0.9209890125320227,0.0,0.9436565676730427,0.0,0.9341935201120212,0.9223284240253753,0.0,0.0,0.9192848771290328,0.0,0.9527677117965849,0.9253168817281083,0.0,0.0,0.0,0.0,0.0,0.0,0.0,0.0,0.0,0.9009042389712841,0.0,0.0,0.9374831484073836,0.9264754370526778,0.0,0.9336149374298572,0.0,0.9386101679566399,0.0,0.0,0.0,0.0,0.0,0.0,0.9409325572047598,0.0,0.9340423877627045,0.0,0.932655853634327,0.9214502339784023,0.0,0.0,0.9568825230673366,0.9531307737031504,0.9534060302913094,0.0,0.9394201324247945,0.9193522970729034,0.9613886782181917,0.9396985433865113,0.0,0.9587499595243238,0.0,0.9386541228403446,0.0,0.9840048037634345,0.9925219212448179,0.9262237530502774,0.0,0.9266773008605841,0.0,0.0,0.0,0.0,0.9278515008332316,0.0,0.0,0.9597717301538157,0.0,0.0,0.9386962886593233,0.9324963876532584,0.0,0.0,0.0,0.0,0.0,0.0,0.0,0.9464590821054469,0.0,0.0,0.0,0.0,0.9609621471792598,0.0,0.0,0.9748869392960148,0.0,0.0,0.0,0.0,0.9363223719553141,0.8985951012169033,0.8978499409700598,0.9515082710508457,0.9438044162261132,0.0,0.0,0.0,0.0,0.9249417194894797,0.0,0.9240850885486627,0.0,0.0,0.0,0.0,0.9380451778156449,0.0,0.0,0.0,0.0,0.0,0.894900991316343,0.0,0.0,0.0,0.0,0.9451574494488865,0.9708534267432778,0.9126412613192799,0.0,0.0,0.0,0.0,0.0,0.0,0.9434675876716042,0.0,0.960670062788731,0.951943788526112,0.0,0.0,0.0,0.9667793098460521,0.0,0.9565752612592412,0.9293187290539687,0.0,0.0,0.9479032911944275,0.9543895698656331,0.0,0.0,0.957404584206863,0.0,0.0,0.0,0.9594402783704545,0.9313173696342216,0.0,0.0,0.9224496483784351,0.0,0.9244733323071579,0.935092486950636,0.0,0.0,0.0,0.0,0.0,0.0,0.9170726285324267,0.0,0.0,0.9516125189340486,0.0,0.0,0.0,0.0,0.0,0.9581440356364063,0.0,0.0,0.9244544122627605,0.0,0.0,0.9335909750187898,0.0,0.0,0.0,0.0,0.0,0.9501056639846811,0.0,0.9696766753233598,0.9376478293254595,0.9798026329248117,0.9156962791150983,0.950286322204712,0.0,0.0,0.0,0.0,0.9508080915527843,0.0,0.0,0.9250811510962247,0.0,0.0,0.9788558652803907,0.9266132419382249,0.0,0.0,0.0,0.9522106252502441,0.0,0.9403450036835881,0.0,0.0,0.0,0.9416041897392572,0.0,0.0,0.0,0.0,0.0,0.0,0.0,0.0,0.0,0.9364719362946478,0.0,0.9347812115835541,0.0,0.0,0.0,0.0,0.0,0.0,0.9441296330846106,0.0,0.0,0.0,0.0,0.0,0.0,0.0,0.9421739144870531,0.9321474099511897,0.9574566245137713,0.0,0.0,0.0,0.0,0.9570707996064204,0.9419363947298771,0.0,0.9353996137930461,0.0,0.929114687833371,0.9553475689341828,0.0,0.0,0.0,0.0,0.0,0.0,0.0,0.0,0.9391779144041893,0.0,0.0,0.0,0.0,0.0,0.0,0.0,0.0,0.965238915034894,0.0,0.9309432875771848,0.9452295538637945,0.0,0.0,0.0,0.0,0.9421281126139985,0.9232358435496781,0.0,0.0,0.0,0.0,0.9957104326044117,0.0,0.9662353858325142,0.9230142503616305,0.9544717804122175,0.0,0.9356070507266352,0.9374915738158195,0.0,0.946401036700188,0.9306178750171877,0.0,0.0,0.0,0.9289791820384273,0.0,0.0,0.9435828299655032,0.9384956185802568,0.0,0.9303579915976717,0.9381727940249726,0.9306921857133797,0.9447088305769511,0.0,0.0,0.0,0.0,0.0,0.0,0.9478305740737721,0.0,0.9203393850284617,0.0,0.0,0.0,0.9186828640423884,0.0,0.0,0.0,0.0,0.9383155317134928,0.0,0.0,0.0,0.0,0.0,0.9190133812439935,0.0,0.9504155086463394,0.9347399671732836,0.0,0.0,0.9412892809367518,0.0,0.0,0.0,0.0,0.0,0.9510333653336659,0.0,0.9437798377517682,0.9356174194915212,0.0,0.9440443271528979,0.0,0.0,0.9466610162780743,0.9401795110465947,0.0,0.0,0.0,0.9643687276776056,0.0,0.0,0.9745724991849493,0.0,0.9645635545373772,0.0,0.958311650185345,0.0,0.9415845509776123,0.0,0.0,0.9556747762133262,0.9778146482804458,0.9390467107427818,0.0
0.0,0.0,0.0,0.29710110150948793,0.0,0.0,0.2850038996389242,0.2896917934181041,0.0,0.0,0.34093168552279524,0.0,0.3406374076484165,0.0,0.0,0.31697580431763034,0.2934021199777525,0.32159656255567287,0.0,0.0,0.0,0.0,0.0,0.0,0.3159395140352142,0.0,0.0,0.0,0.32180900054691336,0.0,0.30703492829731155,0.0,0.3009754410960805,0.3271648253678812,0.0,0.0,0.0,0.3075978355923179,0.0,0.0,0.30694685240784764,0.0,0.0,0.0,0.0,0.0,0.0,0.3014619873163173,0.3463226727677067,0.0,0.32712816649720083,0.0,0.0,0.0,0.0,0.3334207464062854,0.3038374586156649,0.0,0.0,0.0,0.31398356587077747,0.2809284834578092,0.0,0.3482367861020122,0.0,0.0,0.31838297844762237,0.0,0.0,0.32387984971037903,0.0,0.30191506121991685,0.30778523856200185,0.0,0.0,0.0,0.0,0.29918586148331244,0.0,0.0,0.3122745209784764,0.29219964217875194,0.0,0.0,0.0,0.3085793372433016,0.3006384392692815,0.30921804240536793,0.0,0.0,0.0,0.3125453180388414,0.316806494225661,0.30616410284350004,0.0,0.0,0.0,0.33826417777043216,0.0,0.0,0.0,0.30692856121855305,0.0,0.28201859548739994,0.0,0.0,0.0,0.0,0.29380528003363676,0.0,0.0,0.0,0.3259703023283779,0.0,0.0,0.0,0.3483318973091157,0.0,0.0,0.34159885330958867,0.3185122371031305,0.31768842755405385,0.0,0.3266483047591512,0.0,0.28374100740341746,0.0,0.0,0.0,0.0,0.0,0.3189405185117832,0.0,0.301355871556242,0.0,0.0,0.0,0.31428499646155034,0.0,0.0,0.0,0.0,0.3027461582162617,0.0,0.0,0.0,0.0,0.0,0.0,0.0,0.0,0.32880493424473334,0.0,0.3479155560483676,0.3406213576057965,0.3173419167616817,0.3049825836612136,0.0,0.0,0.35046986570830896,0.0,0.0,0.0,0.0,0.28520296435327824,0.0,0.0,0.3294299360705018,0.30230956031285244,0.3412763654696608,0.0,0.29659779017453974,0.0,0.0,0.3163550005491991,0.3573547312056505,0.0,0.0,0.0,0.0,0.2850082865542185,0.31686314836372925,0.0,0.29799465908054645,0.0,0.0,0.31146721973939734,0.3026984155695017,0.3165197362161351,0.0,0.3078582876715239,0.0,0.30655091421082903,0.0,0.0,0.33656356834590906,0.0,0.30910313044753035,0.0,0.0,0.0,0.0,0.0,0.0,0.0,0.0,0.3199182008506075,0.0,0.3016604937137363,0.0,0.0,0.0,0.0,0.0,0.31778606930553155,0.28940339382264024,0.0,0.0,0.0,0.0,0.0,0.0,0.2975198998299851,0.0,0.0,0.0,0.0,0.35641416525860387,0.32875802447873587,0.0,0.0,0.0,0.0,0.0,0.0,0.3499004954260281,0.3472613256848971,0.32950157414660813,0.32710968173303545,0.320897755165008,0.3145485405920503,0.0,0.3372543456883451,0.0,0.3071669741434741,0.0,0.2842798965498547,0.0,0.0,0.0,0.2996144164185223,0.0,0.2974964624904174,0.0,0.0,0.0,0.2859938944095399,0.0,0.0,0.30383515929019234,0.293237140475789,0.0,0.0,0.0,0.0,0.0,0.0,0.0,0.0,0.0,0.0,0.0,0.0,0.0,0.29925696188164996,0.0,0.3210938913990082,0.32464901155201203,0.0,0.0,0.0,0.0,0.0,0.0,0.0,0.28485852349496915,0.0,0.35145366257643673,0.30182947213067934,0.0,0.0,0.29093061566336126,0.0,0.31187921619439557,0.0,0.0,0.0,0.3414903165977669,0.0,0.31785015554440726,0.0,0.3437045448837374,0.0,0.0,0.0,0.0,0.0,0.0,0.3025657775314946,0.3129418170280662,0.0,0.3120903690789943,0.0,0.0,0.328993043568915,0.29770803344765423,0.29980765191295355,0.0,0.3171242760967695,0.0,0.0,0.0,0.0,0.2950365452085664,0.0,0.28581541318083514,0.3083436793389768,0.0,0.0,0.0,0.0,0.27543468051430253,0.0,0.0,0.0,0.0,0.0,0.0,0.0,0.33351963747511,0.3353296727782964,0.0,0.0,0.0,0.0,0.0,0.0,0.33251167560198697,0.0,0.0,0.0,0.0,0.0,0.3310187320912416,0.0,0.0,0.293008504036009,0.0,0.0,0.0,0.0,0.2817732808881693,0.0,0.34402154050782696,0.0,0.0,0.0,0.3084757819774396,0.0,0.0,0.33639145334607934,0.0,0.0,0.3290275732328303,0.30815459009625623,0.0,0.3015108927732053,0.313860583698802,0.27438527699647597,0.0,0.2838745314962281,0.33240518052898227,0.0,0.0,0.0,0.29709759593725604,0.0,0.0,0.0,0.0,0.31856804899763186,0.0,0.0,0.0,0.32529098005039503,0.31972741022862805,0.0,0.3464515630364074,0.31005842228095987,0.0,0.0,0.292427211171555,0.33408467106653295,0.0,0.0,0.0,0.0,0.0,0.0,0.3120046561478521,0.0,0.0,0.0,0.28979783447074686,0.3359611087386879,0.0,0.0,0.0,0.0,0.0,0.0,0.3148486096212429,0.0,0.0,0.0,0.0,0.0,0.33329850477019085,0.0,0.2914525424684255,0.0,0.0,0.0,0.0,0.0,0.3031676646051981,0.0,0.346602789025504,0.3373119702853548,0.0,0.0,0.0,0.0,0.3159411878305714,0.0,0.0,0.2803971445694402,0.0,0.31569319887947694,0.31897092264446963,0.314534876246589,0.0,0.0,0.30459962180678124,0.0,0.0,0.0,0.0,0.0,0.32667825415087676,0.0,0.31369959685518767,0.0,0.0,0.33451388795090387,0.0,0.0,0.0,0.0,0.32584370915423533,0.3521375553639325,0.0,0.29476842931521036,0.0,0.2906286092950907,0.31459378016348993,0.3531168791190428,0.31171405035890404,0.0,0.3007783059933636,0.3168522499249178,0.0,0.0,0.0,0.296121762078833,0.0,0.0,0.0,0.0,0.0,0.3152726450637258,0.0,0.33025230458070526,0.0,0.0,0.0,0.0,0.0,0.3162944501402835,0.30912172864486614,0.0,0.29945334682275726,0.3289563815371005,0.294413233377513,0.0,0.0,0.30908079869447924,0.32713530362369136,0.0,0.0,0.36304482484687023,0.0,0.31445638112267726,0.0,0.0,0.0,0.0,0.30720955062224714,0.0,0.3281935326505648,0.3027422963237332,0.0,0.3266707960978647,0.0,0.0,0.0,0.32035989430370354,0.0,0.0,0.0,0.0,0.29182453694724364,0.0,0.0,0.0,0.0,0.0,0.0,0.3265430109741369,0.0,0.0,0.0,0.3005082802459722,0.28785026195681845,0.0,0.0,0.0,0.3236260104955825,0.0,0.0,0.33514702751064207,0.0,0.0,0.0,0.30238714241949854,0.0,0.0,0.3275549249140922,0.0,0.0,0.0,0.0,0.0,0.0,0.32477682118310314,0.0,0.32487374969767796,0.0,0.31951678603778283,0.0,0.0,0.32835433198204456,0.3207784332001162,0.27580126624195866,0.0,0.3284954628562298,0.0,0.0,0.3105659003983114,0.3087264659537127,0.0,0.0,0.0,0.0,0.0,0.0,0.31997770506333206,0.2809644930944246,0.0,0.0,0.0,0.0,0.0,0.2900133502606951,0.0,0.0,0.3207246661602607,0.3439944352735763,0.0,0.2801589254581132,0.2903529509853372,0.0,0.0,0.3092723785860834,0.0,0.0,0.2903229790067535,0.0,0.30321366057200255,0.0,0.0,0.3217934990378154,0.29235957811617064,0.30094076812822085,0.0,0.0,0.0,0.3031141144286336,0.0,0.0,0.2958270324492745,0.3010586568024334,0.0,0.0,0.33495445005141306,0.0,0.0,0.0,0.0,0.0,0.0,0.0,0.0,0.0,0.0,0.0,0.3325618926806592,0.0,0.0,0.0,0.3126964586247785,0.0,0.0,0.30855267019227467,0.0,0.3340369203243193,0.300891640281553,0.0,0.3066967715325134,0.0,0.3390189720583698,0.32662451222929206,0.30644589201650546,0.0,0.0,0.0,0.29604155178725305,0.31696616073466644,0.0,0.0,0.0,0.28960634603080565,0.0,0.0,0.3162699263845791,0.0,0.0,0.0,0.0,0.0,0.3170755055910625,0.2993350330336717,0.2992614509306125,0.2967388496656459,0.3039386898092946,0.0,0.31037755310903486,0.0,0.0,0.0,0.0,0.0,0.3310074094262821,0.33042211006420585,0.3231551802046557,0.3092040443977059,0.0,0.3100515403418075,0.0,0.0,0.0,0.0,0.0,0.2750104530065978,0.0,0.31564494048200153,0.333523456171234,0.0,0.0,0.31514252399481196,0.0,0.0,0.320485524716168,0.0,0.0,0.0,0.3010215884105007,0.30440625765806406,0.0,0.0,0.34399031968898586,0.29922523586693994,0.0,0.33107891918245635,0.2997256067438414,0.3151655161377802,0.0,0.30010090504927056,0.3118741856896221,0.0,0.0,0.0,0.0,0.3194896371338162,0.0,0.0,0.3095598346792017,0.0,0.0,0.0,0.302311012228513,0.30627873837444025,0.0,0.0,0.0,0.29517902013679337,0.0,0.0,0.2939153675929723,0.30822483492354025,0.0,0.0,0.0,0.0,0.0,0.0,0.31471026591899987,0.309655100303766,0.2878560719293742,0.0,0.3186502614675359,0.0,0.0,0.31027251438613734,0.3457513025557136,0.0,0.3022449902383674,0.0,0.0,0.2785315289903784,0.3137188202749462,0.0,0.3019744824260595,0.32337130630276495,0.0,0.31113074777992383,0.0,0.33240751803819585,0.0,0.28998568460443264,0.0,0.0,0.0,0.0,0.31875311257511496,0.0,0.0,0.0,0.32870644669591903,0.2977240109259603,0.0,0.33889979353150373,0.0,0.30337671450302833,0.31645915803773567,0.0,0.0,0.0,0.0,0.0,0.0,0.3075101165996799,0.0,0.3090051940980171,0.29163180436625924,0.0,0.0,0.0,0.0,0.0,0.0,0.3016592515410961,0.2977701687027852,0.0,0.3088677912883126,0.0,0.34338458506856523,0.0,0.0,0.0,0.0,0.0,0.3153849459510621,0.0,0.0,0.0,0.0,0.0,0.0,0.0,0.0,0.0,0.0,0.3293025124722081,0.0,0.0,0.0,0.319545910028056,0.0,0.0,0.32013258241095466,0.306151267327863,0.0,0.35008303852935513,0.0,0.33441483485516554,0.0,0.2938698509247743,0.0,0.0,0.3022133363017435,0.0,0.3004619975435442,0.0,0.0,0.0,0.0,0.29222005581386096,0.3447398249180442,0.0,0.0,0.3340484346079072,0.0,0.0,0.0,0.0,0.0,0.0,0.0,0.33139053985024297,0.3102299630198219,0.3080851150152311,0.3212500451550865,0.0,0.31051602336161965,0.3086066427845406,0.0,0.0,0.30638862220855706,0.0,0.0,0.0,0.3196825081591174,0.0,0.0,0.0,0.0,0.0,0.3251944855191874,0.0,0.30396837187708653,0.3121861043468781,0.0,0.30457244614048173,0.29565864774894807,0.0,0.0,0.0,0.0,0.0,0.0,0.0,0.32704389982379173,0.0,0.0,0.33885685688283934,0.3166570577592802,0.0,0.2908481430792212,0.3064668315429455,0.0,0.2728475895763494,0.0,0.0,0.0,0.0,0.0,0.0,0.0,0.0,0.0,0.0,0.0,0.3345945357517236,0.0,0.28418543227743565,0.0,0.0,0.0,0.0,0.0,0.0,0.0,0.0,0.311229424035536,0.0,0.2775889052388285,0.3497482496600833,0.30056083795112404,0.3431962303240796,0.0,0.29374774028463935,0.0,0.0,0.32474729239276406,0.30347711659786564,0.0,0.0,0.0,0.0,0.30489796679068903,0.0,0.2985252397847533,0.0,0.3391714557241736,0.3337427932056366,0.0,0.0,0.0,0.0,0.33248552621809996,0.28760159859076756,0.0,0.3372177712093053,0.0,0.0,0.31310771903920953,0.0,0.0,0.31365953253641315,0.0,0.0,0.0,0.0,0.3436378551933894,0.0,0.0,0.0,0.29334146589119786,0.2933211462476283,0.0,0.0,0.0,0.28993790269366215,0.0,0.0,0.0,0.0,0.0,0.30379342623635125,0.32813848731341516,0.32685080644235653,0.0,0.0,0.0,0.3140819010347565,0.0,0.28917479595111784,0.0,0.30871453238534274,0.3220897578965985,0.0,0.0,0.0,0.0,0.0,0.3008755667697972,0.0,0.276230030240409,0.0
0.0,0.0,0.9327132049062177,0.0,0.0,0.9411453370376497,0.0,0.9255484037219098,0.0,0.0,0.9323949773350275,0.0,0.0,0.0,0.0,0.0,0.0,0.9144964935617376,0.949000715892392,0.0,0.0,0.9329160981474207,0.919146819400705,0.0,0.9217128359938583,0.0,0.0,0.0,0.9249465731761028,0.9570439872447334,0.0,0.0,0.9038553745889027,0.9659136648285752,0.0,0.0,0.0,0.9384603347395593,0.0,0.0,0.0,0.0,0.9513847629666368,0.0,0.0,0.9413772562831513,0.93159002769036,0.9219106134064371,0.0,0.9245238505805096,0.9531551727366153,0.9089979306744985,0.0,0.0,0.0,0.0,0.9327452503740796,0.9478884007090258,0.0,0.9316750175481301,0.0,0.0,0.0,0.0,0.0,0.945847190262376,0.9333368978560518,0.0,0.0,0.0,0.0,0.0,0.0,0.933385966343028,0.0,0.0,0.9192725275996113,0.0,0.0,0.919795520661651,0.0,0.0,0.0,0.0,0.0,0.0,0.0,0.9313037650145493,0.9234955897335978,0.0,0.0,0.0,0.0,0.93052535927495,0.0,0.0,0.0,0.0,0.0,0.0,0.0,0.0,0.0,0.9225270346856972,0.9434412061736247,0.9324605291434951,0.9503698343547731,0.0,0.0,0.0,0.0,0.0,0.9197810074549609,0.0,0.9447915737124132,0.0,0.9290155303157861,0.0,0.0,0.0,0.0,0.0,0.0,0.0,0.0,0.0,0.0,0.9073173476019075,0.0,0.0,0.9594216695554671,0.0,0.0,0.0,0.0,0.0,0.0,0.0,0.0,0.0,0.0,0.9074413248083881,0.0,0.9445376416155297,0.8888344786463943,0.8988324157086138,0.0,0.0,0.9292531363692216,0.9335776343444313,0.0,0.9211876472836983,0.9375249711719591,0.9426609899085783,0.0,0.0,0.9421049859288201,0.0,0.0,0.9347770877505314,0.9269173901184522,0.0,0.0,0.9506980407844036,0.0,0.0,0.0,0.9288759239509284,0.9435623708286393,0.0,0.0,0.0,0.0,0.9272014481779413,0.909803753494846,0.0,0.0,0.0,0.902217630514014,0.0,0.9385752446855502,0.0,0.9502433331509887,0.9573225122022463,0.9357724969607593,0.9707464612397039,0.9554158210712327,0.9382742616093251,0.9542981735280213,0.0,0.0,0.0,0.0,0.0,0.9245594821995704,0.0,0.0,0.0,0.0,0.0,0.9295746580633287,0.9437904934349839,0.0,0.0,0.9483646405163143,0.9422734387582961,0.9281750410578726,0.9397440718580291,0.0,0.0,0.0,0.0,0.0,0.0,0.0,0.0,0.0,0.9014834587266732,0.91903700586178,0.0,0.0,0.0,0.0,0.0,0.0,0.0,0.0,0.9215934044941589,0.9182423223439202,0.0,0.9573518273057006,0.9182830474294819,0.0,0.0,0.0,0.0,0.958228994551854,0.0,0.9281097368231523,0.0,0.0,0.9181290635408439,0.9315607564728059,0.0,0.0,0.9248052315838571,0.0,0.0,0.0,0.0,0.0,0.0,0.0,0.0,0.0,0.9269800529200746,0.0,0.9458434635406548,0.922987333632649,0.9057949245888708,0.0,0.0,0.0,0.0,0.0,0.9252162767456927,0.9198734963796669,0.0,0.0,0.0,0.0,0.0,0.9345339441796982,0.0,0.9451495039821438,0.0,0.9362515102558526,0.9686014219490724,0.9447132198960134,0.0,0.0,0.0,0.0,0.0,0.0,0.0,0.0,0.0,0.9400708685984452,0.9140857389211019,0.0,0.9328899401769063,0.0,0.9376283494107958,0.0,0.0,0.9438123721677482,0.9253458932967853,0.0,0.0,0.0,0.9010422518246902,0.0,0.0,0.0,0.9275142656777773,0.0,0.0,0.0,0.9096354716849798,0.0,0.0,0.0,0.0,0.9165622691129232,0.9523126551483971,0.0,0.0,0.9269783810163742,0.0,0.9322242858551618,0.0,0.9089129602339597,0.0,0.0,0.0,0.9476251684551944,0.0,0.0,0.9473762109545537,0.0,0.932316772796727,0.9169791092280245,0.0,0.9301106784382857,0.0,0.0,0.0,0.0,0.9426986010565438,0.9549179049264572,0.0,0.0,0.0,0.8953739775675222,0.0,0.9374662137631917,0.0,0.9509257237955109,0.0,0.941423300200967,0.0,0.0,0.8991720672501271,0.0,0.0,0.0,0.9420413107990119,0.0,0.0,0.9379594783050291,0.0,0.0,0.9227010645630612,0.9133823131069266,0.0,0.9567668053387326,0.9450930166773999,0.9084516356207019,0.0,0.0,0.9077429180589456,0.9405153857204481,0.9416100459229458,0.924059744550771,0.0,0.0,0.9327218283322789,0.0,0.9444369220872362,0.9073066209996744,0.917243505301278,0.9246890521079872,0.0,0.0,0.9328036894982753,0.0,0.0,0.0,0.9361088037498481,0.0,0.0,0.916061753001137,0.0,0.0,0.0,0.9331314282133026,0.0,0.9382598223431156,0.9340727396295736,0.0,0.9384516058196734,0.9438156777473696,0.0,0.0,0.0,0.0,0.9245799337813969,0.0,0.9219936234910139,0.9398691457481116,0.0,0.0,0.0,0.9165258091199001,0.0,0.0,0.0,0.0,0.9367868817388002,0.9326376805867506,0.9665693837486278,0.0,0.0,0.9421931311323347,0.0,0.0,0.0,0.0,0.0,0.9317863789716265,0.0,0.938074518682794,0.9097086944503849,0.0,0.0,0.0,0.9316516710707035,0.9484502819261869,0.0,0.0,0.0,0.0,0.0,0.9263431702389426,0.0,0.0,0.0,0.9125386074084024,0.0,0.9396915940783733,0.9569216131483109,0.9346224011216256,0.939516959625624,0.915733308867907,0.0,0.0,0.0,0.0,0.0,0.0,0.9337428451681495,0.9539756391874773,0.0,0.9598411110173052,0.9389765802824854,0.9255971913477113,0.9352240835610361,0.0,0.9330006815463155,0.9246693468194473,0.0,0.0,0.0,0.9344868897949956,0.9207922662325517,0.9221997909406325,0.0,0.0,0.9282099845988111,0.0,0.0,0.0,0.9380881012807754,0.0,0.0,0.0,0.9486038738774446,0.0,0.0,0.9083644431937328,0.9240162526733381,0.9248444571349776,0.0,0.9337008006704537,0.0,0.0,0.0,0.9321653155358373,0.0,0.0,0.9463733783567904,0.9267912132089503,0.9129309931096167,0.0,0.0,0.0,0.0,0.0,0.0,0.0,0.8969978342481365,0.9212928253357231,0.941720506702795,0.0,0.9139364662889622,0.0,0.0,0.0,0.9296800025578553,0.0,0.0,0.0,0.0,0.0,0.0,0.0,0.0,0.0,0.0,0.9494937704520101,0.0,0.0,0.0,0.91222568811283,0.0,0.0,0.0,0.0,0.9314095090943372,0.0,0.9277669002095066,0.935438094886526,0.9453602484003528,0.933672596140886,0.0,0.9529951882656297,0.0,0.0,0.0,0.9199893699589855,0.0,0.9258717096813107,0.0,0.9180005068082943,0.0,0.0,0.939475764384558,0.0,0.0,0.0,0.9254053636031371,0.0,0.9359494983947348,0.0,0.9332780925689206,0.9335474084483518,0.8956838325186007,0.9333931423865968,0.0,0.0,0.0,0.0,0.0,0.0,0.9528771270627295,0.0,0.0,0.9069195649448563,0.0,0.0,0.0,0.9233837603925606,0.941187132906778,0.0,0.9382999284776831,0.0,0.0,0.0,0.0,0.0,0.0,0.931561995748941,0.9086393152135507,0.0,0.9291756815989445,0.9405123020330375,0.9103252141387884,0.9269250279963812,0.9298134262849402,0.9136118077102635,0.0,0.0,0.0,0.0,0.0,0.0,0.0,0.0,0.0,0.0,0.923274458246499,0.9454670143605397,0.9573996358965184,0.0,0.9302318618807253,0.0,0.0,0.0,0.9402100511925713,0.0,0.951337571516775,0.9406794038857689,0.9120474138638129,0.0,0.0,0.0,0.0,0.9251015139667157,0.0,0.9438671707657533,0.9439825303234216,0.9396368875737805,0.0,0.9408149405659917,0.9512199161071592,0.0,0.0,0.0,0.9518493370879922,0.0,0.0,0.0,0.9402534602477317,0.914062715443469,0.0,0.0,0.0,0.0,0.0,0.9533993236516715,0.9347007570261077,0.9194790210147642,0.0,0.0,0.0,0.9303148536156449,0.9341205387066198,0.0,0.0,0.0,0.9368246396978881,0.9474853208215617,0.0,0.9357380585375064,0.9174035529521323,0.9457458612729256,0.9263769418713691,0.0,0.9456190917866802,0.0,0.0,0.0,0.9485668744320229,0.0,0.9207466751944581,0.8950583394179699,0.0,0.0,0.9431757531309265,0.0,0.0,0.0,0.8831863070692961,0.0,0.0,0.0,0.9449151617656792,0.0,0.0,0.0,0.0,0.0,0.0,0.0,0.9097392041511319,0.0,0.0,0.0,0.0,0.0,0.0,0.9203687699576827,0.0,0.0,0.0,0.9303516696103196,0.0,0.0,0.9240680051211161,0.0,0.0,0.9457389611626876,0.0,0.9403259985473417,0.9073358637559797,0.0,0.954744532584338,0.9246518789507091,0.0,0.0,0.9423582590660293,0.0,0.9598744861260152,0.0,0.0,0.9503972084940338,0.9229942585085618,0.9362889569613241,0.0,0.0,0.0,0.0,0.9424498111882244,0.9769262881605049,0.9537443296904821,0.9270745635507931,0.0,0.9419353781330634,0.9344429931300899,0.0,0.0,0.9247352252491824,0.0,0.0,0.0,0.9475569695769638,0.0,0.0,0.0,0.9204702732148694,0.9350291457554428,0.9247564452356172,0.9432320619464446,0.0,0.0,0.9509620507807947,0.0,0.9352250746526923,0.0,0.9261453193258928,0.0,0.0,0.0,0.0,0.0,0.0,0.0,0.0,0.0,0.9245976126494506,0.0,0.9556888652849395,0.0,0.0,0.9085690347600368,0.0,0.0,0.9441246811785511,0.0,0.9261120945951941,0.9325687083391511,0.9497385013678,0.0,0.0,0.944557748203079,0.0,0.0,0.0,0.0,0.0,0.9252591524172523,0.0,0.0,0.9543645713898578,0.0,0.0,0.0,0.9002781973286194,0.0,0.925133746129933,0.9466503818271939,0.9442306497312698,0.9294526889072702,0.0,0.0,0.0,0.0,0.0,0.0,0.0,0.0,0.0,0.0,0.0,0.0,0.0,0.0,0.0,0.0,0.0,0.0,0.0,0.0,0.0,0.0,0.0,0.9276798472008213,0.0,0.0,0.9565921881380529,0.975158238554624,0.942917072483884,0.0,0.952009381560847,0.0,0.0,0.9389100273962885,0.8938533535265176,0.0,0.9585229589847489,0.0,0.9311321179428994,0.0,0.0,0.0,0.0,0.0,0.0,0.0,0.0,0.0,0.9114684473469328,0.0,0.0,0.0,0.9427925014203525,0.9194398039541826,0.0,0.0,0.0,0.0,0.9247548878417181,0.9416905335579918,0.0,0.945244745316622,0.0,0.0,0.9547385348557881,0.0,0.9209462968260727,0.0,0.0,0.0,0.0,0.0,0.9245059849048807,0.0,0.0,0.0,0.9643814241129225,0.8954800794106166,0.0,0.0,0.9210425592642849,0.9432716327441504,0.0,0.0,0.0,0.9521270198861973,0.0,0.0,0.0,0.0,0.9303400767667208,0.0,0.0,0.0,0.0,0.0,0.0,0.0,0.0,0.0,0.9265838810660657,0.0,0.0,0.0,0.0,0.0,0.0,0.0,0.0,0.0,0.9180193797261886,0.0,0.0,0.9042510783063914,0.0,0.0,0.0,0.9017182033084403,0.8911280708636645,0.0,0.0,0.0,0.0,0.9493222600738511,0.0,0.9005571234534631,0.0,0.9104731268308083,0.0,0.0,0.0,0.0,0.0,0.9507404287809196,0.0,0.9450967272987064,0.0,0.0,0.0,0.9456200843520066,0.0,0.0,0.9336457974308613,0.0,0.0,0.0,0.9482790376459842,0.9256688498803567,0.0,0.9319366736491357,0.9565941857297645,0.0,0.9316332281559241,0.0,0.0,0.0,0.0,0.0,0.9528443788010248,0.0,0.9532305083952665,0.0,0.9404637156473363,0.9040231929654259,0.0,0.0,0.0,0.0,0.0,0.0,0.9303784888720924,0.0,0.0,0.0,0.0,0.9383723143887093,0.0,0.9502055328183278,0.0,0.0,0.9291542495148142,0.9425797767739179,0.9198867290089462,0.0,0.0,0.9390888820903538,0.9255894025083296,0.9355660110864608,0.0,0.0,0.0,0.9332240883401829,0.9044358326169457,0.9125207182152434,0.0,0.0
0.0,0.9980186628867739,0.0,0.9871844566434028,0.0,0.0,0.0,0.0,0.0,0.0,0.0,0.0,0.973907631976551,0.0,0.9788207147839534,0.9906806860150119,0.9706853656660236,0.0,0.9740941916130181,0.9695509910603073,0.0,0.0,0.0,0.0,0.0,0.0,0.0,0.9870069921821176,0.9567840242986498,0.990073348350764,0.0,0.0,0.0,0.0,0.0,0.0,0.0,0.9635096850902162,0.0,0.0,1.0207003866343847,0.9808640195317487,0.981864749020545,0.9901653115121862,1.0130057335069853,0.0,0.9529855145605629,0.0,0.9331612782046492,0.9781764629475203,0.0,0.9723674615444605,0.9761173510128841,0.0,0.0,1.0095374668729515,0.0,0.9610651373203412,0.0,0.0,0.0,0.9848477432271923,0.9695202444751632,0.9295695326944229,0.0,0.0,0.9743134601238685,0.9807943562930097,0.0,0.0,0.0,1.013296063757668,0.0,0.9853975644948543,0.0,0.0,0.0,0.9801268049956531,0.0,0.0,0.9742170631332597,0.9889552205308686,0.0,0.9893259625648856,0.0,0.0,0.9562208993391793,0.0,0.0,0.0,0.0,0.0,0.9339656240750926,0.9753775460547685,0.9893617440480665,0.0,0.0,0.0,0.0,0.0,0.0,0.0,0.0,0.0,0.0,0.0,0.0,0.0,0.963438728008562,0.0,0.9586480963165355,0.0,0.9683870482989866,0.0,0.9897423803157717,0.9760930203879743,0.0,0.0,0.0,1.0085708851283912,0.9739449770019148,0.0,0.9740792032229396,0.9892760212375052,0.0,0.9694952639957151,0.0,0.0,1.0004776427730604,0.0,1.0105224614995247,0.9693768502663492,0.0,0.0,0.9427421404881373,0.0,0.0,1.0122927704874896,0.9703689941360353,0.0,0.0,0.0,0.0,0.0,0.9796858660245142,0.9584282022382898,0.0,0.0,0.9759490874547387,0.9466429830895842,0.0,0.0,0.0,0.9748644913000512,0.9894683449521862,0.993717308083773,0.0,0.0,0.0,0.0,0.0,0.963265922210919,0.0,0.0,0.0,0.0,0.0,0.0,1.0100067934380774,0.9337926480374387,0.0,0.0,0.0,0.0,0.0,0.9596110041188132,0.0,0.0,0.0,0.9506252792714727,0.0,0.0,0.0,0.9681078970542705,0.0,1.012260497613018,0.9696327991606044,0.9906635064488268,0.9644438080078174,0.0,0.0,0.0,1.0132006768736708,0.9992107771443587,0.0,0.0,0.0,0.0,0.0,0.0,0.9934165185715991,0.9795774669890742,0.0,0.0,0.0,0.0,0.9748135402729616,0.0,0.0,0.0,0.0,0.0,0.0,0.9736640655933066,0.0,1.019091170986196,0.0,0.0,0.0,0.995138952391179,0.0,0.0,0.0,0.0,0.9907489636122823,0.0,0.96906736936669,0.9832924876907506,0.0,0.9881765249620711,0.0,0.9861883350495487,0.0,0.0,0.0,0.0,0.0,0.0,0.9733261646866432,0.980143593758677,0.0,0.0,0.9644838306626309,0.0,0.0,0.0,0.0,0.0,0.0,0.0,0.0,0.0,0.0,0.9649855350187558,0.0,0.0,0.0,0.9776896465977919,0.0,0.0,0.9768265008189004,0.0,0.0,0.9814122778408663,0.0,0.9607288393762234,0.0,0.0,0.9676924446053052,0.0,0.0,0.977898223031279,1.0069018581924065,0.0,0.0,0.0,0.990237066495052,0.9562887801214781,0.960165828110188,0.0,0.0,0.0,0.0,0.0,0.0,0.9711530303695126,0.0,0.9647635485291157,0.0,0.0,0.0,0.0,0.0,0.9537732469853689,0.0,0.9754213204199518,0.0,0.9626851165146463,0.0,0.0,0.0,0.0,0.0,0.0,0.9450855322721311,0.9516529795763545,0.0,0.9896030514814846,0.0,0.9579922438234867,0.0,0.0,0.0,0.9947459258645825,0.9654147059241962,0.0,0.0,0.9604708579928181,0.0,0.0,0.0,0.0,0.0,0.0,0.0,0.0,0.9883148069768631,0.0,0.0,0.0,0.9747651671573909,1.0001137210680913,0.9693595255558942,0.0,0.0,0.0,0.0,0.9907226321083868,0.0,0.0,0.0,0.0,0.0,0.9429618520434988,0.0,0.0,1.0018630027922437,0.9938027273639156,0.9934956678269005,0.0,0.0,0.0,0.0,0.0,0.0,0.0,0.0,0.0,0.0,0.0,0.0,0.9655079022630573,0.9614311825770329,0.0,0.0,0.0,0.9824074533039219,0.0,0.0,0.0,0.9563642762554599,0.9935685591842411,0.0,0.0,0.0,0.0,0.0,0.9698469069836108,0.0,0.0,0.0,0.0,0.976329705422798,0.0,0.0,0.9664653638239818,0.9732641579353297,0.0,0.0,0.989584632150488,0.0,0.9884785425643946,0.0,0.0,0.9936913062165873,0.0,0.0,1.0018506658817676,0.9660219925138334,0.0,0.0,0.0,0.9791681119053869,0.0,0.0,0.9639254769261193,0.0,0.0,0.0,0.9385691691082744,0.9738061942142114,0.0,0.0,0.0,0.9468185507257021,0.0,0.0,0.959838073616265,0.0,1.0057633057094866,0.9573312085454132,0.981550626338773,0.0,0.0,0.0,0.0,0.0,0.9433269131632936,0.9697012912352422,0.0,0.0,0.9587822281766764,0.9619437825891242,0.9584055565439911,0.0,0.9767244528401853,0.0,0.0,0.951359144689446,0.0,0.9915972906094025,0.0,0.0,0.9839338635821645,0.0,0.9784082988590191,0.0,0.0,0.0,1.0072772104893286,0.9841033632655766,0.0,0.0,0.0,0.0,0.0,0.0,0.9819182735298299,0.9845467161172521,0.0,0.0,0.0,0.0,0.9767984218855646,0.0,0.0,0.9884026049351952,0.0,0.9817203218877473,0.9953733958037028,0.9735695367026761,0.0,0.9420830349248174,0.0,0.0,0.0,0.9804898913940918,0.9791181268786776,0.0,0.0,0.0,0.0,0.0,0.0,0.0,0.9836109923996572,0.0,0.9971822438314794,0.0,0.949871171863093,0.9581175041811437,0.9552365809000534,0.0,1.012539131763936,0.0,0.0,0.0,1.0040249034417636,0.9430499793702831,0.971134288902672,0.0,0.9827036597546928,0.9760413425598733,0.0,0.0,0.9717273145634976,0.9786225208107647,0.9627736229614108,1.0059802641030622,0.9728271435749285,0.0,0.0,0.9453900945630433,0.0,0.0,0.0,0.0,0.9759904261931537,0.0,0.9737199053664685,0.0,0.0,0.9801995249072132,0.0,0.0,0.0,0.0,0.0,0.0,0.0,0.0,0.0,0.9976290791382886,0.0,0.0,0.0,0.0,0.0,0.961484808871841,0.0,0.0,0.9795751626913183,0.0,0.9996152054126285,0.0,0.0,0.0,0.9925287233275693,0.0,0.0,0.0,0.0,1.005761901430972,0.0,0.989658260842152,0.0,0.0,0.9951387076005636,0.9684494224828456,0.0,1.0035026918384153,0.981652745860969,0.0,1.009701254805737,0.0,0.0,0.9397922872219199,0.0,0.9539292011744971,0.0,0.0,1.0028255304754008,0.952563573634732,0.9797997925011362,0.0,0.9680166280873024,0.0,0.977146832828366,0.9722061223795065,0.994429240274122,0.0,0.9773885925021913,0.0,0.0,0.0,0.0,0.0,0.0,0.9701842719313745,0.9558474584631983,0.9840617917535687,0.0,0.0,0.0,0.0,0.0,0.0,0.0,0.0,0.0,0.0,0.0,0.0,0.9830889051526944,0.0,0.0,0.0,0.957328448578035,0.0,0.0,0.0,0.0,0.0,0.9642066799790252,0.0,0.0,0.0,0.0,0.0,0.9769311157650671,0.0,0.0,0.0,0.9880228363116937,0.0,0.0,0.0,0.0,0.0,0.0,0.9549178601904126,0.9738354722505518,0.9774155289002974,0.9574446273769186,1.0008425663841451,0.0,0.0,0.9536221014669117,0.0,1.005210353226571,0.0,0.0,0.0,0.9854435818528439,0.0,0.9447571393342185,0.0,0.0,0.0,0.9970449834603928,0.0,0.0,0.0,0.9866507074370029,0.9766938409009229,0.0,0.9853206205575734,0.9645175160428228,0.0,0.0,0.0,0.0,0.982404115348371,0.0,0.0,0.9567179579695275,0.9623177164069834,1.0061964111343553,0.0,1.000061109603881,0.9577112384933298,1.0099573129569444,0.9574058959836013,0.9747190681980246,0.9973223584303653,0.9546510875490856,0.0,0.0,0.0,1.011372802013767,0.0,0.0,1.005573226230751,0.0,0.9587928984739392,0.9590011704422474,0.0,0.9774147503130712,0.998694627866662,0.0,1.0118686181351748,0.9708197621856851,0.0,0.9976996597445102,0.9941820941938696,0.0,0.9337217871633853,1.0167747475988937,0.9915674424546324,0.0,0.0,0.0,0.9565470672487911,0.0,0.0,0.0,0.0,0.0,0.0,0.9697791057808144,0.0,0.0,0.9895488706698811,0.0,0.9868440697715885,0.0,0.0,0.991975260921969,0.0,0.0,0.0,0.0,1.0012752865138794,1.0105230030949421,0.0,0.0,0.0,0.0,0.972667917423781,0.0,0.0,0.0,0.0,0.0,0.9770428849479204,0.9998585912959882,1.0240519695143153,0.0,0.0,0.9926209412104979,0.0,0.9916261608518079,0.0,0.9810161968759403,0.0,0.0,0.994443753494721,0.0,0.0,0.9836811249518593,0.0,0.0,0.9374400784645793,1.01117317960271,0.0,0.0,0.9825887624978188,0.0,0.9825867682239612,0.0,0.0,0.9700745570388996,0.9876262516214308,0.0,0.0,0.0,0.0,0.9298966911734355,0.0,0.0,0.9738056724702989,0.0,1.0027056446295293,1.020052904528956,0.0,0.0,0.9966979418354417,1.0172312873204647,1.0019093734600346,0.0,0.0,0.0,0.0,0.0,0.9733764518177014,0.0,0.9457838733870796,0.0,0.0,0.0,0.0,0.0,0.0,0.9769763248461236,0.0,0.9885924426459335,0.0,0.0,0.936006887390639,0.9634854529542769,0.9802589663909476,0.9485764801709347,1.0018640432966044,0.9931004332804804,0.0,0.0,0.0,0.0,0.0,0.0,0.0,0.0,0.9784002838843783,0.0,0.9997773748308743,0.0,0.0,0.9943030515349569,0.9919094032052908,0.0,0.0,0.0,0.0,0.9836628283252719,0.0,0.0,0.0,0.0,1.005218899353237,0.9793414475148912,0.9657731500646257,0.9868113549166612,0.0,0.9729194176000268,0.0,0.0,0.9561447335634572,0.0,0.0,0.9704568140371814,0.0,0.0,0.0,0.0,0.9839538555440474,0.9820383423682131,0.0,0.0,0.973290689176754,0.0,1.0007707704571185,0.0,0.0,0.0,1.018537090200717,0.9885071795477999,0.9985801839105973,0.0,0.0,0.9685934567117163,0.9916866894946879,0.0,0.0,0.0,0.9702048602761584,0.0,0.0,0.0,0.9754207012392472,0.0,0.0,0.0,0.9970864943398932,0.0,0.0,0.9834689921730202,0.0,0.0,0.9590185092480231,0.0,0.0,0.0,1.005649888497819,0.0,0.0,0.983691208969978,0.0,0.0,0.0,0.0,0.9935829594975197,0.0,0.996513918418941,0.0,0.9928983631028886,0.0,0.9785820804496572,0.9710937903192541,1.005385012053261,0.9811334008004224,0.0,0.0,0.0,0.0,0.0,0.0,0.0,0.0,0.0,0.0,0.0,0.9839242179273656,0.0,0.9468344562358336,0.9859370015617835,0.9842363183058135,0.9991953635630314,0.0,0.0,1.0041443077265024,0.0,0.0,0.9836655348073983,0.9786795211884372,0.0,0.0,0.0,0.0,0.9931851275649668,0.0,0.0,0.0,0.0,0.0,0.9913887715318608,0.0,0.0,0.0,0.9529611111331165,0.9766095416458371,0.0,0.9981523058137453,0.9992324948407373,0.9935785927770142,0.0,0.9795770501396321,0.0,0.0,0.0,0.0,0.9869646505834246,0.955452288685619,0.9625389651709167,0.9679823606464771,0.0,0.0,0.0,0.0,0.977559172527088,0.0,0.0,0.0,0.0,0.0,0.0,0.0,0.0,0.0,0.9893664517475442,0.0,0.0,0.9771414646864707,0.9930599007281141,0.0,0.9554292216295962,1.008582437533579,0.0,0.0,0.0,0.0,0.0,0.9689210998522234,0.0,0.0,0.0,0.9705065122394145,0.9945967337380044,0.9995990668862132,0.0,0.0,0.9741030223411009,0.0,0.9803272606555831,1.005171567960485,0.0,0.0,0.9912296424169745,0.0,0.0,0.0
0.0,0.17298566807973792,0.16510368387915197,0.17591986610451957,0.186087036381157,0.0,0.0,0.20025109368714855,0.0,0.0,0.19613307073704955,0.0,0.20303087809393433,0.0,0.17509558249628268,0.2088624385104793,0.0,0.15928318358378085,0.20081397299820591,0.0,0.0,0.190530652891746,0.0,0.0,0.0,0.0,0.0,0.0,0.17668532339150234,0.0,0.20310689002123752,0.18403187639779134,0.18051762529452442,0.18367244788544837,0.0,0.2001554906884133,0.0,0.20361152992806508,0.0,0.0,0.0,0.0,0.1865189418997934,0.0,0.0,0.0,0.0,0.0,0.19366150720226163,0.20951265328236912,0.20109467128467423,0.186009270102337,0.16018309859164326,0.1902668457470061,0.18591476229883208,0.0,0.0,0.0,0.0,0.19404199135220015,0.20442263103735625,0.0,0.18012072148287694,0.0,0.0,0.0,0.22393844528777646,0.18941673314396285,0.0,0.1832860904761515,0.0,0.0,0.0,0.1950462075068836,0.0,0.0,0.0,0.17131032233048538,0.0,0.0,0.0,0.0,0.0,0.0,0.0,0.0,0.0,0.2084285861843175,0.1927797565580529,0.0,0.0,0.0,0.0,0.0,0.0,0.0,0.0,0.17151475197186847,0.0,0.0,0.0,0.0,0.18817710276997862,0.0,0.0,0.0,0.0,0.0,0.21045926481311295,0.0,0.0,0.19572346334811455,0.20655619205540063,0.19118250614921256,0.1972630030161608,0.0,0.20675231206135486,0.0,0.0,0.0,0.0,0.0,0.20091812530197534,0.20429933197709083,0.0,0.0,0.0,0.0,0.0,0.16285077906213272,0.20368371327322463,0.0,0.0,0.0,0.0,0.19140266080229817,0.0,0.0,0.0,0.0,0.0,0.20086417830057907,0.20651728980464218,0.0,0.1850740139544592,0.0,0.18644206320373205,0.0,0.1966683546524386,0.0,0.1966316789962836,0.0,0.0,0.0,0.0,0.18161444316870873,0.19357006034173038,0.0,0.18374219565869587,0.0,0.0,0.23068950714970496,0.0,0.0,0.1811940140606127,0.0,0.0,0.0,0.0,0.0,0.2104937138814774,0.0,0.0,0.0,0.18978250003733235,0.0,0.0,0.20282162043661714,0.17392813963196954,0.0,0.20971231814361593,0.0,0.0,0.0,0.1755409075455184,0.0,0.2074089849584397,0.0,0.18954888921417173,0.0,0.0,0.0,0.0,0.0,0.0,0.2153499138001783,0.0,0.0,0.19675765582320517,0.0,0.1966796569908148,0.1994870390095053,0.0,0.0,0.0,0.17975128420470973,0.0,0.0,0.20286023865247665,0.2019148389773484,0.19647157275357283,0.0,0.16684258019618609,0.0,0.18645044580980638,0.16903728250960567,0.19710736093558817,0.1910546912921232,0.0,0.0,0.17467350946508428,0.0,0.20885894750228906,0.0,0.1734466175893072,0.18846890266773728,0.17552561258521185,0.18281908723197804,0.0,0.1831082460962801,0.0,0.0,0.0,0.0,0.0,0.21895053185956856,0.19633284198058798,0.0,0.19839951166089348,0.19547110617106017,0.0,0.16106772882759052,0.0,0.0,0.0,0.0,0.18680488456103794,0.0,0.16617268053748102,0.0,0.0,0.0,0.19068545856060132,0.19957471401944557,0.169826854785676,0.1716215674696195,0.17993675300259757,0.19774237265293498,0.0,0.0,0.0,0.0,0.0,0.0,0.0,0.1845449978416382,0.0,0.0,0.1601594457017772,0.0,0.0,0.0,0.15373924753275728,0.0,0.1794619653698896,0.0,0.0,0.0,0.0,0.1690540193300425,0.0,0.0,0.0,0.0,0.1701116864499342,0.2027667086637241,0.0,0.0,0.0,0.0,0.0,0.0,0.0,0.0,0.0,0.16649505688193372,0.18995276699242247,0.0,0.19993774953810534,0.1853139904136989,0.0,0.0,0.20084828342352237,0.0,0.0,0.18270990175363663,0.0,0.17609449647830977,0.0,0.0,0.0,0.17916919238298837,0.0,0.0,0.1922729554588361,0.19313862624465764,0.0,0.20892830261951761,0.0,0.0,0.0,0.0,0.0,0.0,0.1687583959290181,0.0,0.21113866643047005,0.18401007422226948,0.0,0.0,0.19252036416706791,0.19230989650410693,0.0,0.0,0.16139630170483057,0.0,0.0,0.0,0.1907728645356684,0.0,0.2116434878784853,0.0,0.0,0.17430477684994933,0.19244371283107853,0.0,0.21145619386966893,0.1877195080547162,0.199493769522647,0.0,0.1838486613424741,0.0,0.0,0.0,0.0,0.0,0.0,0.0,0.0,0.0,0.0,0.0,0.0,0.19825181632198793,0.20691450712213072,0.1938851130258976,0.0,0.0,0.0,0.0,0.19229939663613324,0.20714874355651283,0.0,0.0,0.0,0.0,0.0,0.21908806961502,0.19298798041176515,0.0,0.0,0.1946387979082297,0.1732332409936742,0.0,0.0,0.18216438814097033,0.0,0.0,0.0,0.0,0.0,0.0,0.0,0.0,0.0,0.0,0.20368881489291568,0.18021121193805373,0.0,0.0,0.0,0.21270023486107253,0.0,0.0,0.20142348944202196,0.0,0.0,0.0,0.17961264618375553,0.0,0.0,0.21097149221806244,0.16872829270475165,0.0,0.21772994420619451,0.1747295985107775,0.19563033622560244,0.0,0.0,0.20676358526418434,0.0,0.0,0.0,0.0,0.19078420206882263,0.0,0.0,0.0,0.0,0.0,0.22043317304666324,0.0,0.1871362286343859,0.0,0.0,0.0,0.0,0.0,0.0,0.16085200497889984,0.0,0.17963030973126246,0.1799112967291881,0.199046161722439,0.0,0.0,0.18809615988367223,0.0,0.0,0.0,0.20806857358268452,0.19951182978434293,0.0,0.0,0.21530319611347426,0.0,0.0,0.0,0.0,0.0,0.0,0.0,0.0,0.0,0.0,0.0,0.0,0.0,0.0,0.0,0.0,0.0,0.18679590378988561,0.0,0.0,0.0,0.18066149799282932,0.19849753548867682,0.0,0.2040538283499932,0.0,0.0,0.0,0.1992087329899733,0.0,0.0,0.0,0.18511137106531533,0.0,0.0,0.0,0.0,0.0,0.0,0.1940353119759748,0.0,0.0,0.18373281918376527,0.18056942681341706,0.17771363827464265,0.22722483879872327,0.19946404272007348,0.0,0.17705643744412763,0.0,0.0,0.0,0.190209579936963,0.20364427825617717,0.18104086660167013,0.20289759501580829,0.0,0.0,0.20741409686518497,0.0,0.0,0.0,0.20638065876098385,0.0,0.0,0.0,0.0,0.17845644553907092,0.22594041786171373,0.0,0.0,0.20362143946123448,0.0,0.0,0.0,0.1773987822834723,0.0,0.20119632258708064,0.0,0.0,0.0,0.19164647276804475,0.0,0.0,0.18970759476654267,0.0,0.0,0.0,0.21129201302887396,0.0,0.0,0.0,0.1842747129030111,0.0,0.15517473579386143,0.0,0.0,0.0,0.0,0.212963464861907,0.0,0.1957631933344426,0.20032538573961658,0.0,0.1814419976081105,0.2012833537313485,0.19854404031934195,0.0,0.0,0.20691556776654307,0.0,0.0,0.17584591657693047,0.19976512660502754,0.0,0.0,0.18313349024611386,0.0,0.0,0.0,0.19883446238545127,0.0,0.0,0.0,0.0,0.0,0.0,0.0,0.203263434600982,0.15759245431469662,0.0,0.18802223191989306,0.0,0.0,0.0,0.0,0.0,0.16988412461755711,0.0,0.0,0.0,0.0,0.19310225644993523,0.0,0.21763237974948155,0.18409047216089472,0.0,0.16854998140042723,0.19416036598084085,0.0,0.0,0.1914779909889306,0.0,0.21029001178749385,0.0,0.0,0.2157091236835459,0.21212550384589646,0.0,0.0,0.20811948447357773,0.0,0.0,0.0,0.1970029100036387,0.0,0.0,0.0,0.18275080989720724,0.0,0.0,0.0,0.0,0.19558973962829654,0.0,0.20530549158524505,0.0,0.20220532876359845,0.0,0.0,0.19121449590174097,0.0,0.0,0.0,0.0,0.21172551335117623,0.19010945704932697,0.0,0.0,0.0,0.0,0.0,0.0,0.0,0.1640114291304813,0.2024840156473283,0.0,0.0,0.0,0.0,0.16732936587948508,0.18690394268181565,0.21514021885618656,0.0,0.0,0.0,0.0,0.0,0.0,0.0,0.0,0.0,0.20130367581533215,0.0,0.20557720157621603,0.1943360710472443,0.17567383331930406,0.18452505984178755,0.206333342802113,0.0,0.0,0.0,0.0,0.0,0.16568313958958744,0.17149182700489762,0.0,0.1786105219605778,0.17126535118018987,0.0,0.22237123685558116,0.0,0.0,0.21312890374923366,0.0,0.18181445917709171,0.18366525907031592,0.0,0.0,0.0,0.0,0.19817968652080925,0.0,0.18444075842556357,0.0,0.0,0.0,0.1947202645530403,0.0,0.2055800147497341,0.0,0.1883448556912611,0.0,0.20739892154880435,0.0,0.18173485727302835,0.0,0.0,0.1848786963519036,0.0,0.0,0.0,0.0,0.0,0.0,0.20148763830613475,0.21357699423906384,0.2200599118940821,0.17572399687595847,0.0,0.20494022722084473,0.0,0.21112912281674087,0.0,0.0,0.21285501229392897,0.0,0.2018752669325602,0.0,0.0,0.0,0.0,0.0,0.0,0.22946920986185432,0.0,0.19305230153076833,0.0,0.0,0.0,0.0,0.0,0.0,0.17746280908884945,0.0,0.2204736049001506,0.21023111026808208,0.19393358791686172,0.17485316042606686,0.0,0.19364295686027183,0.1794603481319021,0.0,0.21007516482429003,0.17175350790201252,0.15381736485556669,0.0,0.0,0.1777119246600064,0.0,0.21560715297378927,0.18501242180505337,0.17574291826131988,0.1960655033204974,0.0,0.0,0.0,0.1847585341570405,0.17973708436475408,0.0,0.0,0.19860369652295687,0.18043326204523927,0.0,0.0,0.0,0.20502959264564213,0.19882166079485952,0.0,0.20554658885425617,0.19784725797478864,0.2115951800229559,0.18162764424445227,0.0,0.0,0.21120879005717527,0.20128472512274445,0.0,0.0,0.19298931876374106,0.19900142585692804,0.22011223622045334,0.0,0.0,0.18051075727441349,0.0,0.17774009551275563,0.1967781580729037,0.18782324840758427,0.0,0.19445970906152285,0.0,0.0,0.0,0.0,0.0,0.1964322069466898,0.0,0.0,0.0,0.0,0.19856783639931283,0.19722540386613188,0.19694125881520672,0.0,0.0,0.0,0.0,0.0,0.0,0.21060955024048134,0.0,0.18390379162584283,0.0,0.17645913101432326,0.0,0.0,0.0,0.0,0.0,0.0,0.0,0.0,0.19265063197372678,0.1821549239174128,0.0,0.0,0.197245480706455,0.0,0.0,0.0,0.0,0.17979981882774027,0.21485383892506554,0.0,0.20108290550820104,0.20747351215353538,0.20555890920188158,0.0,0.0,0.0,0.20754097245328174,0.19014102446658399,0.0,0.0,0.0,0.0,0.19786245742841413,0.0,0.0,0.0,0.0,0.19787050285241478,0.21770908852306728,0.0,0.0,0.0,0.1702075353091373,0.0,0.0,0.19427898016392953,0.2030207950230658,0.23135945627149462,0.20158833135984178,0.0,0.0,0.0,0.0,0.20122052337559046,0.0,0.0,0.0,0.0,0.0,0.0,0.0,0.0,0.0,0.0,0.0,0.0,0.0,0.18449295339999705,0.19649407824478482,0.0,0.0,0.18720986611310386,0.0,0.19131300024381748,0.18554161365611077,0.0,0.20384710748265686,0.0,0.0,0.0,0.0,0.0,0.0,0.0,0.1859796668757262,0.0,0.1803371220801602,0.1791024345556417,0.2126452943616667,0.0,0.19929997335693647,0.0,0.0,0.0,0.18816405145921614,0.0,0.0,0.18105940924384645,0.0,0.0,0.0,0.20168984001830015,0.0,0.0,0.0,0.0,0.20007980874875803,0.2130292211941809,0.0,0.17684518477968658,0.2016645522232023,0.19612867611500429,0.1815322996459548,0.0,0.0,0.21518612336406176,0.20948764768155032,0.0,0.0,0.0,0.0,0.18260376960714392,0.0,0.0,0.0,0.0,0.0,0.0,0.0,0.0,0.0,0.2044134696257974,0.0,0.0,0.19522770723323704,0.1757574942378689,0.0,0.0,0.0,0.0,0.0,0.0,0.0,0.0,0.0,0.0,0.0,0.0,0.0,0.1823064483917088,0.2018914502039222,0.0,0.0,0.0,0.18898061673417782,0.21071082153748125,0.17829878591166068,0.2062735933271871,0.0,0.18256786311964215,0.21730405787714552,0.0,0.0,0.21469346737593337,0.0,0.0,0.0,0.1849869171791144,0.0,0.21473788325172163
0.34762798203971534,0.0,0.35727910953896097,0.323912329510755,0.35974237041308654,0.0,0.0,0.3725705654792204,0.3332383985108752,0.0,0.37084098026665896,0.0,0.0,0.0,0.0,0.32542661080546686,0.0,0.0,0.3622901473472967,0.0,0.3266212829651491,0.0,0.36488021160165063,0.0,0.0,0.0,0.3479555098033563,0.0,0.0,0.0,0.0,0.360267975020192,0.34103242158631825,0.0,0.0,0.3590246075103306,0.0,0.3401155103718086,0.0,0.0,0.3357696147177817,0.0,0.0,0.0,0.0,0.0,0.35518031923013077,0.0,0.3302595992933994,0.34404019111115763,0.0,0.33542283933287254,0.0,0.0,0.3568116718268369,0.36711346280730156,0.34243019416914505,0.3685631478461564,0.0,0.0,0.0,0.0,0.35355691760058866,0.3142087422907183,0.36285744107218587,0.0,0.38183533412118115,0.0,0.0,0.0,0.0,0.0,0.0,0.3515063583908546,0.0,0.0,0.3352904928857703,0.33031616463172125,0.34708036583341334,0.3638261975599488,0.36530947926668594,0.0,0.0,0.0,0.0,0.0,0.3477531291358517,0.3654520766861699,0.36728990311706394,0.0,0.391500397777289,0.0,0.33791326936115756,0.0,0.3543017754781195,0.0,0.0,0.0,0.0,0.0,0.0,0.0,0.34840950061410164,0.35003022829252073,0.0,0.37085984882939277,0.0,0.0,0.0,0.0,0.0,0.0,0.34896509686828436,0.0,0.0,0.0,0.331778959422368,0.0,0.38209708381257756,0.32532499434629875,0.0,0.3701326172570524,0.3403553381787635,0.0,0.0,0.33362811809312537,0.0,0.32728235283928986,0.0,0.0,0.35787592249174704,0.0,0.0,0.0,0.0,0.0,0.0,0.35461933777047006,0.0,0.0,0.0,0.0,0.3561130806944365,0.0,0.0,0.0,0.0,0.32651171549794217,0.33634071401416993,0.0,0.37873874818959524,0.3683463019434897,0.0,0.35101293443760984,0.3285314052866189,0.0,0.3526734374270356,0.0,0.0,0.3551021523100904,0.0,0.33855955909587776,0.0,0.0,0.0,0.0,0.3632479249715202,0.342017440487876,0.0,0.32357143151585743,0.0,0.0,0.0,0.0,0.3648701161622453,0.0,0.0,0.33233412882448576,0.3392145287536776,0.0,0.32912882896028417,0.34791798440926297,0.0,0.0,0.0,0.0,0.0,0.0,0.3562395265722761,0.3573078418853682,0.0,0.36146479497448986,0.0,0.34057138483834315,0.0,0.34863710438249607,0.36521313363125546,0.3462901554841334,0.0,0.3651543594115941,0.3574513266259894,0.338049782582418,0.0,0.0,0.35704995783503196,0.0,0.3713911521553531,0.0,0.3501864893073965,0.3495350697866373,0.0,0.0,0.35972251503210834,0.0,0.3320410298438366,0.3350248590782405,0.0,0.0,0.376019948358115,0.36301896365209585,0.0,0.3604619918949856,0.3322398197043184,0.0,0.3470518067991057,0.352634270030521,0.0,0.0,0.3539767908698821,0.34627053406660385,0.0,0.0,0.0,0.0,0.0,0.0,0.37095621478840124,0.0,0.337696181374058,0.34405610992337826,0.3598662231563172,0.3663381309595288,0.0,0.0,0.0,0.0,0.37472278643777834,0.0,0.0,0.0,0.36041761633198854,0.0,0.0,0.0,0.0,0.3372069037188369,0.3653318665965647,0.3665768330994213,0.3521491151241692,0.36104743460030314,0.0,0.3668945286622567,0.35551352238776956,0.0,0.0,0.35226947984363877,0.0,0.0,0.0,0.35950438586263955,0.0,0.0,0.363228717147658,0.0,0.0,0.0,0.0,0.0,0.0,0.0,0.0,0.387481967358212,0.3360686704817554,0.0,0.33882305478116853,0.0,0.0,0.3347616114629321,0.0,0.0,0.0,0.0,0.0,0.0,0.0,0.3198999817780904,0.0,0.3293428181481827,0.0,0.32757017403467253,0.3567035618153795,0.0,0.35596193088297995,0.34155288697161434,0.0,0.0,0.0,0.34234975936618633,0.0,0.34814988370444977,0.0,0.0,0.3657526838894161,0.34735718146407335,0.0,0.36437520419210206,0.0,0.0,0.33452432484359973,0.0,0.37134357628289094,0.3478131885644438,0.0,0.0,0.3682767946760869,0.0,0.34903624103957165,0.0,0.0,0.3598861550936374,0.32913185755933166,0.3686138708555692,0.34550651305468283,0.0,0.0,0.0,0.0,0.0,0.0,0.0,0.0,0.0,0.0,0.0,0.3588879768836555,0.3628996784911891,0.34999954953606915,0.0,0.35856212514885444,0.3558834860253014,0.3489643683665738,0.0,0.0,0.3585988114697766,0.3394133637685209,0.0,0.0,0.0,0.0,0.36678879778676515,0.0,0.3496714634829824,0.3471333416310979,0.35488378845221025,0.0,0.0,0.0,0.0,0.3254228232717596,0.3473194160760369,0.3273465428303662,0.0,0.3740503978045684,0.34703784600817617,0.3464784401750829,0.0,0.376006557571111,0.36319690322897386,0.0,0.0,0.0,0.33691792635959,0.0,0.37160572854743446,0.3646734928162115,0.36164384706206515,0.0,0.0,0.0,0.0,0.0,0.0,0.0,0.0,0.0,0.0,0.0,0.0,0.0,0.3704396111062021,0.0,0.0,0.0,0.0,0.0,0.0,0.0,0.3617016290377869,0.0,0.0,0.0,0.0,0.32722640977593914,0.3531241532872701,0.34293645279948426,0.0,0.0,0.0,0.0,0.0,0.0,0.0,0.0,0.0,0.35348294645549144,0.3654950654043188,0.3708036318836375,0.0,0.34465130875468214,0.0,0.365691064542536,0.0,0.0,0.0,0.0,0.0,0.37291727502287464,0.0,0.30714645178718775,0.38335002015715586,0.0,0.0,0.0,0.0,0.0,0.0,0.0,0.0,0.0,0.0,0.0,0.0,0.33217234471744017,0.0,0.0,0.3466457946253607,0.0,0.31968885376854544,0.0,0.0,0.0,0.0,0.0,0.3385251936951751,0.0,0.3437292243605065,0.3328855240511648,0.0,0.3675739944726386,0.3345466441509838,0.343288439451168,0.0,0.0,0.0,0.0,0.3657841633989312,0.0,0.0,0.3628579281474533,0.36623872508732813,0.0,0.0,0.0,0.0,0.0,0.0,0.0,0.0,0.0,0.3460288115461346,0.3000179594417438,0.0,0.0,0.35365097501796816,0.0,0.0,0.0,0.3400781943967593,0.3552274483470253,0.0,0.0,0.36212341600150744,0.0,0.3589216275041069,0.0,0.31660169531513077,0.35176517455336126,0.3448866376296701,0.0,0.0,0.348113182456084,0.36584335954063735,0.0,0.0,0.0,0.0,0.0,0.0,0.0,0.3699261707194412,0.37147796053408094,0.0,0.36657657959251216,0.0,0.0,0.0,0.36271951264654845,0.0,0.0,0.0,0.0,0.0,0.0,0.0,0.0,0.0,0.0,0.0,0.0,0.3471117650784219,0.36695302758641607,0.3711954311856373,0.0,0.37570907607053744,0.0,0.0,0.0,0.0,0.0,0.35016205103964115,0.0,0.0,0.34552561133367826,0.0,0.0,0.0,0.3460582494716497,0.35024803844771424,0.35573229768308495,0.0,0.3272996617532134,0.35067599150209017,0.0,0.3445633263302919,0.0,0.0,0.3514038708785587,0.0,0.35075456967777774,0.0,0.0,0.3292007387364872,0.34638670418475426,0.3381288371493794,0.0,0.3599392069059171,0.3696727970104842,0.0,0.34621178619016385,0.3620844359872244,0.36839547517846066,0.34218639647731447,0.0,0.3653651837746485,0.341424304110117,0.0,0.3233772347722815,0.37439379251040317,0.0,0.0,0.0,0.0,0.37885037559941614,0.0,0.3754842143950749,0.0,0.341052837425915,0.37677148342128075,0.3614413644486869,0.0,0.34828547239541074,0.33756309927843803,0.3405428401615576,0.0,0.0,0.37618853111117007,0.0,0.3499327993808248,0.0,0.0,0.0,0.3638172599577095,0.0,0.0,0.0,0.0,0.37119551506965476,0.3469914761975366,0.0,0.0,0.0,0.35689054974191103,0.0,0.0,0.3528276561144286,0.0,0.0,0.0,0.0,0.0,0.0,0.0,0.3320169487467529,0.0,0.35597041599144,0.0,0.3511033648715608,0.3413985567251001,0.3724087124540008,0.0,0.3863912278325462,0.3544309824008125,0.35444513844487807,0.3469605443689638,0.0,0.3344588496369485,0.0,0.0,0.0,0.0,0.0,0.373685570925308,0.0,0.35280997894921057,0.0,0.0,0.3459219440045738,0.0,0.0,0.0,0.0,0.0,0.3637439456886101,0.36465458809357226,0.0,0.3142216421397911,0.3548625468780393,0.0,0.0,0.36567588997144473,0.33390994603770197,0.0,0.0,0.34044577493325895,0.0,0.0,0.0,0.37079001106731074,0.0,0.3284367995811007,0.36913198828080157,0.0,0.3317405203474238,0.0,0.0,0.0,0.0,0.3447875187374546,0.0,0.36117124851093585,0.0,0.0,0.0,0.0,0.0,0.36591732650623854,0.0,0.0,0.0,0.3658121011011851,0.0,0.0,0.0,0.0,0.322400157157926,0.0,0.0,0.0,0.34734030926430715,0.0,0.0,0.0,0.0,0.38127827239110906,0.0,0.35956358142332145,0.0,0.3589175871789086,0.36273790671145706,0.0,0.0,0.35796575304762757,0.0,0.0,0.3584301411157806,0.0,0.0,0.0,0.0,0.3863294916499232,0.33752996200869684,0.35443122617582123,0.36846720647143955,0.0,0.3549559715591996,0.0,0.0,0.0,0.0,0.34658945756399595,0.0,0.32787552387762847,0.0,0.351576675686288,0.0,0.0,0.3619890814849509,0.345750640581023,0.36085686765934605,0.3183079304530783,0.3574400950192549,0.3588657814151317,0.0,0.34158668012124593,0.0,0.0,0.0,0.333535793814876,0.0,0.3615931186015099,0.3501672826311863,0.33271779490492775,0.3561044694808114,0.0,0.0,0.0,0.356726491319211,0.3479274347443417,0.0,0.37145110386548436,0.34135248242492,0.0,0.0,0.3574880854375616,0.3510004496845214,0.3412605759881839,0.0,0.3265276323685,0.34377274370909167,0.34954480450443914,0.34513969748864887,0.3621340026238675,0.0,0.0,0.33742237044192724,0.0,0.3772512353091156,0.0,0.0,0.0,0.0,0.0,0.0,0.33005635427402247,0.38423866906758347,0.0,0.0,0.3603818008314761,0.3361329373390994,0.0,0.33974007923823235,0.3283803746441633,0.3467448547109744,0.3456908781393183,0.0,0.35221719028734005,0.35933949095146517,0.0,0.0,0.0,0.0,0.0,0.36465239771193353,0.0,0.3114868863831885,0.34679388843169356,0.0,0.3527468434737626,0.0,0.0,0.0,0.0,0.0,0.0,0.0,0.0,0.0,0.0,0.3292983629622243,0.0,0.3504403163562301,0.369705598501592,0.0,0.35076172846521325,0.3541500556745334,0.3397814430490334,0.34480451361340136,0.0,0.0,0.0,0.0,0.0,0.0,0.0,0.0,0.3284525415650369,0.0,0.38717709172161563,0.31272301746543085,0.0,0.0,0.349990212701831,0.0,0.0,0.0,0.0,0.35562405699764643,0.3713372759751587,0.0,0.0,0.0,0.32286855279237736,0.0,0.0,0.0,0.0,0.0,0.3440742886556159,0.0,0.3849720618995404,0.0,0.0,0.0,0.0,0.0,0.0,0.357246302877797,0.0,0.3402040499667184,0.0,0.0,0.34691330335793197,0.0,0.3630382426155675,0.35986031269211427,0.3243357305929003,0.0,0.0,0.0,0.3557611806652794,0.0,0.0,0.0,0.0,0.0,0.34036985891301996,0.3593961593979299,0.0,0.3154222540464808,0.0,0.3472430603551336,0.0,0.0,0.0,0.34548117942863876,0.0,0.36986131248538395,0.0,0.0,0.36239877317621444,0.0,0.0,0.0,0.34067340394763224,0.33252750846703427,0.0,0.0,0.0,0.0,0.0,0.3752926795293791,0.3374591343223101,0.0,0.0,0.0,0.0,0.0,0.3508560393530173,0.0,0.3644886184764427,0.0,0.0,0.0,0.0,0.3250366164782111,0.3728334733359228,0.0,0.0,0.0,0.0,0.3583688635316386,0.36674197501330963,0.0,0.0,0.3521948664570619,0.0,0.35166875385188673,0.0,0.0,0.35033552177601673,0.0,0.0,0.35034697830416994,0.3753316046698511,0.0,0.0,0.3361690596441836,0.0,0.3548380737248865,0.0,0.0,0.3485010797383642,0.0,0.0,0.3493474882080739,0.0,0.3892655309076571,0.0,0.0,0.0,0.0,0.0,0.0,0.3431337794645782,0.0,0.0,0.0,0.3612848127793327,0.0,0.0,0.3245988831177004,0.0,0.0,0.0,0.0,0.3402377540283929,0.0,0.0,0.0,0.3828278284197099,0.3419848138941094,0.0,0.0,0.0,0.0,0.34301742872720015,0.3432283061275151,0.3829514964929599,0.0,0.35217260638746517
0.0,0.7578004109573687,0.0,0.0,0.0,0.0,0.0,0.0,0.0,0.0,0.0,0.7689258177709574,0.0,0.0,0.7280607303389446,0.0,0.0,0.0,0.0,0.0,0.0,0.7690972294846733,0.0,0.0,0.7631472554260874,0.7474205280060037,0.0,0.0,0.0,0.0,0.0,0.0,0.7610229645882143,0.7611926562875151,0.0,0.0,0.0,0.0,0.7572809865282679,0.0,0.0,0.0,0.7306154018695419,0.0,0.7402933959908832,0.7336879828090055,0.7274633851038067,0.766543820040402,0.0,0.7533781181068308,0.7356025250213869,0.765999898412025,0.7613316571320489,0.0,0.7683341674429336,0.7701856880266814,0.0,0.7205693460594615,0.0,0.0,0.0,0.7506433703267946,0.0,0.7408313263409557,0.751993344386006,0.0,0.0,0.0,0.0,0.7459717390452829,0.0,0.0,0.0,0.794945942121305,0.0,0.0,0.7602657783307384,0.763772531474087,0.0,0.7655284066698911,0.0,0.7643368428493645,0.0,0.0,0.0,0.7650048391223332,0.7543636097488916,0.7504842836442174,0.0,0.0,0.0,0.0,0.0,0.0,0.7422810630666958,0.0,0.0,0.7589788289345063,0.0,0.0,0.7881727654664316,0.0,0.0,0.0,0.0,0.7673259044363895,0.0,0.0,0.0,0.0,0.7415244949562052,0.0,0.7580563832830034,0.7500950577478963,0.7540691654407521,0.0,0.769376598134596,0.0,0.0,0.0,0.7432067046496306,0.0,0.0,0.7481568765670757,0.0,0.753597569839094,0.0,0.0,0.7622287041070588,0.757589358380625,0.7393895435624962,0.0,0.0,0.0,0.0,0.0,0.0,0.0,0.7674090483761632,0.7404021962663858,0.0,0.0,0.0,0.7441970726350858,0.0,0.0,0.0,0.755010070819163,0.0,0.7529251412616957,0.0,0.0,0.7617658540833809,0.0,0.7715983953147079,0.0,0.7453204408197885,0.0,0.0,0.7811186723619732,0.0,0.0,0.0,0.0,0.753737143094668,0.0,0.7546338595528443,0.7626607907465566,0.7676750455956838,0.0,0.0,0.0,0.7464612418340315,0.0,0.0,0.7173683386278429,0.7577915971095889,0.0,0.7703289304588131,0.0,0.7592579720561354,0.7592977117400523,0.0,0.0,0.7402028272177519,0.7563421257411019,0.0,0.7613189394939008,0.7414192708348807,0.0,0.7741989445945959,0.0,0.0,0.7596286723073379,0.0,0.0,0.0,0.7716248849783365,0.7597571514266749,0.0,0.0,0.7609082223333088,0.7604044046899578,0.0,0.0,0.0,0.0,0.0,0.7754900307807818,0.0,0.0,0.0,0.7802548157008081,0.0,0.764820988262926,0.7495594655396924,0.0,0.0,0.0,0.0,0.0,0.0,0.0,0.0,0.7134818569829029,0.7734208110966868,0.7662246621686682,0.7671112168300745,0.0,0.7113037998853902,0.7357423042778289,0.7636123708705717,0.0,0.0,0.0,0.0,0.7706919817269606,0.0,0.0,0.7539573384619606,0.0,0.0,0.7336233380532596,0.0,0.7685722128234685,0.0,0.7225315704620563,0.0,0.0,0.0,0.0,0.0,0.7730161252713679,0.0,0.7543436222232419,0.7482738322536698,0.0,0.0,0.7656310779822162,0.7280792416272736,0.7424607651331514,0.0,0.7385373125996196,0.7453687975702888,0.0,0.7505790010911888,0.0,0.0,0.745113240297144,0.0,0.0,0.0,0.7618873114229456,0.770972629560317,0.746004313599737,0.0,0.0,0.0,0.7498337636621767,0.0,0.0,0.0,0.0,0.0,0.0,0.7521668430916855,0.725298500184786,0.775457580431544,0.0,0.754102108413485,0.7279336634456376,0.7778482260290221,0.7539586739255166,0.0,0.0,0.0,0.0,0.0,0.0,0.7548264212197153,0.0,0.0,0.0,0.0,0.0,0.0,0.0,0.7574212681359181,0.0,0.0,0.0,0.0,0.0,0.7532382629586415,0.0,0.7513870581083446,0.7357798457006144,0.0,0.7636113351743505,0.0,0.7382765708135988,0.0,0.0,0.0,0.7353295973946988,0.0,0.7560468428475022,0.7178419399036445,0.0,0.7246511515634836,0.0,0.0,0.7536570394523995,0.0,0.0,0.0,0.7543296534019504,0.0,0.754171953596146,0.735304084957852,0.0,0.0,0.0,0.0,0.0,0.7504324301484562,0.7594525518400437,0.7576951760872139,0.7255621791733032,0.7806980428302063,0.0,0.0,0.0,0.7630018320173145,0.0,0.0,0.0,0.7574304766525524,0.7485526356912766,0.0,0.0,0.7525741510385492,0.7591196448386016,0.7694479751674762,0.0,0.0,0.0,0.7796283284003993,0.0,0.757389518094355,0.0,0.0,0.759225463659817,0.7721861949168615,0.7705921667436596,0.0,0.0,0.0,0.0,0.767060071197527,0.7570947590652979,0.0,0.0,0.0,0.0,0.0,0.7660372387733692,0.734722724444658,0.0,0.0,0.0,0.0,0.0,0.0,0.7376663985197046,0.7685667608905297,0.0,0.0,0.0,0.7656822670431105,0.7551221836366684,0.0,0.0,0.7452138718182949,0.0,0.7434522768991783,0.7293162713750168,0.0,0.0,0.0,0.0,0.7333534746294462,0.7599990712352924,0.0,0.0,0.0,0.0,0.0,0.0,0.0,0.0,0.0,0.0,0.0,0.7489280556426225,0.0,0.0,0.7553794813758451,0.0,0.0,0.771538626584056,0.0,0.7576322090436792,0.0,0.0,0.0,0.0,0.7533833980156093,0.0,0.7377963383002994,0.0,0.765803758104448,0.0,0.7515621361734848,0.0,0.0,0.0,0.0,0.7429829449003894,0.7791028192170328,0.0,0.0,0.7496155086148177,0.7737592042730954,0.0,0.750427677180941,0.0,0.0,0.7406699725036238,0.0,0.0,0.0,0.7462413805150435,0.0,0.7577415272116915,0.0,0.7698950060067038,0.0,0.0,0.0,0.7404668021933353,0.0,0.0,0.0,0.0,0.0,0.760765187964467,0.0,0.0,0.0,0.0,0.0,0.7574971926127716,0.0,0.0,0.0,0.0,0.7545197715177628,0.0,0.7477176987885157,0.0,0.7721195241109383,0.7433664497530149,0.756428046393581,0.0,0.0,0.0,0.0,0.7615319313160801,0.7517677046440361,0.0,0.7474522792002861,0.0,0.7678331369211407,0.0,0.7700208838605054,0.0,0.0,0.7588203417306651,0.0,0.0,0.7484019680876194,0.0,0.0,0.0,0.7836215377772654,0.7768788202949434,0.0,0.0,0.740434741674958,0.0,0.0,0.746079012280798,0.0,0.0,0.7414232657360724,0.0,0.0,0.0,0.0,0.7309736697031503,0.0,0.7519468763021114,0.0,0.7450364322944755,0.0,0.0,0.0,0.0,0.7826060139141321,0.0,0.7608103201894577,0.0,0.0,0.0,0.0,0.0,0.0,0.0,0.7670499120523515,0.0,0.0,0.0,0.0,0.767243821034026,0.0,0.7423098135691106,0.7465984926090611,0.0,0.0,0.7347732861619163,0.7729061906891557,0.7389272108446076,0.7660877770723008,0.747177483337536,0.0,0.0,0.0,0.0,0.0,0.0,0.7602684012713941,0.0,0.753832777649599,0.0,0.7545949119520895,0.0,0.7424305980843221,0.7426637978339011,0.7252923844873866,0.780616512816487,0.7566439030244583,0.0,0.0,0.7470649247269397,0.0,0.7678300091115817,0.0,0.0,0.0,0.0,0.0,0.0,0.7297309846053477,0.0,0.0,0.7477272242882426,0.0,0.7806575226776781,0.0,0.7694048405027932,0.0,0.7528938881065832,0.7545588271128194,0.0,0.0,0.7486585137510036,0.770832167526405,0.0,0.0,0.0,0.7858055260353103,0.7486039026296926,0.76735449827938,0.7394286920679825,0.7584784116616745,0.7437754298603966,0.0,0.0,0.0,0.0,0.7459208936357103,0.7404955153099517,0.7679190213249263,0.0,0.0,0.0,0.0,0.7637183292416357,0.0,0.7483010263483553,0.7497784212487147,0.7592268173789061,0.0,0.747664858820041,0.7554148779244441,0.772583598149304,0.0,0.0,0.0,0.7497132126351528,0.0,0.7451694668733078,0.7316140348078336,0.0,0.7594664070227146,0.744103775116231,0.0,0.760818167393668,0.7592290469477644,0.0,0.7487544077258085,0.0,0.756192520608869,0.0,0.766619799735982,0.0,0.7312127281061445,0.0,0.0,0.0,0.0,0.757215466058348,0.7513393350298037,0.7736640364583588,0.0,0.0,0.7661932846293967,0.7320415783798897,0.7431524023136532,0.0,0.751211629030161,0.7385618807634264,0.7732515609134349,0.7528851137162761,0.0,0.0,0.0,0.0,0.7919427755015509,0.0,0.0,0.7463366923521338,0.7531765828079392,0.7674089911647878,0.0,0.0,0.7645182914130626,0.0,0.0,0.7242076091345486,0.0,0.0,0.0,0.0,0.7542465783010586,0.0,0.7658168010172535,0.7555877412483158,0.0,0.0,0.7697483776903893,0.0,0.7469008952475109,0.0,0.0,0.7512124156141983,0.7642476900944019,0.0,0.0,0.7577791777503263,0.0,0.0,0.7558308820237312,0.7479347345245967,0.7647935576837748,0.0,0.0,0.0,0.0,0.0,0.0,0.7681183072150839,0.7472870471436888,0.0,0.0,0.7411459832426711,0.7383074800123492,0.0,0.7565289213550476,0.7685721357608212,0.7438527520300726,0.0,0.7690289480743085,0.760444105242524,0.0,0.0,0.0,0.0,0.0,0.0,0.0,0.7960748650721983,0.0,0.0,0.0,0.7554131773902074,0.0,0.0,0.0,0.0,0.7710616589434166,0.0,0.7457274831702715,0.0,0.7509059424798293,0.0,0.0,0.0,0.7716386086464215,0.7731429210013876,0.7275539849739779,0.0,0.0,0.0,0.0,0.7385659541981207,0.0,0.0,0.7584171532830035,0.76666882248951,0.0,0.0,0.0,0.0,0.7339376991454485,0.0,0.7419128413193342,0.0,0.7721695238804449,0.0,0.0,0.754796432459196,0.0,0.0,0.0,0.0,0.0,0.0,0.0,0.768594094741312,0.7458149305907815,0.0,0.0,0.0,0.7423009575798523,0.0,0.0,0.7562505275529512,0.7677941186789341,0.7744750886314044,0.7572726326828242,0.0,0.7501005423597588,0.0,0.0,0.7774298901986513,0.0,0.0,0.0,0.0,0.0,0.0,0.0,0.0,0.7659147207955295,0.0,0.7447450187673436,0.0,0.7280167016299314,0.0,0.0,0.0,0.0,0.0,0.0,0.0,0.7556613925642622,0.0,0.0,0.7523406972005414,0.0,0.0,0.0,0.74793713318656,0.0,0.0,0.770251860785861,0.0,0.0,0.0,0.0,0.7415871948162024,0.0,0.0,0.0,0.0,0.0,0.0,0.0,0.7577943158590239,0.0,0.7689065222312578,0.0,0.7570869037329813,0.7239803333872041,0.0,0.7511365658023101,0.0,0.7330444931819854,0.7406117285451649,0.776171146084278,0.0,0.0,0.7484009309152893,0.0,0.0,0.0,0.0,0.7158712512428634,0.0,0.0,0.0,0.0,0.0,0.0,0.0,0.0,0.0,0.7336085461044878,0.7666573704981705,0.0,0.0,0.7348631131958493,0.7421372335337126,0.7713437327308693,0.0,0.0,0.0,0.7642563886077093,0.7579510627666819,0.0,0.0,0.0,0.0,0.0,0.7688423392591551,0.744346137480409,0.7698785340887988,0.0,0.0,0.7598177686773192,0.0,0.0,0.0,0.7459567214191004,0.0,0.0,0.0,0.0,0.0,0.7732984750544568,0.7754913916454169,0.0,0.0,0.7649381143757528,0.0,0.0,0.7934592287724034,0.0,0.7481071451750231,0.7621245084446174,0.0,0.0,0.767212369802275,0.0,0.0,0.0,0.0,0.0,0.7889222613588567,0.0,0.7532247694506705,0.0,0.7654637368187989,0.7648788616478669,0.0,0.0,0.7283901439524163,0.7178665977204043,0.0,0.0,0.7774269396977305,0.0,0.7605026338839127,0.0,0.0,0.0,0.0,0.0,0.740759572359562,0.0,0.0,0.0,0.7639123973400247,0.7362062943555028,0.7677936996892005,0.0,0.0,0.7591295974668387,0.0,0.0,0.0,0.0,0.7746142547886967,0.7314450364825116,0.0,0.0,0.0,0.0,0.0,0.7530944625657785,0.7481670325407167,0.0,0.0,0.0,0.0,0.0,0.7588348515055704,0.7603653062793355,0.7597564126791817,0.0,0.0,0.0,0.7515013472547247,0.0,0.7625655314499871,0.7501782603396199,0.0,0.7439250649522274,0.0,0.7642228195098942,0.0,0.7666170657926595,0.0,0.0,0.0,0.0,0.0,0.0
0.0,0.5898323795428969,0.6006729564957763,0.5809774580601792,0.0,0.0,0.0,0.5537543301217934,0.0,0.0,0.0,0.0,0.0,0.0,0.6059346385632216,0.5799868155938865,0.0,0.5825020232734346,0.0,0.5875205298673022,0.0,0.0,0.0,0.0,0.0,0.0,0.0,0.0,0.6272228754176651,0.0,0.578304829860265,0.0,0.5862233734562542,0.0,0.0,0.5573802845031486,0.0,0.6051707927470164,0.0,0.0,0.0,0.0,0.5903765250225247,0.0,0.0,0.0,0.6114783495080025,0.5890062701090516,0.628366794425506,0.0,0.5820244313909562,0.5860412561781492,0.5920524440861643,0.0,0.6073529598415813,0.0,0.5819218249167047,0.0,0.5957028381140974,0.6177342363638217,0.0,0.0,0.0,0.5628242233364469,0.0,0.0,0.5947972563083972,0.0,0.0,0.6034173666345761,0.0,0.0,0.0,0.0,0.0,0.0,0.0,0.5549050822698259,0.0,0.0,0.0,0.0,0.0,0.0,0.0,0.6113473563421796,0.0,0.5597223366755687,0.6156163429968264,0.0,0.0,0.0,0.0,0.6038223231096388,0.0,0.0,0.0,0.6386858760587788,0.0,0.0,0.0,0.5746730893795606,0.0,0.0,0.0,0.6207958726493971,0.0,0.5806447937068728,0.0,0.0,0.0,0.0,0.607861661659484,0.0,0.5654833547412638,0.0,0.6098627004042871,0.0,0.0,0.0,0.0,0.0,0.6076560896952499,0.5879789597743524,0.5868397082441167,0.5699894149533103,0.0,0.0,0.0,0.0,0.0,0.5873685165181897,0.0,0.596845377313153,0.0,0.0,0.0,0.6026539824408588,0.5476578746068703,0.0,0.0,0.0,0.6066552157988272,0.6004599773200529,0.0,0.5977517041256133,0.0,0.0,0.5852217900663739,0.0,0.0,0.0,0.0,0.6379564826738627,0.0,0.0,0.5915903367729847,0.0,0.0,0.6253248933701813,0.0,0.5671282654960659,0.0,0.0,0.0,0.0,0.0,0.0,0.5830367886476095,0.6051800572525411,0.0,0.0,0.0,0.0,0.6146449310943638,0.0,0.0,0.0,0.6179320874461596,0.0,0.0,0.5909285254905488,0.0,0.5924802367884136,0.0,0.0,0.6010018421861605,0.5818085157469497,0.0,0.6047328578012653,0.0,0.0,0.0,0.586184928616132,0.0,0.5895072632889276,0.5959952787042462,0.5562912536699086,0.0,0.0,0.6011444590966856,0.0,0.0,0.0,0.0,0.6298035689576236,0.6138463653988776,0.6051084725052102,0.0,0.0,0.0,0.0,0.0,0.0,0.0,0.0,0.0,0.0,0.5998383258737556,0.0,0.5971061879079022,0.0,0.5964175474557029,0.6168207217776513,0.0,0.0,0.0,0.0,0.0,0.5770050577180367,0.0,0.0,0.0,0.5835009349511463,0.0,0.5981798878895753,0.5810875520754408,0.6153814157316194,0.0,0.0,0.0,0.0,0.0,0.0,0.0,0.0,0.612614137283994,0.0,0.0,0.0,0.0,0.0,0.5913869371362909,0.5612958984359194,0.0,0.6042440040619061,0.0,0.0,0.0,0.0,0.5675523632482674,0.0,0.0,0.0,0.0,0.0,0.0,0.0,0.0,0.0,0.5975372787845007,0.0,0.5951801659937276,0.0,0.0,0.0,0.0,0.5714222717284085,0.6007766638880295,0.0,0.0,0.0,0.0,0.0,0.5928982505209782,0.0,0.0,0.5824204740247326,0.5769822291670667,0.6446314295450758,0.6024330099631162,0.0,0.0,0.5949790479153673,0.6053861537600637,0.0,0.5988039038894979,0.5967113940302124,0.0,0.5756493470563071,0.0,0.0,0.621902299580092,0.5920125862279313,0.0,0.0,0.0,0.6030226716629117,0.5684460802248075,0.0,0.0,0.5910956350521129,0.0,0.0,0.0,0.0,0.0,0.5939891646636103,0.0,0.0,0.0,0.5781968149057555,0.0,0.0,0.0,0.0,0.5810890103296007,0.5716032646663399,0.0,0.0,0.0,0.0,0.6145016931006951,0.0,0.5895391516609744,0.0,0.0,0.0,0.0,0.590671070183242,0.5957243018251417,0.5925914644584195,0.0,0.0,0.0,0.585563155913262,0.5851150027923202,0.5888592019718342,0.587769356196558,0.601448415870997,0.0,0.0,0.0,0.0,0.0,0.0,0.5916178665104165,0.5956215314654422,0.57965590649927,0.6334018869760041,0.0,0.5653500443413193,0.5788832954635087,0.5715871131276516,0.584000272619299,0.0,0.0,0.0,0.579820819153998,0.6041773352894291,0.5941413307127031,0.5854292335568595,0.0,0.5775407832434355,0.5869532627835834,0.0,0.0,0.5939544752667745,0.0,0.5991000792100332,0.5771175012230909,0.0,0.0,0.0,0.0,0.0,0.5865158106270959,0.0,0.5806001605487371,0.0,0.607506385449038,0.0,0.0,0.0,0.5870869816998282,0.6021093268724531,0.0,0.0,0.0,0.0,0.5874141061695857,0.0,0.595717287948213,0.0,0.0,0.0,0.5806450303562479,0.5913307264395357,0.0,0.6122390220005527,0.0,0.5970561045789502,0.5888127408849958,0.0,0.0,0.0,0.619961287484646,0.0,0.0,0.0,0.5915267844271331,0.5800750567976894,0.0,0.0,0.617351362245981,0.0,0.0,0.6303528179488085,0.0,0.0,0.5855200290189817,0.0,0.5780460204161765,0.0,0.5664766123818973,0.0,0.0,0.6256816343675119,0.0,0.0,0.0,0.589819356134741,0.0,0.0,0.0,0.0,0.0,0.0,0.609746782385299,0.5969981307166226,0.0,0.6193504934692967,0.0,0.5515790208705726,0.0,0.5827064920390099,0.6107740403801839,0.0,0.0,0.0,0.5651203198737781,0.0,0.0,0.0,0.0,0.0,0.0,0.5732712619749947,0.0,0.5786667520352032,0.0,0.0,0.56389467519881,0.0,0.0,0.0,0.5794325536250964,0.6157447965245835,0.5632636905525789,0.0,0.5726145301888101,0.0,0.0,0.0,0.0,0.0,0.0,0.0,0.5964196437218449,0.0,0.5940317938584452,0.6122903753658187,0.0,0.5861650715018034,0.6036274938735208,0.0,0.0,0.5832101896696442,0.6159978365824558,0.5935705923843491,0.0,0.0,0.0,0.6155293297679644,0.0,0.5972837939360398,0.0,0.6076358616336318,0.599293777878048,0.6053531439996461,0.6255503472293173,0.0,0.0,0.6082468898932135,0.0,0.5801189143402323,0.0,0.0,0.0,0.0,0.0,0.5961738192463187,0.5912932873331694,0.0,0.0,0.0,0.0,0.0,0.0,0.0,0.578047850668144,0.0,0.0,0.0,0.0,0.0,0.0,0.0,0.6196259827979964,0.5928615102730997,0.0,0.6096116066535384,0.0,0.5873911142910598,0.593331476894924,0.0,0.0,0.0,0.0,0.0,0.6237600720552111,0.0,0.6018637779580328,0.0,0.0,0.0,0.6091131038389165,0.0,0.0,0.0,0.0,0.5719284125277776,0.0,0.5895933762899399,0.0,0.0,0.6141847618236557,0.0,0.0,0.0,0.0,0.5590118741964825,0.0,0.0,0.0,0.0,0.0,0.6105589922502183,0.5862901115915266,0.0,0.0,0.0,0.0,0.0,0.0,0.5862632654861646,0.0,0.0,0.6099631293431361,0.0,0.0,0.5994784244598728,0.6219861813011761,0.5976144181454263,0.0,0.0,0.0,0.6045210595153968,0.0,0.5766060197038949,0.0,0.5893006223297523,0.5924291908685727,0.55988855321406,0.0,0.0,0.0,0.5897831452228061,0.0,0.5870057726381926,0.0,0.6042281340716221,0.0,0.586399444596645,0.5789816393630556,0.0,0.5861106639406869,0.0,0.0,0.0,0.5717280424040182,0.0,0.0,0.5878252345228974,0.588805551165266,0.0,0.0,0.5883946925787757,0.0,0.0,0.6057428552083096,0.0,0.0,0.0,0.0,0.0,0.0,0.0,0.0,0.0,0.6001830887500941,0.5892880807921544,0.5741343747034238,0.0,0.0,0.5981421007752056,0.5865771432660116,0.0,0.0,0.5632093129037588,0.555100827707807,0.6163128721398957,0.0,0.0,0.0,0.6064784242449819,0.0,0.0,0.0,0.0,0.0,0.5597668386786385,0.0,0.0,0.5966153555209855,0.571918585298019,0.0,0.5987800816642999,0.0,0.0,0.6149501027015408,0.5582383389628226,0.0,0.5598482534516847,0.5751810535330536,0.5865145093169116,0.5925029654513203,0.0,0.6126886516879746,0.0,0.5708241805671509,0.0,0.5587861792966765,0.0,0.0,0.6010909233681146,0.0,0.0,0.5774991081953591,0.0,0.0,0.0,0.0,0.0,0.0,0.6209224303714694,0.0,0.0,0.0,0.0,0.0,0.0,0.0,0.5961015732353904,0.0,0.0,0.5748675536644448,0.6140275216385797,0.0,0.0,0.6250445262554976,0.0,0.5716373566581439,0.6062267526206118,0.0,0.0,0.588184606032152,0.5630181329193746,0.6130702926590758,0.0,0.0,0.5963128213789359,0.576460412266984,0.573340915488343,0.0,0.0,0.0,0.0,0.0,0.6303868207779196,0.0,0.0,0.0,0.5730649692950655,0.5757653006917982,0.0,0.5364024799618332,0.0,0.0,0.0,0.589766830336146,0.5785753976422013,0.0,0.0,0.0,0.0,0.0,0.0,0.0,0.0,0.0,0.0,0.0,0.597171759477385,0.0,0.5744844836963958,0.5631514947042593,0.5810600249924806,0.0,0.6205574053477263,0.0,0.5604668922746932,0.0,0.614237389011439,0.0,0.0,0.0,0.0,0.0,0.0,0.0,0.0,0.5756567802522274,0.0,0.0,0.0,0.0,0.5539082627923863,0.0,0.6114752381112065,0.0,0.6049301061684286,0.0,0.0,0.0,0.0,0.0,0.0,0.0,0.0,0.6012721574685144,0.0,0.0,0.0,0.5841901640406584,0.0,0.5625275011081413,0.6268544558859921,0.6160745453816645,0.608514395904126,0.0,0.5805904176507627,0.5800710555601477,0.5736757293191082,0.0,0.0,0.5974177177251716,0.6048985818283555,0.0,0.0,0.0,0.5852440360738831,0.6240116138045333,0.0,0.0,0.5867672907875103,0.5991226774535542,0.6042323477968079,0.0,0.0,0.0,0.0,0.0,0.5946569989521155,0.0,0.6001125866936535,0.0,0.0,0.5661543834090494,0.0,0.0,0.5902682709294514,0.6099800216891949,0.6125553728512586,0.6033170051557762,0.0,0.0,0.5665867062747247,0.5957357416061162,0.5743315423186927,0.0,0.0,0.0,0.0,0.0,0.5998345905018035,0.0,0.6267762423477647,0.0,0.0,0.0,0.0,0.0,0.0,0.0,0.0,0.0,0.0,0.0,0.5866759154679023,0.5880481032162826,0.0,0.5814976613853586,0.0,0.5911619507287136,0.0,0.0,0.0,0.0,0.5913365530643796,0.59321798517023,0.6360132651620293,0.0,0.0,0.5909088682565278,0.0,0.0,0.0,0.6008823712580315,0.6024459475895997,0.0,0.0,0.0,0.0,0.0,0.0,0.0,0.0,0.5618228070887206,0.0,0.597958915793261,0.0,0.5869392102790595,0.0,0.6298839373560255,0.5926257487420816,0.0,0.0,0.0,0.5605152666022667,0.5968028627578816,0.0,0.0,0.0,0.0,0.5831497273530998,0.0,0.584948311829333,0.0,0.0,0.0,0.0,0.607831798733957,0.6243123768172241,0.5757764125596619,0.0,0.5855071820011031,0.5573454452860266,0.0,0.0,0.6018824905656963,0.6033570680113577,0.5634893100945572,0.0,0.0,0.0,0.5487322542930986,0.0,0.0,0.0,0.5797539588022578,0.563686046591553,0.0,0.5823876920343206,0.5809648323714659,0.5801607509582842,0.0,0.0,0.0,0.5883873446005686,0.0,0.0,0.0,0.0,0.0,0.6022146820651711,0.0,0.5803840335897863,0.0,0.5972011718821009,0.0,0.0,0.0,0.6075228637814925,0.0,0.0,0.5822325597362232,0.5603950917690368,0.0,0.0,0.0,0.5966028502186724,0.0,0.0,0.5680418617805575,0.0,0.0,0.0,0.5812365558712007,0.0,0.0,0.5924117112680581,0.0,0.0,0.5929507490533585,0.0,0.0,0.5656205798930056,0.0,0.0,0.0,0.0,0.0,0.5845599015564842,0.5785127618286466,0.5707388137524999,0.0,0.0,0.0,0.0,0.5776303691171742,0.5912129258441999,0.0,0.6000591788419162,0.0,0.5945809679653387,0.5832148751665729,0.0,0.0,0.0
0.0,0.894806534049553,0.0,0.0,0.0,0.0,0.0,0.8713673200578668,0.0,0.0,0.0,0.0,0.0,0.0,0.0,0.8833528486530509,0.0,0.8821040913936854,0.8562253587411135,0.0,0.8571829609664476,0.8883828085049671,0.0,0.0,0.0,0.0,0.0,0.0,0.0,0.0,0.8775026254353583,0.0,0.8895408105436637,0.8602890095087629,0.0,0.0,0.0,0.0,0.8939617560326488,0.0,0.0,0.0,0.0,0.0,0.0,0.0,0.0,0.8598522142344672,0.0,0.8713672998620979,0.8734390176827863,0.8623551089938332,0.0,0.0,0.8422456097984775,0.0,0.8855905201153572,0.0,0.0,0.0,0.8633546086907498,0.8675862160266574,0.0,0.8962722932154666,0.0,0.0,0.0,0.0,0.0,0.0,0.0,0.0,0.0,0.8470324577704401,0.0,0.0,0.8772878729124638,0.8861142338895902,0.8958901684973437,0.0,0.0,0.8589939475782516,0.0,0.8688557939191233,0.0,0.0,0.0,0.8628680415156181,0.0,0.0,0.0,0.0,0.8835512951596689,0.0,0.0,0.8851729091612618,0.0,0.0,0.0,0.0,0.0,0.0,0.0,0.8775928746901004,0.0,0.0,0.8663984005764647,0.0,0.0,0.0,0.0,0.0,0.0,0.8730368505809193,0.8863494272665614,0.0,0.8907827106521028,0.8775555546150593,0.0,0.8734898860923418,0.8854370840250338,0.0,0.0,0.0,0.0,0.85049923462359,0.0,0.8793162917995503,0.0,0.0,0.0,0.8553394965226002,0.8496013123543482,0.0,0.8555739521112182,0.0,0.0,0.0,0.8718779057781325,0.0,0.0,0.0,0.0,0.892798534852906,0.0,0.885113982462224,0.0,0.8877287789518451,0.8816146689091954,0.8852073848376447,0.0,0.0,0.8717691330705162,0.0,0.8785854597183131,0.0,0.0,0.0,0.8930829250292589,0.0,0.8838616776555723,0.8662854105683447,0.0,0.8648546172876205,0.0,0.0,0.0,0.0,0.0,0.0,0.8818245172396337,0.0,0.0,0.0,0.0,0.0,0.86646966719531,0.0,0.0,0.0,0.8832158614897991,0.8951825934048455,0.0,0.8811163159440893,0.0,0.0,0.0,0.8627707747188338,0.0,0.8470415378468762,0.8696213218740704,0.0,0.0,0.8476619304165551,0.8723254885354188,0.8542968995438767,0.8811017891393957,0.0,0.8929967133965995,0.0,0.0,0.8857144343691472,0.0,0.0,0.8545518120418165,0.0,0.8715840061401023,0.0,0.0,0.8679874022938506,0.0,0.8776537894670964,0.0,0.0,0.8547232320441251,0.0,0.0,0.8880747692905508,0.0,0.0,0.0,0.0,0.8584343230533521,0.8797975901702297,0.0,0.8973105041324337,0.0,0.8826521386990276,0.8771238287850986,0.0,0.8947942788037911,0.0,0.0,0.0,0.0,0.8628951278883545,0.8713566311877441,0.0,0.8901287299917391,0.0,0.0,0.0,0.872924095650023,0.0,0.8799513816486156,0.0,0.0,0.8880770001109018,0.0,0.0,0.0,0.0,0.8973543297357451,0.8804081237887631,0.8750068010606489,0.8630934342538096,0.0,0.0,0.885611944691208,0.0,0.8629891579972072,0.8583054662133255,0.0,0.0,0.8781043914297512,0.0,0.0,0.0,0.8677542978979759,0.0,0.0,0.8795647621897168,0.0,0.8698758339440019,0.0,0.8710490418204152,0.0,0.871447336172225,0.8712865700702236,0.0,0.0,0.0,0.8624178915887332,0.0,0.871357817385539,0.85869263084888,0.0,0.8718915275996875,0.0,0.0,0.0,0.0,0.0,0.8595734372031825,0.871625305103775,0.8772752681777197,0.0,0.8719842331491391,0.0,0.8824284047271312,0.866658705842121,0.8799973359340229,0.0,0.0,0.0,0.8512804427857703,0.0,0.0,0.0,0.0,0.0,0.8684619437457852,0.0,0.0,0.0,0.0,0.0,0.870394713810756,0.8816108425044409,0.0,0.0,0.0,0.902387968040918,0.0,0.0,0.0,0.0,0.8361942552277597,0.0,0.0,0.8387673211555404,0.0,0.0,0.0,0.0,0.8722772628935156,0.8836494607409074,0.8556751294772019,0.0,0.0,0.8533947756938243,0.0,0.0,0.0,0.0,0.0,0.0,0.0,0.0,0.8785657138281155,0.0,0.0,0.0,0.0,0.8635168086113069,0.0,0.0,0.0,0.0,0.0,0.0,0.0,0.8621406334767975,0.8688540299893345,0.8846140684998962,0.0,0.863508975879351,0.8603965048571428,0.9025950259700296,0.0,0.0,0.8675731435597905,0.8721102135594475,0.0,0.8741962393443097,0.0,0.0,0.0,0.8470479560567089,0.8902967537827012,0.8630530958094915,0.8535503370038112,0.0,0.0,0.8770737715746078,0.8648477537315669,0.8753830499647736,0.0,0.8731815627104742,0.8867659562124398,0.0,0.0,0.0,0.0,0.0,0.0,0.0,0.8774394813422971,0.8776898078020292,0.0,0.0,0.0,0.0,0.0,0.8657528568777533,0.0,0.0,0.8738616103928132,0.8851391659928733,0.0,0.8672854756204007,0.0,0.8731959299746758,0.8785322951361701,0.8560949179851567,0.0,0.0,0.0,0.0,0.8754521866952542,0.8923729637104252,0.0,0.0,0.0,0.0,0.0,0.0,0.0,0.0,0.0,0.8801361159546126,0.8658076268918675,0.8735591363426723,0.8550998033531264,0.8722956697802734,0.8719573565978156,0.0,0.0,0.8509726947045264,0.0,0.0,0.0,0.0,0.0,0.8692448930103375,0.0,0.0,0.0,0.0,0.8851811196624408,0.8721778651880048,0.0,0.0,0.9048368265232306,0.0,0.0,0.0,0.8827801267097267,0.0,0.0,0.8722489842580337,0.8794471712675814,0.0,0.8771265683636946,0.0,0.0,0.8377543613652838,0.8904101011550639,0.0,0.0,0.0,0.0,0.8610027852561468,0.8785497862198551,0.8821039578519643,0.0,0.9032007183375437,0.0,0.8721407372292564,0.0,0.9054099539146125,0.0,0.0,0.0,0.8792425656399387,0.0,0.0,0.852830431341902,0.0,0.8765179551050463,0.8617157866022914,0.8822538792621082,0.0,0.0,0.8631616430583824,0.0,0.0,0.0,0.0,0.0,0.8901310363308251,0.0,0.8761031638080099,0.0,0.890449552849969,0.8523141393684411,0.8653376358068072,0.0,0.0,0.9026868274273859,0.0,0.0,0.0,0.0,0.0,0.9016907824406825,0.0,0.0,0.0,0.8617552853891198,0.0,0.8582374984709041,0.0,0.0,0.0,0.0,0.8468511214491379,0.0,0.0,0.0,0.8846413940632313,0.0,0.0,0.8666570301082716,0.0,0.0,0.0,0.0,0.0,0.8722627290868331,0.0,0.0,0.0,0.0,0.8910131847469333,0.0,0.0,0.0,0.0,0.0,0.8677684255354089,0.0,0.0,0.0,0.8621251015705372,0.0,0.0,0.0,0.8523462788805308,0.0,0.8454841524130287,0.0,0.0,0.0,0.8739951372996532,0.0,0.8691061683464136,0.8855665201358202,0.0,0.0,0.0,0.8366717937914786,0.0,0.0,0.0,0.8586534479036445,0.0,0.0,0.0,0.0,0.0,0.8400865494499902,0.0,0.0,0.0,0.0,0.8544074014245986,0.0,0.0,0.0,0.8888262862917117,0.0,0.0,0.0,0.0,0.0,0.862326454590876,0.8769647530486072,0.0,0.888853674446248,0.8774507495296261,0.8729457058709809,0.8477844678541123,0.8883554195216056,0.0,0.0,0.0,0.8653194687429889,0.0,0.0,0.0,0.8599630806688427,0.9013088430623772,0.8798615693078254,0.0,0.8630747295927005,0.0,0.8779373679518551,0.0,0.0,0.8838096638342127,0.0,0.0,0.8862649299198776,0.0,0.0,0.8615555200044867,0.0,0.8729576424538803,0.0,0.0,0.0,0.8597553704965704,0.8778785386992743,0.0,0.0,0.8792566995402928,0.8541302749247354,0.0,0.0,0.0,0.0,0.0,0.0,0.0,0.0,0.0,0.0,0.8843869350080683,0.8954639334759404,0.8819405868664016,0.0,0.0,0.0,0.0,0.0,0.0,0.0,0.0,0.0,0.0,0.8762325484336363,0.0,0.0,0.881905212248621,0.89305422491432,0.0,0.8594983149221253,0.0,0.0,0.0,0.8860438753674463,0.0,0.8743044370323202,0.0,0.0,0.8842902311149619,0.0,0.0,0.8826062668838085,0.0,0.0,0.8799087862532216,0.0,0.8888506434742037,0.8966088983498973,0.0,0.8518798324103991,0.8704908739851759,0.8707786068681878,0.0,0.0,0.8841071127905702,0.0,0.0,0.895042866238404,0.0,0.0,0.0,0.0,0.0,0.900418823659932,0.8872419468637925,0.0,0.8626893685692393,0.0,0.8890588522828263,0.0,0.8600402490808383,0.0,0.8739562741582739,0.0,0.8920754357785888,0.0,0.0,0.0,0.0,0.8706782046973074,0.0,0.0,0.8563747779612453,0.0,0.8945442147610048,0.0,0.8696035776820225,0.0,0.0,0.8644918881925706,0.0,0.0,0.8646114251974977,0.8505923980473589,0.0,0.885381347055417,0.845077913619652,0.8760306879848833,0.8757181938882657,0.0,0.0,0.0,0.874145919018414,0.0,0.8668167672352919,0.0,0.0,0.0,0.8636075960090773,0.0,0.0,0.8509676004807849,0.0,0.0,0.852719857988639,0.0,0.0,0.8808794247352516,0.0,0.0,0.8599207417917386,0.0,0.0,0.8746129780329726,0.0,0.8677018972819406,0.0,0.0,0.0,0.0,0.0,0.0,0.8722092671233697,0.0,0.8780070915918733,0.0,0.0,0.0,0.0,0.8866646693107384,0.8627294974623837,0.8970979506596487,0.8733808293057437,0.8765450665563908,0.0,0.0,0.8523156140255521,0.0,0.0,0.0,0.8632743045996741,0.0,0.0,0.0,0.857008873215261,0.0,0.8484151433274009,0.868471362570708,0.0,0.0,0.0,0.0,0.865222587768655,0.8669263374503008,0.8132294954014986,0.8572345676202423,0.8876709143511905,0.0,0.8592217687403557,0.0,0.0,0.0,0.0,0.0,0.0,0.8727557603813256,0.8643865807444969,0.0,0.0,0.0,0.8575724029449826,0.0,0.0,0.0,0.0,0.8605045032558382,0.8814828234221711,0.8670796685797636,0.0,0.8815099225561874,0.8559324768744063,0.8881546778021481,0.8633833985820613,0.0,0.0,0.8821693029311984,0.0,0.8839450547695261,0.0,0.8973413553454507,0.9069419814005387,0.8657614987539037,0.8658987618945505,0.0,0.0,0.0,0.0,0.8669054912523788,0.0,0.0,0.0,0.0,0.8761949060061089,0.8704675546892654,0.8586319910090733,0.0,0.0,0.0,0.8710886131373144,0.0,0.0,0.0,0.0,0.8699018452347895,0.0,0.0,0.0,0.8845112091981374,0.0,0.8588718610050868,0.0,0.0,0.8953941695137885,0.0,0.0,0.0,0.0,0.0,0.0,0.8479673853036253,0.8503770076591889,0.0,0.0,0.0,0.8839378268307856,0.0,0.0,0.8630897568620474,0.0,0.0,0.0,0.880915261170339,0.8629551958290459,0.0,0.870645247988325,0.0,0.0,0.8906968237745141,0.0,0.0,0.8544148077068497,0.8572198108947634,0.0,0.0,0.8611810178384938,0.0,0.866484277387837,0.0,0.0,0.0,0.0,0.0,0.0,0.0,0.0,0.0,0.8423733077756116,0.0,0.0,0.890409984474828,0.8849991315607173,0.0,0.0,0.8989648513715756,0.8697094619220027,0.0,0.8432230202999892,0.0,0.868330216039299,0.0,0.0,0.0,0.8882952032048215,0.8900246965581914,0.0,0.8912570755143461,0.8711006181866374,0.0,0.0,0.8851541133667928,0.0,0.0,0.8661815849052734,0.0,0.8730054006043888,0.0,0.0,0.869898779485691,0.8727810375328778,0.0,0.0,0.0,0.9036881739212047,0.0,0.0,0.0,0.0,0.0,0.8700487529091803,0.8778152738012681,0.0,0.8439160867482672,0.0,0.0,0.0,0.0,0.8662381283275494,0.0,0.0,0.8709191429657587,0.0,0.85014042019146,0.8683797250164644,0.0,0.0,0.8497127436328146,0.8739475623366035,0.0,0.0,0.0,0.0,0.0,0.0,0.8702705219452326,0.0,0.0,0.0,0.8425639647675105,0.0,0.8944360113457608,0.0,0.0,0.8659216096166913,0.0,0.0,0.8675415564825714,0.0,0.9005993214278942,0.8619771552942384,0.0,0.0,0.8586118086202273
0.0,0.26098040006559997,0.25694946174372,0.2583443498350609,0.0,0.0,0.0,0.24234920419691214,0.0,0.0,0.26543356950670316,0.0,0.0,0.0,0.0,0.2524919302431009,0.0,0.0,0.0,0.0,0.0,0.2688711197196835,0.0,0.0,0.0,0.24574652752470483,0.0,0.0,0.24890729891606173,0.0,0.0,0.0,0.24974878431290753,0.0,0.2371635267816444,0.2569559236467933,0.0,0.0,0.0,0.0,0.2274628590815021,0.0,0.2796813852439034,0.0,0.24801096933448344,0.0,0.26941240975630554,0.2515558610759438,0.23166458802806886,0.0,0.26338086678934247,0.0,0.0,0.0,0.0,0.28368483800610744,0.2757505380092469,0.0,0.0,0.0,0.26652949154057715,0.28000187635799106,0.29651237561156363,0.0,0.0,0.0,0.27879198497583185,0.2349660390531247,0.2586017235472225,0.0,0.0,0.2574635155321614,0.0,0.0,0.0,0.0,0.0,0.26122225181674064,0.0,0.0,0.0,0.0,0.0,0.2695880767237246,0.0,0.0,0.0,0.0,0.0,0.2836249041195623,0.263395745627406,0.0,0.2636742960123635,0.0,0.0,0.0,0.0,0.0,0.0,0.0,0.22525400046706384,0.0,0.2661069168561056,0.0,0.0,0.25285792237570925,0.2919825240925579,0.2709556766428616,0.26832381459743926,0.2487126094882542,0.0,0.0,0.2572543202529466,0.0,0.0,0.0,0.0,0.0,0.0,0.3021432143025133,0.2620376764512239,0.2502275477054907,0.0,0.0,0.0,0.22551830087830554,0.2766339969411273,0.24264014820736493,0.24047465386148192,0.0,0.2669949991240472,0.2700373597191904,0.0,0.0,0.2704032399610065,0.0,0.0,0.0,0.0,0.2939470386867128,0.0,0.0,0.2572639472707157,0.0,0.0,0.0,0.267170160430258,0.0,0.0,0.2505455810456769,0.0,0.0,0.25039941052001846,0.0,0.0,0.2581198346713677,0.2318152914924032,0.0,0.0,0.0,0.0,0.2883097308012238,0.0,0.240622588773628,0.25891145243016955,0.26817542765644165,0.0,0.2730996653229667,0.0,0.2574252605189937,0.0,0.0,0.0,0.27367078701961284,0.2751258090783539,0.275530660681692,0.0,0.26772203215032875,0.0,0.0,0.0,0.0,0.0,0.2694053923516828,0.0,0.25741811190893416,0.27213958604902594,0.2515919151787596,0.24826721274833968,0.0,0.0,0.0,0.0,0.0,0.0,0.0,0.2731097651519655,0.26635267500336435,0.0,0.2799975733706534,0.2542870907626785,0.0,0.0,0.0,0.25164714548844413,0.285799494335077,0.2608212437380504,0.0,0.23432659641064732,0.0,0.0,0.2793526294682345,0.23664564926886925,0.0,0.22837554693010934,0.24530676106955468,0.0,0.2692658493679664,0.0,0.2439140561251649,0.29858375406253745,0.0,0.0,0.2690844548876594,0.260955216316231,0.0,0.0,0.28569021722396815,0.22463947843538662,0.2902052919908251,0.0,0.0,0.0,0.23449915881330488,0.0,0.274275490185122,0.2721589179274608,0.0,0.0,0.2273702534180442,0.26198795689517795,0.0,0.2667373663184927,0.0,0.0,0.0,0.24809374515978888,0.0,0.0,0.0,0.0,0.0,0.0,0.273791167828769,0.0,0.23910371531733823,0.0,0.22000629015760292,0.0,0.23611778773447872,0.2348589410560719,0.29525667919612647,0.0,0.0,0.0,0.0,0.0,0.2834209549407427,0.0,0.0,0.2659774903504421,0.0,0.0,0.0,0.0,0.2686488892916275,0.0,0.2967489520806198,0.0,0.0,0.0,0.0,0.0,0.0,0.0,0.25048004044414107,0.2624201079947042,0.2564989728166987,0.0,0.0,0.0,0.26124480844262216,0.0,0.23660468108513294,0.0,0.0,0.24560130181692685,0.0,0.26706022130188095,0.0,0.0,0.0,0.25856983493836233,0.0,0.0,0.0,0.0,0.24300013983334018,0.2326728843944999,0.0,0.0,0.0,0.0,0.0,0.0,0.0,0.0,0.0,0.24540371303648115,0.0,0.0,0.0,0.0,0.0,0.0,0.3151243827555004,0.0,0.0,0.2540357609692372,0.2680734154482616,0.23874095821994323,0.0,0.23828215980396786,0.0,0.2993811303423543,0.0,0.0,0.0,0.0,0.0,0.0,0.0,0.0,0.2623791625725487,0.26206365225056705,0.0,0.0,0.24557310591780063,0.0,0.0,0.0,0.0,0.0,0.0,0.0,0.0,0.0,0.0,0.0,0.27255854023152915,0.0,0.2357108587996779,0.0,0.0,0.0,0.0,0.0,0.0,0.2659313378573876,0.0,0.2379632310480832,0.26494248615470245,0.2874259146982399,0.0,0.26638933811656146,0.0,0.0,0.0,0.0,0.29632391714506984,0.0,0.0,0.0,0.28799743625730573,0.0,0.29450655842706647,0.0,0.0,0.2731167984696048,0.2872931888469627,0.0,0.0,0.0,0.0,0.25516914282867453,0.0,0.2903761600333251,0.2655451027395819,0.28600909935570323,0.26557783663872525,0.0,0.2707607720248096,0.2700196831481699,0.0,0.0,0.0,0.0,0.0,0.3027807106937215,0.26008808220923524,0.0,0.0,0.0,0.0,0.2676587821950566,0.2592305676333691,0.0,0.0,0.0,0.0,0.0,0.0,0.0,0.26979409717680103,0.26118531694689673,0.0,0.0,0.0,0.0,0.0,0.0,0.0,0.0,0.2507859855398441,0.24679604515071427,0.0,0.0,0.0,0.2407605463308956,0.0,0.0,0.22717355358417518,0.0,0.26243122000361746,0.0,0.0,0.0,0.0,0.0,0.0,0.0,0.0,0.0,0.27597720055888325,0.0,0.254294751736635,0.0,0.0,0.24879731427358262,0.0,0.0,0.0,0.28968755822413217,0.0,0.0,0.0,0.0,0.25013537766346067,0.2954594599281036,0.25161611845268966,0.0,0.0,0.2665072128204016,0.2732353145892653,0.0,0.0,0.26158622737495646,0.2743280011702577,0.0,0.0,0.0,0.0,0.28325482444897554,0.0,0.0,0.267700484010162,0.0,0.0,0.0,0.24290322294324812,0.0,0.26282800304386966,0.0,0.0,0.26724191228167093,0.0,0.0,0.23480135235431265,0.23615212500740093,0.0,0.0,0.0,0.0,0.2683775186228088,0.0,0.22567060072613454,0.0,0.0,0.23349385544228737,0.0,0.2740797291609731,0.23670242815913242,0.0,0.261974004753477,0.0,0.0,0.0,0.2765606064348542,0.25847034464759744,0.2947594644634338,0.0,0.22894622604344853,0.2762222289153901,0.0,0.0,0.0,0.0,0.0,0.0,0.0,0.0,0.0,0.2811293081606296,0.0,0.0,0.286257739256992,0.0,0.0,0.0,0.26208512732950007,0.0,0.231199151656042,0.0,0.25742794017047643,0.0,0.0,0.26677805496562157,0.2476368819174089,0.0,0.0,0.2602977892066597,0.0,0.0,0.0,0.0,0.0,0.0,0.22882301344967823,0.2665320830108247,0.0,0.0,0.21454301003543547,0.273834255727741,0.0,0.0,0.0,0.24089879311763265,0.0,0.27115392195269583,0.0,0.25979276649464056,0.21419036284167292,0.0,0.0,0.2666781548264107,0.0,0.0,0.23655943834677123,0.0,0.2653704726908853,0.2670807624891669,0.2710961692996978,0.27655722549383965,0.2752344482849196,0.0,0.0,0.0,0.0,0.29017973482086556,0.0,0.0,0.2667008135219026,0.26433334510597845,0.26120469055044077,0.0,0.0,0.0,0.2936695033610217,0.0,0.26532005198322206,0.0,0.0,0.0,0.30384871014533255,0.0,0.0,0.261779243919358,0.2258041637458873,0.0,0.0,0.0,0.2726529979470855,0.0,0.2560712470033139,0.26301364436959684,0.23741835935302244,0.27957202239979456,0.0,0.0,0.0,0.0,0.0,0.26836768625733165,0.0,0.2581563272832328,0.27895399139727506,0.0,0.0,0.27907764329764523,0.0,0.0,0.0,0.22839876233529796,0.2856178284578738,0.0,0.0,0.2746424657815077,0.2618618065612138,0.26099512231879907,0.2796730352407899,0.0,0.0,0.0,0.0,0.0,0.2616969667836632,0.0,0.0,0.0,0.2877509145752768,0.27061564381762576,0.0,0.0,0.25271061955835294,0.0,0.2670146109600051,0.2525727948253652,0.24634668716778776,0.0,0.0,0.0,0.0,0.0,0.0,0.2661173789641147,0.2686564707469987,0.0,0.0,0.0,0.239136195869169,0.23319353924358344,0.0,0.0,0.0,0.0,0.2660594249215968,0.0,0.27584720039079613,0.0,0.0,0.2561463077315961,0.0,0.28537270845213203,0.0,0.24132118242539038,0.29893639043140857,0.0,0.0,0.22590595105398578,0.0,0.0,0.0,0.0,0.0,0.0,0.2502381514045654,0.0,0.0,0.0,0.2964832732015759,0.26653483199202704,0.25240208757544286,0.0,0.0,0.0,0.0,0.0,0.0,0.0,0.0,0.0,0.0,0.2712939897382525,0.0,0.21998751571149544,0.23973484718935764,0.0,0.2848010759495986,0.2610375970611838,0.0,0.26211834655024796,0.0,0.27738102080661997,0.0,0.0,0.2816416762236807,0.0,0.27388077722444354,0.0,0.24581892879484038,0.0,0.0,0.0,0.0,0.23374193777630112,0.2573055652534733,0.3004677025702699,0.0,0.26690528560989457,0.0,0.0,0.0,0.0,0.0,0.0,0.0,0.0,0.28419227558594196,0.0,0.2797788490207798,0.2642192762572283,0.2647602584378788,0.25733128628086044,0.0,0.0,0.25372553551922455,0.0,0.0,0.0,0.25312833275385427,0.2374319121956824,0.2316419252172092,0.23494439892236105,0.0,0.0,0.2838605966986549,0.2627073496368202,0.0,0.0,0.0,0.0,0.25422223233652635,0.2658625119435476,0.0,0.2693558750536698,0.25097041792915287,0.29403563502951646,0.25904450272286567,0.30568392518703896,0.0,0.0,0.2631867272458428,0.22572669850675053,0.274620575042433,0.0,0.0,0.25003197773064084,0.25593429021650355,0.0,0.0,0.0,0.0,0.0,0.26692244649769314,0.281533145516837,0.2883542035580958,0.0,0.2793157479791321,0.0,0.282641467801478,0.2404624466236187,0.2601486518069505,0.2715854497236633,0.2723822098433992,0.0,0.0,0.2658413100707785,0.0,0.0,0.0,0.0,0.0,0.2681847586298435,0.0,0.25293130037622397,0.0,0.0,0.29820081245908825,0.0,0.0,0.0,0.0,0.0,0.27240249286758605,0.0,0.25785935610199257,0.0,0.2581552266675073,0.0,0.0,0.2518188052170875,0.23425691971830553,0.0,0.2700989712305805,0.2486898884772286,0.2626218628012469,0.27139941133640155,0.0,0.2605251667026303,0.0,0.27689925007387334,0.2674204645901298,0.0,0.0,0.0,0.0,0.25957230076377946,0.2605092285236872,0.0,0.0,0.0,0.0,0.25011381338517147,0.2906996276007015,0.0,0.2698914029462213,0.0,0.0,0.0,0.2699859558936606,0.0,0.0,0.0,0.0,0.0,0.0,0.0,0.0,0.0,0.2866838374444701,0.2849302000739115,0.0,0.0,0.0,0.0,0.0,0.0,0.25806558651060246,0.0,0.0,0.28681323630012723,0.0,0.0,0.2875242097093972,0.0,0.0,0.0,0.0,0.0,0.0,0.23976153858763818,0.0,0.0,0.0,0.0,0.243110756128691,0.0,0.27080086228424655,0.24094896024746718,0.24994680214171508,0.0,0.2527905432905124,0.0,0.0,0.0,0.0,0.0,0.0,0.0,0.0,0.0,0.2160681814850683,0.0,0.2399001842427789,0.22067360464657101,0.0,0.0,0.263420477317034,0.27900975693367946,0.0,0.0,0.2416787861406021,0.29290720823200395,0.0,0.23674463002881335,0.0,0.2719792426621797,0.0,0.0,0.28011737596608594,0.0,0.0,0.0,0.0,0.0,0.0,0.0,0.0,0.28053418713041595,0.24497088915299883,0.2632723313343095,0.0,0.0,0.0,0.24525095471762903,0.2555464006735173,0.0,0.0,0.2832123536627743,0.0,0.0,0.0,0.26128681382108204,0.0,0.0,0.0,0.2301504922349646,0.28610261785266233,0.0,0.0,0.0,0.0,0.3011467379661066,0.0,0.2630691093944377,0.0,0.0,0.25118818211457977,0.0,0.0,0.0,0.0,0.0,0.0,0.0,0.2504697298174324,0.0,0.0,0.0,0.0,0.25665265172696716,0.24128742718243917,0.0,0.0,0.2173430853546414,0.28373702321371125,0.23134354404154542,0.0,0.2924598324692378,0.2712705191366015,0.26827776198671643,0.0,0.0,0.2740228095550703,0.0,0.23249980829235736,0.0,0.0,0.0,0.0
0.0,0.0,0.2421118063182739,0.3015912091506863,0.25345874037277605,0.0,0.0,0.0,0.0,0.0,0.2839843475651279,0.0,0.0,0.0,0.24573083350738795,0.29078711740221347,0.0,0.2765150007444599,0.0,0.2861763432251097,0.0,0.0,0.254061573353275,0.0,0.0,0.0,0.26289491806894666,0.0,0.0,0.0,0.2731833631262082,0.0,0.0,0.2704674613126505,0.0,0.0,0.0,0.0,0.0,0.0,0.0,0.2549238048177291,0.0,0.0,0.0,0.0,0.0,0.0,0.0,0.0,0.24569316065302263,0.2813113671978302,0.25868292089435974,0.253316725892884,0.2636052597824623,0.0,0.2835849775242664,0.0,0.265840623167963,0.0,0.0,0.0,0.0,0.25756495893594333,0.24885012198090486,0.0,0.29862908100585656,0.0,0.24408486086608366,0.0,0.0,0.27817407337179045,0.0,0.2665662042905934,0.0,0.0,0.0,0.0,0.27814957967180054,0.23838663697310084,0.29213980762444935,0.25216899386508024,0.0,0.0,0.0,0.0,0.0,0.2738364244129859,0.0,0.0,0.0,0.0,0.0,0.0,0.2796658530696752,0.2702619215083897,0.0,0.25985332225574975,0.0,0.0,0.0,0.0,0.2654557051058083,0.0,0.0,0.25474312335046084,0.0,0.0,0.2944162046000143,0.0,0.0,0.0,0.2553854136719913,0.0,0.2607533789731653,0.2555382939477532,0.2856615091765117,0.2790658528897413,0.0,0.0,0.0,0.0,0.0,0.0,0.0,0.0,0.0,0.2835567172612632,0.28896462693120173,0.2478122815103885,0.0,0.0,0.0,0.0,0.2847180620490424,0.0,0.0,0.2697723688403978,0.0,0.0,0.0,0.26343083899715536,0.0,0.26900876429269477,0.2604946399234095,0.2818414416736986,0.0,0.2784599309502411,0.0,0.2773218306102136,0.0,0.24829802089392813,0.0,0.26720696263349974,0.24143802817082716,0.30996467431943286,0.2681263379836829,0.0,0.0,0.2738390884334679,0.0,0.27377214817432993,0.0,0.0,0.2702760520109324,0.25652997465256583,0.0,0.0,0.0,0.30135697086113933,0.25065577712566517,0.0,0.0,0.2742510615688781,0.0,0.2603051650086925,0.2680066881047316,0.0,0.0,0.0,0.2560295054820208,0.25834388569134575,0.0,0.3099430339884779,0.24564101331948068,0.0,0.0,0.0,0.26547083418636697,0.0,0.0,0.0,0.0,0.2896606278894284,0.0,0.29705071675466244,0.23405323713638118,0.0,0.0,0.0,0.2573805709712101,0.2759612809378859,0.0,0.0,0.2553339816811913,0.2538799880266869,0.0,0.2857749129860406,0.0,0.0,0.0,0.2922090894466789,0.0,0.0,0.2931903871258485,0.0,0.0,0.0,0.26657416852590526,0.28682976145639666,0.0,0.0,0.0,0.0,0.0,0.0,0.0,0.0,0.2647324521562869,0.25625663489357375,0.0,0.25006927725025846,0.0,0.2567797287777723,0.0,0.0,0.2814500180154052,0.24548039191430526,0.0,0.0,0.0,0.25525902483212776,0.0,0.0,0.0,0.0,0.2625240783698498,0.0,0.0,0.0,0.0,0.0,0.3183493625074795,0.0,0.24027598639924372,0.2814383678904325,0.2628561849380539,0.28322640410987276,0.2810420427781832,0.2766820467660443,0.0,0.2689474840732394,0.2458071485545229,0.25962169079476716,0.0,0.24874469172521224,0.0,0.0,0.25410317048528747,0.0,0.0,0.0,0.28615982359666364,0.0,0.0,0.0,0.0,0.0,0.2753403775636072,0.0,0.0,0.0,0.0,0.0,0.0,0.0,0.2672010999868199,0.2754719566061411,0.0,0.2617401870546423,0.0,0.25346890426702945,0.0,0.0,0.22111232565013586,0.24835099238186345,0.0,0.26396102672270094,0.26300119322111487,0.2730718944942603,0.0,0.0,0.0,0.2679176463686348,0.0,0.0,0.0,0.0,0.0,0.2973293538752782,0.0,0.26689060142943805,0.0,0.2538634088442863,0.0,0.2634171997227087,0.0,0.0,0.2891384848059993,0.0,0.0,0.0,0.28420509915181147,0.0,0.0,0.24558909940248247,0.31542268095014947,0.0,0.0,0.0,0.25972268404906207,0.0,0.2551306668757766,0.0,0.2436053503394617,0.0,0.0,0.0,0.0,0.2532581935246288,0.0,0.0,0.0,0.24896654568826915,0.2662926987138066,0.0,0.2856339313598013,0.2895649663319398,0.0,0.0,0.27810693968302813,0.0,0.0,0.0,0.0,0.0,0.0,0.0,0.0,0.0,0.0,0.0,0.0,0.27708361404528997,0.0,0.0,0.2909271324061976,0.30420200798216773,0.28469307975822966,0.28734405458869355,0.0,0.2913821073017812,0.29865013785204675,0.30707496667385525,0.0,0.0,0.0,0.2834972650142314,0.0,0.0,0.26661552362921964,0.0,0.0,0.0,0.0,0.27687030980749533,0.27355220847099143,0.0,0.0,0.0,0.0,0.2994729911642727,0.0,0.0,0.0,0.26053333603963547,0.0,0.2919212821341362,0.0,0.30019368526278706,0.0,0.2645463050060816,0.0,0.0,0.0,0.0,0.0,0.2587398157968,0.0,0.0,0.0,0.250727043611766,0.0,0.0,0.0,0.0,0.0,0.2874965755045463,0.0,0.2794929426096466,0.2785647458708203,0.0,0.0,0.26430263870741777,0.0,0.23934676273475963,0.0,0.0,0.0,0.0,0.0,0.0,0.2741384953973894,0.2789338066726794,0.0,0.2942197503483617,0.2344679082404275,0.2746021352904242,0.0,0.0,0.0,0.0,0.0,0.2969497883999422,0.0,0.0,0.0,0.0,0.2489954717293919,0.0,0.0,0.0,0.0,0.26746533676668693,0.0,0.0,0.266767423976137,0.27166488193816557,0.0,0.25759353495028803,0.0,0.0,0.0,0.27852056102295303,0.2736138764303314,0.0,0.22587681321596206,0.0,0.27841756832469755,0.0,0.0,0.0,0.27005434557811664,0.0,0.0,0.0,0.0,0.27937125102488364,0.0,0.28049646001265693,0.0,0.0,0.0,0.27391770639014995,0.0,0.0,0.2567534184301166,0.0,0.0,0.25528624455417664,0.30074971230907743,0.0,0.2595336660433176,0.0,0.2273660603777083,0.0,0.25471058083372417,0.0,0.30041189529831813,0.0,0.2772633613397406,0.2843708509805465,0.0,0.0,0.0,0.0,0.2708781700521641,0.2724090224215248,0.0,0.25241737387480684,0.28823135844447506,0.0,0.28247499616656874,0.26352904447419495,0.0,0.0,0.0,0.2667408644141128,0.0,0.0,0.0,0.0,0.0,0.0,0.0,0.0,0.25493683269691814,0.0,0.0,0.27864555446004946,0.0,0.0,0.0,0.0,0.0,0.0,0.0,0.0,0.0,0.0,0.0,0.0,0.0,0.28599658156226515,0.0,0.0,0.0,0.27268633373983214,0.0,0.0,0.2580844673352276,0.0,0.0,0.26276374602225905,0.29415339524654516,0.0,0.2699955084341391,0.0,0.2714460734845346,0.23628097401523682,0.0,0.29271599876912907,0.25527957737705925,0.26953560530695625,0.27418541293355364,0.25441453248335916,0.27314186977288674,0.0,0.0,0.0,0.0,0.26741179264257003,0.0,0.2748519357421165,0.0,0.2913133588310199,0.0,0.27521955917315283,0.0,0.27404759120889194,0.27239627756034895,0.3148766202711133,0.0,0.28641760455524895,0.0,0.0,0.2740274985506606,0.0,0.0,0.0,0.0,0.0,0.0,0.0,0.0,0.0,0.2673727461047136,0.0,0.0,0.2753447662471174,0.27835873231188923,0.0,0.2512563371370589,0.27042919654153647,0.0,0.0,0.0,0.3014940469219609,0.0,0.2578769901567521,0.0,0.29066843637414763,0.28160220063725416,0.31082763953913173,0.2691777164567206,0.27212197883573624,0.0,0.0,0.0,0.2799280010650485,0.2813434818454333,0.0,0.0,0.0,0.0,0.27733457876929596,0.0,0.0,0.0,0.0,0.0,0.0,0.2713289695562868,0.0,0.27952100056973506,0.0,0.0,0.27475317593306875,0.2464691901781968,0.0,0.264015406408459,0.0,0.0,0.2628810698638582,0.0,0.2763347103261664,0.275304274060444,0.0,0.0,0.26633185054511055,0.31454752098198274,0.2696915798477676,0.29984383579320795,0.0,0.284384121184993,0.0,0.0,0.25866232143210993,0.0,0.0,0.0,0.0,0.0,0.0,0.0,0.2870028222852735,0.28122711593029903,0.2505900013589223,0.0,0.0,0.2860811731345652,0.2838168075871074,0.0,0.0,0.0,0.0,0.25918588091440725,0.0,0.0,0.0,0.26639325031654354,0.0,0.2880828223516881,0.0,0.2981394072854984,0.0,0.0,0.26609424301845763,0.0,0.0,0.0,0.0,0.0,0.2804091637224261,0.0,0.0,0.0,0.0,0.0,0.30135815095797963,0.0,0.2805540869063705,0.2829047975942661,0.0,0.23921663408398366,0.0,0.0,0.0,0.0,0.0,0.27282949926694705,0.0,0.0,0.0,0.0,0.26356389837207084,0.0,0.0,0.2707370816327873,0.0,0.27951180132589787,0.26480810705440977,0.0,0.0,0.0,0.0,0.2403858623845158,0.0,0.0,0.2649498426875275,0.26324156464018694,0.0,0.0,0.29233945152940655,0.31480644258737905,0.3186208566112703,0.2834591401161785,0.0,0.0,0.2685038952031828,0.0,0.0,0.2738611883092359,0.0,0.0,0.26781252642116266,0.0,0.0,0.0,0.2597007065145938,0.0,0.0,0.0,0.28556849040370735,0.0,0.2746382920280614,0.2935796755243483,0.0,0.0,0.0,0.0,0.0,0.2914084267683232,0.27928276616341124,0.0,0.2742376555401277,0.2635370608681386,0.2760523307215431,0.0,0.28223377266752303,0.28204842640031236,0.0,0.27375396261797164,0.23601641128264733,0.26949588028567434,0.26308956401871986,0.25433773545955213,0.2681501708700622,0.28355083383368335,0.0,0.24924059055630562,0.2904219432694211,0.0,0.0,0.32291218544448497,0.0,0.2793246903272943,0.2630105617078758,0.0,0.0,0.0,0.0,0.0,0.0,0.28272815598579665,0.2981131306997092,0.0,0.2692969077235083,0.0,0.0,0.2763894725157555,0.0,0.0,0.2422101178169983,0.0,0.0,0.2715341100039147,0.0,0.0,0.0,0.0,0.0,0.0,0.0,0.0,0.0,0.25085817505830077,0.0,0.0,0.2465023586267906,0.0,0.0,0.0,0.0,0.0,0.29520549430524895,0.2714974377253749,0.0,0.0,0.2954440242642153,0.0,0.0,0.0,0.0,0.268098758286147,0.0,0.0,0.0,0.0,0.27316791799718687,0.0,0.0,0.0,0.0,0.0,0.0,0.0,0.0,0.28688337314450263,0.0,0.0,0.25298418840685477,0.25976448260504204,0.0,0.0,0.0,0.3093680292660682,0.0,0.0,0.2708003522622789,0.0,0.0,0.24383788950749075,0.24070306010587394,0.0,0.0,0.0,0.0,0.3216033025625466,0.0,0.0,0.25077705784118015,0.0,0.0,0.0,0.0,0.0,0.0,0.0,0.0,0.0,0.0,0.0,0.0,0.0,0.2762394238404049,0.0,0.2620974836625082,0.0,0.0,0.0,0.0,0.0,0.0,0.2582651976470785,0.2669424191762962,0.0,0.0,0.0,0.0,0.0,0.0,0.0,0.0,0.26015532394212904,0.0,0.0,0.0,0.0,0.0,0.0,0.0,0.0,0.25760602370957086,0.0,0.0,0.27610860828678374,0.2739495116360338,0.2682711282324424,0.0,0.0,0.0,0.0,0.0,0.0,0.256947258805549,0.0,0.2687038961073898,0.0,0.0,0.2727433703621698,0.0,0.28564632218082586,0.2469939743060208,0.0,0.2865370004726932,0.2529252048263734,0.25976147714258024,0.2731815667374023,0.29298005104707786,0.23994265715537713,0.0,0.265615936979037,0.0,0.2817140075972103,0.0,0.0,0.2611329890494073,0.0,0.0,0.0,0.0,0.0,0.2732161672520525,0.2599608236039698,0.0,0.30161314565178066,0.0,0.0,0.3258302360243863,0.0,0.28451819735876477,0.0,0.0,0.29046294572554315,0.23699476577110798,0.0,0.0,0.0,0.0,0.0,0.26614279969519355,0.2811423575983751,0.28516792847668526,0.0,0.0,0.0,0.29794904104361075,0.0,0.25101732614241706,0.0,0.31211670547786974,0.0,0.0,0.0,0.0,0.2771744949621218,0.0,0.2527634734823594,0.0,0.0,0.25237622409179833,0.0,0.28923395250068884,0.0,0.27841638999426915,0.0,0.0,0.0,0.0
0.0,0.3567579138062985,0.34516657588384025,0.3688651259219519,0.4003166678517916,0.0,0.3710540454953111,0.3537117834353795,0.0,0.0,0.33226131027421046,0.40664713618979587,0.34028521064204365,0.0,0.0,0.36636833945418557,0.0,0.3757611909021443,0.0,0.0,0.0,0.3637638066831561,0.35007252912215997,0.0,0.39140067640068577,0.0,0.0,0.0,0.0,0.0,0.0,0.0,0.39438847811545225,0.367977560716827,0.37031692467060334,0.0,0.0,0.3449302273053937,0.3863840713037773,0.0,0.0,0.39860150005898803,0.37565359223228967,0.0,0.0,0.0,0.0,0.0,0.3514958431485263,0.3428328781326018,0.0,0.0,0.38322266292955753,0.0,0.37514646670800395,0.0,0.0,0.35904405073137063,0.0,0.0,0.0,0.0,0.33161670810577865,0.0,0.0,0.0,0.0,0.36656188832032205,0.3829842632938891,0.3447108368009531,0.0,0.0,0.0,0.3883739273067409,0.3823009326403783,0.0,0.41023674877128197,0.37251380909352283,0.4007281323010619,0.3930713555561217,0.3710315416872865,0.35173592743915594,0.0,0.0,0.395407593457234,0.0,0.36753169744948444,0.3956368197852843,0.3627147844961402,0.0,0.0,0.0,0.0,0.0,0.0,0.0,0.3901534787215291,0.0,0.0,0.0,0.0,0.0,0.0,0.0,0.0,0.3552106939397863,0.0,0.0,0.3269305373825445,0.0,0.0,0.0,0.38531283360520174,0.0,0.33978528924936086,0.0,0.0,0.0,0.3956730386501605,0.38491281354166723,0.3861588508694023,0.0,0.0,0.38372254124230876,0.0,0.0,0.0,0.0,0.3965836339334411,0.0,0.0,0.0,0.39008692114181254,0.0,0.3542374451307451,0.0,0.0,0.0,0.0,0.3982311455107019,0.0,0.38959065731149867,0.0,0.0,0.38045682961993516,0.3683247444444899,0.0,0.3752510965719605,0.35320098070379324,0.0,0.0,0.38536458585184474,0.39082383729675035,0.37871569456133597,0.3828285971860713,0.0,0.36688334478350154,0.0,0.3744161129355351,0.3795436664483983,0.3812353661510034,0.3688053717569611,0.0,0.0,0.40876320377097647,0.0,0.3900895732205306,0.0,0.38776749859222026,0.3558072184207587,0.38977448393991043,0.0,0.0,0.0,0.3456965237377813,0.3597696837696963,0.0,0.0,0.3620225053340629,0.0,0.0,0.0,0.0,0.0,0.3866883731684751,0.3616524123217191,0.3571321999254026,0.376202842574938,0.32712893131623716,0.0,0.0,0.0,0.0,0.3592717744702419,0.36882721365149385,0.38413735856411535,0.3981459300903551,0.0,0.0,0.0,0.32923101189777415,0.0,0.0,0.0,0.3583801695835051,0.0,0.39104827537271175,0.36987165880856504,0.0,0.0,0.0,0.0,0.0,0.0,0.3899202778685766,0.3846549848182619,0.0,0.364342726713143,0.0,0.0,0.37213790027003657,0.0,0.0,0.3895646008519244,0.3632300301457362,0.3832715182469347,0.3575855707825469,0.3759026279560031,0.3871250615777366,0.37019218553225935,0.0,0.0,0.0,0.0,0.0,0.3402553622027104,0.3951539989354701,0.37277421853734816,0.0,0.0,0.3826536544139156,0.0,0.3647857061643797,0.0,0.0,0.3854040319662946,0.33491042767608714,0.0,0.0,0.0,0.0,0.0,0.35535129161856793,0.38922569028222925,0.0,0.0,0.0,0.35451665211117656,0.3775445993796777,0.0,0.37570394595367845,0.3502421036854907,0.0,0.38191097239864397,0.0,0.0,0.0,0.0,0.3555612582148179,0.0,0.0,0.0,0.3496205751381978,0.0,0.0,0.0,0.0,0.34021520676009936,0.3572653758841555,0.0,0.3879535963419385,0.0,0.0,0.0,0.0,0.3626499959978881,0.0,0.0,0.0,0.0,0.36980126238487493,0.37979344449686503,0.0,0.33836696161102875,0.3796683315055899,0.0,0.0,0.3567105883010007,0.0,0.0,0.0,0.0,0.3709129877736308,0.0,0.0,0.34244549780347394,0.39730926417288576,0.0,0.3352551290780387,0.0,0.0,0.3483908076482399,0.0,0.37771074611231387,0.36101993376202846,0.0,0.0,0.0,0.0,0.0,0.0,0.0,0.0,0.0,0.0,0.0,0.0,0.0,0.0,0.0,0.36917679198742953,0.0,0.0,0.3875324947242548,0.35251128432298845,0.0,0.3733425432160638,0.35446953844204726,0.0,0.0,0.3835064514310899,0.0,0.0,0.0,0.31731509749569825,0.0,0.0,0.34996577021043285,0.0,0.36388212418850246,0.0,0.0,0.0,0.0,0.3594497479760392,0.0,0.0,0.34828635879264874,0.0,0.0,0.0,0.3541032916987885,0.0,0.39739981273001207,0.0,0.0,0.0,0.0,0.0,0.41006030602534904,0.3659299810167368,0.0,0.0,0.39120927593198157,0.39582904816187653,0.0,0.3666265779768123,0.3452520648823698,0.36067553583816747,0.0,0.0,0.0,0.3399165244050269,0.0,0.0,0.0,0.395873353390332,0.0,0.0,0.0,0.0,0.40362556537602956,0.0,0.0,0.0,0.3852772989060882,0.0,0.3603189515937069,0.3618819219621857,0.36787201183047574,0.38962058708977,0.0,0.0,0.38579594985631777,0.0,0.3643177553162645,0.35713543534042536,0.0,0.0,0.0,0.0,0.3723846012876399,0.37742237091109315,0.0,0.367489112951928,0.0,0.0,0.0,0.3869673499570351,0.0,0.0,0.0,0.3942408621699161,0.0,0.0,0.0,0.0,0.0,0.0,0.0,0.3799049733321566,0.0,0.3667740957897198,0.0,0.35980696185923605,0.0,0.0,0.40244345154431843,0.0,0.3579638934359033,0.0,0.36275686630878595,0.0,0.38555857247515274,0.3538127222563314,0.0,0.0,0.0,0.0,0.0,0.0,0.0,0.3555941604631922,0.0,0.0,0.39711457242561116,0.0,0.37769755117019915,0.0,0.0,0.4177354398128477,0.0,0.0,0.3875042245353132,0.3663771571681835,0.3867106046986351,0.3558954069641595,0.400763951144539,0.0,0.3437090656239724,0.0,0.37369398801844883,0.3814271397705008,0.0,0.0,0.0,0.3741371028204345,0.0,0.0,0.3800598725278697,0.0,0.0,0.0,0.0,0.0,0.0,0.0,0.0,0.0,0.0,0.3484747818444607,0.3621434253994193,0.3689669506529548,0.0,0.0,0.0,0.3730711163740792,0.34010096883949537,0.35869733648706925,0.39956946319283254,0.3719730373821159,0.0,0.0,0.0,0.0,0.0,0.38102629407670874,0.0,0.3479765216358716,0.0,0.3561140356062895,0.38042356514102055,0.3731884539848681,0.0,0.0,0.0,0.0,0.0,0.0,0.3467967414166118,0.0,0.37700295548779417,0.3867070710730409,0.0,0.0,0.0,0.0,0.39420639693163617,0.3890195319764314,0.38019183966675185,0.0,0.3782997223045699,0.3872629726207929,0.0,0.0,0.0,0.0,0.0,0.0,0.35977837849612576,0.0,0.0,0.0,0.3346339191263601,0.36723514707225074,0.3950042908985268,0.0,0.3708880773006478,0.0,0.0,0.0,0.0,0.0,0.0,0.0,0.0,0.3833643238537643,0.0,0.0,0.0,0.3661522247785252,0.3824885906602627,0.0,0.34265630842376976,0.0,0.3694362042043153,0.369496586313147,0.0,0.35238496398750657,0.0,0.0,0.0,0.3738783224683272,0.34490237699769505,0.0,0.343812615986441,0.0,0.3647849944895957,0.0,0.34402307575346613,0.3901063678326539,0.3913004246829521,0.0,0.0,0.0,0.3873291505941925,0.0,0.0,0.0,0.0,0.3968062080378711,0.0,0.37031467468729873,0.3558839561874956,0.0,0.3635917954001035,0.3668177825690914,0.0,0.0,0.0,0.0,0.0,0.3818216074381847,0.0,0.0,0.0,0.0,0.0,0.34834910208708303,0.0,0.0,0.3654842121530597,0.0,0.3695515223686855,0.3863852351279088,0.0,0.3774757333357906,0.0,0.38754555878631936,0.32123856206866086,0.4020635975040819,0.0,0.0,0.38554289666353714,0.35999307672174935,0.0,0.0,0.38575753301540194,0.0,0.0,0.3745979572932304,0.3878778598157214,0.35745694455913585,0.0,0.0,0.37564443647797924,0.36638214167463257,0.35070366088031774,0.0,0.0,0.38972291744428456,0.36495462865728634,0.0,0.0,0.0,0.3588588241969989,0.0,0.362669591643164,0.0,0.0,0.3860658736304672,0.0,0.36607278403579196,0.0,0.0,0.0,0.33045859000115857,0.34479734007957397,0.0,0.3875548140979579,0.0,0.0,0.0,0.0,0.3362065412894643,0.0,0.0,0.36688750945493154,0.0,0.34484187423817125,0.3890883568985124,0.0,0.0,0.37678093825314646,0.0,0.0,0.37802206024540147,0.0,0.0,0.4170322349766057,0.0,0.0,0.3942099177468217,0.0,0.0,0.0,0.0,0.0,0.36459943156733954,0.0,0.0,0.0,0.0,0.0,0.0,0.3508591529129069,0.0,0.0,0.4008297117223986,0.3872962398133888,0.0,0.0,0.35730886001199424,0.0,0.0,0.0,0.0,0.0,0.33987210587893635,0.0,0.0,0.0,0.0,0.0,0.0,0.38134596648636826,0.0,0.0,0.0,0.0,0.4021106844705483,0.0,0.0,0.0,0.0,0.0,0.36254468085214453,0.3620467744410924,0.0,0.3642591314588953,0.0,0.38938884494878817,0.0,0.3675810414953204,0.0,0.3469842413019721,0.0,0.0,0.0,0.33118905311555374,0.0,0.34576300393189796,0.0,0.0,0.0,0.0,0.3773714510972902,0.40155412090376774,0.3587484494147322,0.3546040957226014,0.0,0.0,0.3676914543358579,0.3736764453793338,0.0,0.3552655905567674,0.3854614465328788,0.37705590077151696,0.0,0.35764874443006545,0.34938841176981633,0.3567050396312521,0.37615957946192347,0.0,0.0,0.37503834343094183,0.38531032421664585,0.0,0.0,0.0,0.348473602753141,0.0,0.0,0.0,0.33795685027608496,0.0,0.3629438037109016,0.4025095284918338,0.3562667355678526,0.3599601815415223,0.38355354380180845,0.34709073046358563,0.0,0.39133403885378293,0.0,0.0,0.0,0.40163245379902834,0.37868050369621326,0.0,0.0,0.3765406049857657,0.0,0.0,0.35895141910384026,0.3482255139871287,0.0,0.0,0.0,0.0,0.0,0.0,0.0,0.354035992539119,0.0,0.0,0.0,0.3671852014441639,0.0,0.0,0.0,0.0,0.0,0.0,0.0,0.0,0.3992072319945205,0.3662395371806165,0.0,0.37151477726319493,0.0,0.0,0.0,0.3751880383283831,0.0,0.0,0.0,0.0,0.0,0.39753274490638496,0.35313162201701315,0.368057658977989,0.0,0.353015939899677,0.37456975975058343,0.0,0.0,0.3667175275483523,0.0,0.0,0.39402833052568553,0.3909074380610621,0.0,0.37279755225569083,0.0,0.38688618652286844,0.0,0.0,0.3641538259148709,0.0,0.36306041997828803,0.3528843437470186,0.3804205806732491,0.0,0.0,0.0,0.0,0.34229104776380964,0.0,0.0,0.0,0.0,0.35369339498897817,0.0,0.0,0.0,0.0,0.0,0.35974637114881847,0.0,0.0,0.3583994531324082,0.0,0.0,0.0,0.0,0.0,0.0,0.0,0.0,0.0,0.0,0.0,0.0,0.3811198904285541,0.0,0.0,0.0,0.37128937014416186,0.0,0.3824627342819683,0.0,0.0,0.0,0.3444270553868626,0.3880990455786938,0.0,0.3784464154193027,0.37172429153432046,0.3541886232296943,0.0,0.0,0.0,0.0,0.3601925014018927,0.0,0.41307831162652836,0.0,0.0,0.0,0.0,0.0,0.0,0.3441775708239522,0.36605180317873853,0.0,0.0,0.36699722478444985,0.0,0.0,0.39855359311997446,0.0,0.0,0.0,0.37029036835778284,0.0,0.0,0.0,0.0,0.0,0.0,0.0,0.36096063015016705,0.35867011352529427,0.3624564689523919,0.0,0.0,0.0,0.0,0.0,0.3689885906816739,0.0,0.0,0.0,0.34108484065703415,0.0,0.0,0.0,0.38743050445803595,0.0,0.38954474040524906,0.0,0.37561115589788213,0.34358659446972245,0.0,0.0,0.0,0.32172227761692973,0.0,0.0,0.0,0.36112483917756066,0.331564172078101,0.0,0.4005515494565244,0.0,0.0,0.0,0.0,0.0,0.0,0.0,0.0,0.37912054602394823,0.0,0.38782277152847594,0.0,0.35325501645542773,0.0,0.36663514283264825,0.0,0.34063726747712114,0.0,0.36745326103260595,0.39229451749407346,0.0,0.36205023774044603,0.3886938038883964,0.0,0.0,0.35383940365092353,0.0,0.0,0.0,0.0,0.0,0.0,0.0,0.38674347301228906,0.0
0.0,0.0,0.6796610143041133,0.0,0.0,0.0,0.0,0.0,0.0,0.0,0.0,0.0,0.6537991656572661,0.0,0.6213325837759086,0.0,0.0,0.6858697505112121,0.6755313287119542,0.629984669948539,0.0,0.6582804923385555,0.6592999334649459,0.0,0.0,0.0,0.0,0.0,0.0,0.0,0.0,0.6534067178323753,0.6392795016709742,0.7182243198760533,0.6076323277012399,0.0,0.0,0.6456116463310556,0.6525606946998853,0.0,0.0,0.0,0.0,0.6412122799140262,0.0,0.6578950403752465,0.6626283302522238,0.6683106621337459,0.0,0.0,0.0,0.6497822848561612,0.0,0.0,0.6668119195858734,0.6498997243332295,0.0,0.0,0.0,0.0,0.6659060079638203,0.6511938666298375,0.0,0.0,0.0,0.0,0.0,0.0,0.0,0.6591453268485515,0.0,0.0,0.0,0.6811497037793319,0.0,0.0,0.0,0.6588876791467241,0.0,0.6653082726028178,0.0,0.6531695398809322,0.0,0.0,0.0,0.0,0.6572765861702858,0.6904819417469664,0.0,0.0,0.0,0.0,0.0,0.6660637910229805,0.6210776897400963,0.0,0.0,0.6648485448060876,0.0,0.0,0.6502265021996844,0.0,0.6755928410507734,0.0,0.0,0.0,0.0,0.0,0.6566257303247427,0.0,0.675473705300356,0.0,0.0,0.0,0.0,0.0,0.0,0.0,0.0,0.7007096271687249,0.6625946690541507,0.0,0.0,0.6948877158445431,0.0,0.6571201809017367,0.0,0.0,0.0,0.635650911781222,0.6763742978639451,0.684936038646765,0.0,0.0,0.6808302640907352,0.0,0.0,0.6316416617552483,0.0,0.0,0.0,0.0,0.0,0.0,0.0,0.0,0.0,0.0,0.0,0.0,0.6553702074906095,0.6646297657228535,0.673456989260684,0.6640245530506914,0.6948533521214122,0.0,0.0,0.0,0.0,0.6413205912969032,0.0,0.0,0.0,0.0,0.6402888569320538,0.0,0.0,0.0,0.0,0.0,0.0,0.0,0.0,0.0,0.0,0.6575160889573541,0.0,0.0,0.0,0.0,0.0,0.6555094597720171,0.0,0.0,0.0,0.0,0.0,0.0,0.0,0.6558925540398177,0.0,0.0,0.6618327246867091,0.0,0.0,0.6752788436411448,0.0,0.0,0.0,0.0,0.6615207719660651,0.7008804607701016,0.0,0.0,0.0,0.0,0.0,0.0,0.0,0.0,0.0,0.6535836197007124,0.632695406383684,0.0,0.6460100437934071,0.6391820880472151,0.6379796110543499,0.0,0.6402958145594131,0.6309691503725874,0.652222279087119,0.0,0.0,0.0,0.0,0.0,0.0,0.7102846543530176,0.6706350474847844,0.6609679219487011,0.0,0.6614125485403757,0.0,0.6368367386088225,0.0,0.6916761475157979,0.6705350583952364,0.6403320565946587,0.0,0.0,0.6317223507921659,0.635284217124049,0.7111939071868298,0.0,0.6409212226744485,0.6638337918316919,0.6622903704942779,0.0,0.0,0.0,0.0,0.0,0.0,0.6579414678341081,0.0,0.0,0.6278679790303348,0.6587885909170297,0.6828911939774466,0.6554793278688906,0.0,0.6425199980789771,0.6474985217198642,0.0,0.0,0.0,0.0,0.0,0.0,0.6235991517747833,0.0,0.0,0.6327594305882283,0.0,0.0,0.0,0.6610905166944672,0.0,0.0,0.0,0.0,0.6398733854460248,0.0,0.0,0.0,0.0,0.0,0.671472433223141,0.6717408053077784,0.0,0.6736890663378015,0.0,0.0,0.7140952619291624,0.0,0.0,0.0,0.0,0.6314076857650804,0.0,0.6591823487607937,0.0,0.0,0.0,0.0,0.6839422834354785,0.0,0.6625962206243874,0.0,0.0,0.0,0.6486665779167885,0.0,0.0,0.0,0.6684935606881591,0.6432879923364745,0.6634862284911235,0.0,0.0,0.6772693973943646,0.0,0.0,0.0,0.0,0.6474084702119901,0.625438329628517,0.6685659540241343,0.0,0.6600668408141225,0.6843748590735936,0.0,0.6325167097714137,0.6685587902484544,0.6703015182754397,0.0,0.6559836360440701,0.6693391478107692,0.0,0.6795879266113777,0.6791280162994228,0.0,0.0,0.6599952567784937,0.6744338530462942,0.0,0.6467105122663659,0.666663487047869,0.6786952627617528,0.0,0.0,0.0,0.0,0.6555899731579001,0.0,0.0,0.0,0.6884231611452655,0.0,0.0,0.0,0.6306267809663689,0.6592767672218148,0.6734225551272794,0.0,0.0,0.0,0.0,0.0,0.0,0.0,0.0,0.0,0.0,0.0,0.0,0.0,0.6829784000877794,0.6444743651890213,0.0,0.0,0.6668423380534364,0.0,0.6301276997954858,0.0,0.0,0.6891209825730088,0.0,0.6711407648437667,0.0,0.6446431374164557,0.0,0.0,0.0,0.0,0.0,0.0,0.0,0.0,0.0,0.6314129835815155,0.6611268816096549,0.0,0.0,0.6581755597348683,0.0,0.0,0.0,0.0,0.0,0.0,0.6503693675726612,0.6792122464415062,0.0,0.6957198726364183,0.0,0.0,0.0,0.0,0.0,0.6765629331358507,0.0,0.0,0.0,0.0,0.0,0.0,0.0,0.6216524454224401,0.0,0.6485556666880806,0.0,0.6868924293727394,0.6858515796365787,0.0,0.0,0.0,0.0,0.6488233466634113,0.6640835761925958,0.0,0.0,0.0,0.6363077799830202,0.0,0.0,0.0,0.0,0.0,0.0,0.0,0.6852691877258579,0.0,0.0,0.0,0.0,0.0,0.6347257405729658,0.6464980365601083,0.0,0.0,0.0,0.0,0.0,0.6727566154484038,0.0,0.6784867854524855,0.0,0.642215492479105,0.0,0.6476817526590046,0.647205634560568,0.6574222893011253,0.6554310607954432,0.0,0.0,0.0,0.65195805115414,0.6295277431853916,0.0,0.0,0.0,0.0,0.0,0.0,0.0,0.0,0.6685382652552242,0.0,0.665680899986338,0.0,0.0,0.0,0.0,0.6725720564297679,0.0,0.0,0.0,0.6838521736477761,0.0,0.0,0.0,0.0,0.6767200532189787,0.0,0.6777644083853015,0.6686083539488985,0.6678467577101224,0.6267710597799881,0.0,0.0,0.6433685577618656,0.0,0.0,0.0,0.0,0.0,0.637399130494363,0.0,0.6990636195446549,0.6328084989751216,0.6765797389385414,0.0,0.0,0.0,0.0,0.6485567618079798,0.0,0.0,0.0,0.0,0.6443096577307648,0.0,0.0,0.6545864310187617,0.0,0.0,0.0,0.0,0.0,0.0,0.6667287773237525,0.6374406794388726,0.6790117326072498,0.0,0.0,0.63789418224041,0.0,0.6379227469304374,0.0,0.681440156854058,0.0,0.0,0.0,0.0,0.0,0.0,0.6435658913137003,0.6670082742779118,0.0,0.6770810016468115,0.6773530450277414,0.0,0.6367811239940339,0.0,0.6594663235131211,0.0,0.0,0.0,0.0,0.6361333315636777,0.668947813134376,0.0,0.0,0.0,0.7320592456999495,0.0,0.681187494715418,0.0,0.6209185855261732,0.0,0.6628295448219479,0.0,0.678523979887253,0.0,0.6252007079766637,0.6742405575183343,0.0,0.0,0.667682413736086,0.0,0.0,0.684475364548319,0.0,0.0,0.0,0.0,0.6924978122694104,0.656067902529039,0.0,0.0,0.0,0.65644784578192,0.0,0.0,0.6257087945850232,0.0,0.0,0.0,0.0,0.0,0.6845340703673356,0.0,0.6787182098256741,0.6451663194253826,0.6531498676931727,0.0,0.0,0.0,0.0,0.0,0.6528660362362344,0.0,0.6665071247758759,0.0,0.6313997770236962,0.0,0.0,0.0,0.6211076080250365,0.0,0.6793912078295543,0.6689600620836885,0.0,0.0,0.0,0.0,0.0,0.0,0.0,0.6145214298631216,0.0,0.0,0.0,0.0,0.6665941913140323,0.0,0.0,0.6483140127985045,0.0,0.0,0.0,0.0,0.0,0.0,0.653918881080259,0.6472300616929312,0.6509521534422876,0.0,0.0,0.0,0.0,0.0,0.0,0.0,0.0,0.0,0.6805056075181753,0.0,0.6663021942749535,0.6296603772051959,0.0,0.0,0.0,0.0,0.0,0.0,0.6725039053610199,0.6504673197044274,0.0,0.6409382593249443,0.6405920852334546,0.6304234623338805,0.0,0.0,0.0,0.0,0.7001393941301466,0.0,0.0,0.0,0.0,0.0,0.0,0.0,0.0,0.6725657542218122,0.0,0.0,0.0,0.0,0.0,0.6663566085441155,0.6549918748060386,0.6316848680483974,0.0,0.0,0.0,0.6491132956675633,0.0,0.6509793034658744,0.0,0.0,0.6327748320906494,0.0,0.6766452640348424,0.0,0.0,0.0,0.0,0.6580737272885773,0.0,0.0,0.6554866118450985,0.0,0.0,0.6880082002670237,0.692162183921615,0.0,0.6710265817053354,0.6772512419534792,0.664539308211925,0.0,0.6433313681917718,0.6546343588973644,0.0,0.0,0.0,0.0,0.0,0.6706645524713922,0.6262136258193701,0.6601884618204977,0.0,0.0,0.0,0.6768486813540524,0.0,0.0,0.665358504886844,0.0,0.6425432638147549,0.6994318665510005,0.0,0.0,0.0,0.0,0.0,0.0,0.6605539957956112,0.6242671505146193,0.0,0.6362545727764249,0.6970555385772249,0.0,0.0,0.0,0.0,0.0,0.0,0.0,0.0,0.0,0.669565611422729,0.0,0.0,0.0,0.0,0.0,0.0,0.0,0.0,0.6623098222206901,0.0,0.666496473070385,0.6502210249018625,0.0,0.0,0.0,0.0,0.6296971932234097,0.6629942108951544,0.6381009987507128,0.0,0.689179093412107,0.6810602314250412,0.0,0.0,0.6875508772269461,0.6502484900719532,0.0,0.0,0.6498760079905342,0.0,0.0,0.6164539722363329,0.0,0.6219948626192539,0.0,0.0,0.0,0.6146165075811812,0.0,0.0,0.0,0.0,0.6743642096431961,0.6929027908681863,0.6534584225897094,0.6336309317869286,0.0,0.0,0.0,0.0,0.0,0.647053509943533,0.0,0.0,0.6107290845538992,0.0,0.6976524311569247,0.6636784063675158,0.0,0.672385430981523,0.0,0.6729857180547002,0.0,0.679565325311812,0.0,0.0,0.0,0.0,0.0,0.6428562981049348,0.6587409884084942,0.0,0.0,0.6153497022553016,0.6662010894663314,0.0,0.6733413153201895,0.655376139772716,0.6445084653114894,0.6246461864332888,0.6383869515992255,0.0,0.6530848148292969,0.6347602623992532,0.0,0.0,0.0,0.6611695060764397,0.667116169839889,0.0,0.6504747661911257,0.0,0.0,0.6628909444349368,0.0,0.0,0.6859776895009476,0.0,0.6341399167159512,0.0,0.681780077805654,0.677601338279861,0.0,0.6340991326407925,0.6724450432161201,0.0,0.0,0.626448317074321,0.0,0.0,0.6439915899895289,0.0,0.0,0.0,0.0,0.0,0.6767145625701102,0.0,0.6441136217511769,0.0,0.6627253497525345,0.0,0.6559036946824452,0.6592505277303591,0.6664365563242901,0.0,0.0,0.0,0.0,0.0,0.0,0.0,0.630609441283642,0.0,0.0,0.0,0.0,0.6468856092934238,0.0,0.0,0.6402092309422717,0.6509663901659407,0.0,0.0,0.0,0.649116274527384,0.0,0.0,0.6688021655449086,0.0,0.6305096114991928,0.0,0.0,0.6734175869358568,0.0,0.6986533686026513,0.646007462742237,0.6722107886741213,0.0,0.0,0.0,0.6367142354847465,0.0,0.0,0.6782814366708643,0.0,0.6591029387820351,0.6548773645273651,0.6535713255205052,0.6645308432660072,0.6649006497259479,0.0,0.664212555414528,0.0,0.0,0.0,0.0,0.0,0.0,0.6762144265428294,0.0,0.0,0.0,0.6649987503129294,0.0,0.6768159679245814,0.0,0.0,0.69105909757976,0.0,0.6769906642562773,0.0,0.66250278753979,0.0,0.0,0.0,0.6420885921459408,0.0,0.6225552292571543,0.6720956009202224,0.7035329710542256,0.0,0.0,0.0,0.0,0.0,0.6140408598130735,0.0,0.0,0.0,0.0,0.7051001260117352,0.0,0.0,0.6138378403255647,0.6849500033403506,0.6602313701614914,0.0,0.6536044332818675,0.0,0.0,0.0,0.6696594065675484,0.0,0.0,0.0
0.5500026065645892,0.0,0.5766668590003053,0.0,0.0,0.0,0.0,0.5677110220334277,0.0,0.0,0.0,0.5867854896622733,0.0,0.5755054536638071,0.0,0.6187296772630486,0.0,0.5779864943150163,0.0,0.0,0.0,0.0,0.0,0.0,0.0,0.0,0.0,0.0,0.5924402651939611,0.0,0.0,0.5798873562134971,0.0,0.0,0.0,0.5938712257530003,0.0,0.5955690225912004,0.0,0.0,0.5700265324484842,0.5894894964985343,0.0,0.0,0.0,0.5762386341281144,0.611122831372565,0.5800031429356238,0.5857904250202606,0.5676753268215213,0.0,0.5770869389167799,0.5923163337552452,0.0,0.0,0.5767908475405593,0.0,0.0,0.0,0.0,0.0,0.5846279859103382,0.0,0.5978340415693689,0.0,0.0,0.5535510474227492,0.5918777060681342,0.0,0.5919570403618467,0.0,0.0,0.0,0.0,0.0,0.0,0.0,0.557953353419786,0.5940113146161307,0.0,0.5715543839299158,0.0,0.0,0.0,0.0,0.0,0.0,0.6066489866723418,0.0,0.0,0.0,0.0,0.0,0.5832233816376496,0.6020913510965012,0.0,0.0,0.0,0.0,0.0,0.6176968295386812,0.0,0.612989205962891,0.0,0.0,0.594474763798107,0.0,0.0,0.0,0.0,0.0,0.0,0.5820776733551086,0.0,0.0,0.0,0.5793163400251021,0.0,0.0,0.5568258048694159,0.5570475421490315,0.0,0.5627321527830448,0.0,0.5706940138363511,0.5800058009167548,0.0,0.0,0.5809089025936461,0.0,0.0,0.5697772428927858,0.0,0.5947861306176204,0.0,0.0,0.0,0.5811064422995698,0.6014875666523948,0.5821234054258235,0.0,0.5887859134563878,0.5787654988079771,0.0,0.6015745096515763,0.5785978263087417,0.0,0.0,0.5556991762579294,0.5803011482986458,0.5673977789464113,0.6052734759355962,0.0,0.5530307791943734,0.0,0.0,0.5540440177737871,0.0,0.0,0.0,0.5892891348359582,0.0,0.0,0.0,0.0,0.0,0.0,0.0,0.5677927326073036,0.0,0.0,0.0,0.0,0.0,0.0,0.0,0.0,0.576607571470673,0.0,0.0,0.5812172349725807,0.0,0.0,0.0,0.600755765233621,0.5516858718887596,0.0,0.0,0.0,0.0,0.0,0.0,0.0,0.0,0.0,0.5881795168049192,0.5959212621668045,0.0,0.0,0.0,0.6140923292716919,0.58620481992096,0.0,0.0,0.5691674462146412,0.0,0.0,0.0,0.597703810790375,0.0,0.0,0.5841259144474004,0.6049202232416784,0.0,0.5902946919109852,0.598203932483958,0.0,0.0,0.0,0.5846793875520503,0.5809052997010763,0.0,0.5541385421248397,0.0,0.0,0.6136190504705794,0.0,0.0,0.610127794829511,0.0,0.0,0.5939316758325385,0.0,0.0,0.0,0.0,0.0,0.5593097728604335,0.0,0.5593967785798305,0.0,0.5839146915716522,0.0,0.0,0.0,0.0,0.0,0.5771124563120539,0.0,0.0,0.5717037831768443,0.0,0.0,0.0,0.0,0.5748593211623494,0.0,0.6015265598205676,0.60133143507538,0.6038384280083502,0.5752902179946198,0.542413436027315,0.0,0.0,0.0,0.6067229056001647,0.0,0.0,0.0,0.0,0.0,0.0,0.5686148832254053,0.0,0.0,0.0,0.5906475544125598,0.0,0.0,0.0,0.0,0.0,0.0,0.0,0.0,0.0,0.0,0.5816982826289474,0.0,0.6112283320334803,0.0,0.0,0.5743842168738863,0.0,0.0,0.6065566030584616,0.0,0.5875875678065152,0.0,0.0,0.0,0.0,0.5762090261250955,0.5911301873771857,0.0,0.0,0.0,0.0,0.5693703679748499,0.0,0.0,0.5967333772495391,0.0,0.0,0.6025459557429497,0.5901152134833421,0.0,0.5744975577040214,0.0,0.0,0.0,0.0,0.0,0.0,0.5854172787274268,0.5672377063253221,0.0,0.0,0.0,0.5913396021530967,0.0,0.0,0.0,0.0,0.5920946661236399,0.0,0.588162920069939,0.0,0.0,0.0,0.0,0.0,0.0,0.6006432734422492,0.0,0.0,0.5742429888198756,0.5290064650111943,0.0,0.5555768491232346,0.5571314920409951,0.0,0.0,0.5644719270181885,0.0,0.0,0.0,0.0,0.5791509506163565,0.0,0.0,0.5565820644719791,0.5614519722222833,0.5788953487376096,0.6012769409013597,0.0,0.0,0.5977816152175759,0.5730164744584532,0.0,0.6020181980857778,0.5539624051044764,0.0,0.0,0.0,0.0,0.5795336763024044,0.5642919512816953,0.0,0.0,0.0,0.5672920962826558,0.5597648351571157,0.5321397891619464,0.5745172736687266,0.6041762808118789,0.0,0.5639837275773596,0.6083948993155753,0.0,0.5644050075079384,0.0,0.0,0.0,0.5996912243165861,0.0,0.0,0.5581687530855134,0.5731469742428466,0.5934391151030276,0.5664038872134701,0.0,0.0,0.587291397300246,0.0,0.0,0.5883111427121149,0.5623512330536307,0.0,0.0,0.5795438995614465,0.0,0.5636944892941005,0.5821034330139321,0.5738418343578017,0.6193939967182546,0.0,0.0,0.0,0.5853865204315234,0.5697151682951251,0.5800510246541409,0.0,0.0,0.0,0.5786389009750715,0.0,0.0,0.0,0.0,0.5767186145431077,0.0,0.0,0.5883927575165849,0.5940013617866345,0.0,0.0,0.6211677573367099,0.0,0.0,0.0,0.5926485837318894,0.0,0.0,0.5633719727163816,0.0,0.0,0.0,0.0,0.0,0.5761251831511992,0.0,0.0,0.0,0.0,0.0,0.0,0.6002844684460542,0.0,0.0,0.0,0.0,0.0,0.0,0.5567230133347464,0.0,0.0,0.5770945133701609,0.5843780357670912,0.5860722198696137,0.5722789105347778,0.0,0.0,0.0,0.0,0.5814636318987331,0.5845365581615626,0.5911998814873322,0.0,0.0,0.0,0.0,0.5734842077677371,0.0,0.0,0.56597278686739,0.0,0.0,0.0,0.0,0.5681472060348061,0.557280509263748,0.5762238210493297,0.0,0.0,0.0,0.6135196015683487,0.5532650967683149,0.0,0.5963076058842206,0.0,0.0,0.5829316433029986,0.0,0.0,0.0,0.0,0.0,0.5943445906178134,0.5812786628369562,0.0,0.5938117301745297,0.0,0.5561124956791715,0.0,0.599333826559038,0.0,0.0,0.5413641053009439,0.0,0.58242174081192,0.0,0.5898866227395504,0.0,0.0,0.0,0.6106295877450926,0.0,0.0,0.592931772649182,0.0,0.564165168484235,0.0,0.0,0.0,0.5859701367889542,0.0,0.5972611900978627,0.0,0.5785613073796408,0.0,0.5677293366496066,0.0,0.0,0.0,0.0,0.0,0.0,0.5925973682864609,0.0,0.0,0.0,0.0,0.0,0.0,0.5660128517502807,0.5860788714474806,0.5459829014193925,0.0,0.0,0.0,0.0,0.0,0.5674993140919335,0.0,0.0,0.0,0.5673602097040977,0.5443305787623258,0.0,0.0,0.5992650608626637,0.0,0.5732513477676128,0.0,0.0,0.0,0.5707763176672034,0.5651016888919159,0.0,0.0,0.0,0.0,0.0,0.0,0.0,0.5978778460915768,0.0,0.0,0.0,0.0,0.5778252202059967,0.0,0.5858389000530971,0.0,0.0,0.5686947727713035,0.0,0.0,0.5683656025813832,0.581000510723475,0.0,0.0,0.5535196634812818,0.5737994459256536,0.0,0.0,0.0,0.0,0.0,0.0,0.0,0.0,0.0,0.6073540591374748,0.0,0.0,0.0,0.0,0.5717945021004485,0.0,0.0,0.0,0.5902271860312174,0.0,0.0,0.0,0.5894172334285679,0.5673243148755519,0.0,0.0,0.5949486606758995,0.5980174729005977,0.0,0.0,0.5768917549556227,0.5573761264270198,0.0,0.0,0.5424043269096261,0.0,0.0,0.0,0.0,0.0,0.612548771640162,0.0,0.0,0.0,0.0,0.5934221252451286,0.0,0.5773410272249343,0.6132394238254685,0.0,0.5952157099556682,0.5880713414372591,0.0,0.0,0.0,0.0,0.0,0.6046092514886898,0.0,0.5872119404319686,0.5980798549110233,0.0,0.0,0.5880014876791815,0.0,0.5745030716593167,0.57271566315115,0.0,0.5701120316302851,0.0,0.0,0.6002095516927174,0.5948705207576316,0.0,0.0,0.5918431567005731,0.0,0.5777746108547042,0.6100851491530065,0.0,0.0,0.0,0.5695073766114964,0.0,0.0,0.0,0.0,0.0,0.0,0.0,0.5583042432197138,0.0,0.0,0.0,0.0,0.0,0.5772488655702197,0.0,0.0,0.0,0.0,0.0,0.0,0.5592394230521018,0.5439784536200695,0.0,0.0,0.0,0.0,0.5792359094001118,0.6010509036266257,0.0,0.0,0.5672983495581476,0.0,0.59792432986826,0.0,0.5656826282087977,0.0,0.0,0.0,0.0,0.0,0.5559997028945722,0.5920893531959581,0.5802404813266056,0.5845191593835714,0.0,0.0,0.0,0.5707034315426301,0.5487153192013244,0.0,0.0,0.5678650335303993,0.0,0.603236583353106,0.0,0.6129222273834143,0.0,0.5720553931817977,0.5764785648850446,0.0,0.578025359674159,0.5969005745739034,0.5774488963898115,0.5754274247250646,0.0,0.0,0.0,0.0,0.5665847077769979,0.0,0.0,0.0,0.5765107610539889,0.5694160468750826,0.0,0.6271460093853591,0.0,0.608079007627837,0.602333287735678,0.5858056880627261,0.0,0.0,0.0,0.0,0.0,0.0,0.5800681983351755,0.6371625344444426,0.0,0.0,0.5503623642877435,0.5678457765885232,0.5708770847270197,0.5837808515811339,0.5951359311628992,0.6021847236509918,0.5719634642881476,0.0,0.5751927512091112,0.0,0.0,0.0,0.0,0.0,0.0,0.5925574545312259,0.0,0.0,0.0,0.6090334427406694,0.5888362240994789,0.6114864133035459,0.5808481937150204,0.0,0.0,0.0,0.5718521630225495,0.0,0.0,0.591259125438327,0.0,0.0,0.0,0.0,0.5732372218995726,0.0,0.0,0.5527244880877528,0.596427714984144,0.0,0.5531983581726652,0.0,0.0,0.0,0.0,0.588554296490453,0.0,0.0,0.0,0.0,0.5901649271046115,0.0,0.0,0.0,0.0,0.5930218722472349,0.5878426459665486,0.0,0.0,0.0,0.5879055964921553,0.5900742593105479,0.0,0.0,0.0,0.5780027556814106,0.0,0.5702102228204351,0.0,0.0,0.0,0.0,0.6037539597115977,0.5976912606688249,0.5988021121976256,0.0,0.5783137740530659,0.0,0.0,0.5661699756484196,0.0,0.5658590767919284,0.0,0.5973570201204095,0.0,0.0,0.0,0.0,0.0,0.0,0.0,0.5942392837963704,0.5672721925806922,0.0,0.0,0.0,0.0,0.0,0.0,0.0,0.0,0.0,0.0,0.6174255544170385,0.5381813947991078,0.0,0.0,0.0,0.0,0.0,0.6061385435964913,0.0,0.5770173537531489,0.0,0.0,0.0,0.0,0.5890325784482672,0.5802116719722732,0.586196824549474,0.0,0.0,0.0,0.0,0.0,0.0,0.5786391553276539,0.5593245470668425,0.0,0.0,0.0,0.0,0.0,0.593679593004561,0.0,0.5771236204009057,0.5841028939948969,0.0,0.0,0.0,0.6040211831589949,0.0,0.0,0.5877978805497149,0.5760456350436595,0.0,0.5647372194784093,0.0,0.0,0.5729531967664536,0.5696591783180021,0.6179859174212964,0.577166556876517,0.5871032671737829,0.0,0.0,0.5894483654977326,0.0,0.0,0.5689182384877731,0.5636195958362847,0.5939370053945533,0.0,0.5756014047627301,0.0,0.5868632806245202,0.0,0.0,0.5468696416025679,0.0,0.0,0.0,0.5654513045431274,0.0,0.0,0.0,0.0,0.5756537056776999,0.6049894228695482,0.0,0.0,0.0,0.0,0.5990959995799833,0.0,0.0,0.0,0.0,0.0,0.0,0.0,0.0,0.0,0.5733666382084627,0.5861011900555916,0.5684047691555403,0.0,0.0,0.5868132784371416,0.0,0.0,0.0,0.0,0.5807737846371521,0.0,0.0,0.579910408317757,0.0,0.5823603176548903,0.5890223620992561,0.5746258686414019,0.0,0.56243607334347,0.0,0.5676873787952187,0.5800247651151401,0.574794474935425,0.5652178408481152,0.0,0.5798767633612701,0.594589325768606,0.0
0.9266384779438904,0.0,0.9250029885783323,0.0,0.9138211180012221,0.0,0.0,0.9358215947510702,0.0,0.0,0.9150688164064996,0.0,0.935168768786543,0.0,0.9496378021458969,0.0,0.0,0.0,0.0,0.9266598577276726,0.0,0.0,0.9154164846430792,0.9034287564045559,0.0,0.8927542178426794,0.0,0.0,0.0,0.0,0.9055636226963184,0.0,0.0,0.9088328409106943,0.9214025850697917,0.9358112464120749,0.0,0.0,0.0,0.0,0.9318591642420758,0.0,0.9208096071519029,0.0,0.0,0.9284860776615511,0.0,0.9493489941566823,0.0,0.9169983013687069,0.9061421977095494,0.9421992714183294,0.9343234288268177,0.0,0.0,0.9246700264941631,0.9824245625618849,0.0,0.0,0.9233330329397003,0.9421257097690493,0.0,0.0,0.9402776622299733,0.9214339040275233,0.0,0.9082090871412036,0.0,0.0,0.9278955280999489,0.0,0.0,0.0,0.0,0.0,0.0,0.941145428431104,0.9002250970068273,0.0,0.8998808298670404,0.9036470228172478,0.9455001079073267,0.0,0.0,0.0,0.0,0.0,0.0,0.9246828856559256,0.8966786017396623,0.9073221859263185,0.0,0.0,0.0,0.0,0.0,0.0,0.9496624565609253,0.0,0.0,0.0,0.903682283066683,0.0,0.0,0.0,0.9361135435720829,0.0,0.0,0.9335761303478282,0.0,0.9077520714697257,0.0,0.0,0.0,0.9002960235025922,0.0,0.9393085212366741,0.0,0.0,0.9754313340046058,0.9250140052824425,0.9353501697841965,0.0,0.0,0.0,0.9495050526727906,0.8949148199717193,0.0,0.0,0.9203663512793843,0.0,0.9656484697268232,0.0,0.0,0.9162346017540854,0.0,0.0,0.0,0.9232238077605258,0.0,0.0,0.9249236381534,0.964446994577167,0.9318657025952998,0.0,0.9638728899161508,0.0,0.0,0.950260402164868,0.0,0.0,0.0,0.0,0.0,0.9528720435399313,0.0,0.9366612825941873,0.0,0.9179176213874443,0.0,0.0,0.0,0.904477839163289,0.0,0.0,0.9273204074875754,0.0,0.0,0.9647162596945744,0.9442319373493943,0.0,0.0,0.8934676051225517,0.0,0.0,0.9315995299016371,0.9303506743924305,0.0,0.96362116267956,0.0,0.0,0.9436408823103203,0.0,0.945275112974025,0.9416768859600256,0.9361805235227781,0.0,0.902366314070332,0.9287742032907619,0.9262985081881439,0.0,0.0,0.930660684576133,0.9045307329263214,0.0,0.0,0.9426518404370055,0.0,0.0,0.9339484807285194,0.0,0.0,0.0,0.0,0.9052035651150538,0.0,0.9333314424358934,0.8968587035784494,0.0,0.9515566941138055,0.0,0.0,0.9666787732476649,0.0,0.0,0.0,0.0,0.0,0.0,0.0,0.0,0.0,0.0,0.0,0.9380785605370313,0.9246466245061886,0.0,0.0,0.0,0.0,0.0,0.9272642772828115,0.0,0.0,0.8929889160131158,0.9169016656522693,0.9516462302430702,0.0,0.0,0.9248381744612151,0.0,0.0,0.0,0.0,0.0,0.9029130639594589,0.9461671041382504,0.9408256785789004,0.0,0.0,0.9267911338713472,0.0,0.9530537411087118,0.0,0.9345717143374614,0.951279958292041,0.0,0.9301779838248825,0.0,0.970152113764294,0.0,0.8984154981790328,0.9268091343608824,0.0,0.0,0.9050702245395666,0.0,0.0,0.9232473911235979,0.0,0.9305343033190946,0.0,0.9223765913313342,0.0,0.9119758087172684,0.0,0.0,0.9014042530784542,0.9509354595113452,0.0,0.0,0.9396345032994852,0.9019286446303172,0.9106346815660871,0.9377552496509333,0.0,0.9073768930367014,0.0,0.0,0.0,0.9423450884789959,0.0,0.0,0.9060801017375685,0.0,0.0,0.9578769224177213,0.0,0.9493285092846205,0.0,0.0,0.0,0.936983854546406,0.0,0.9448184684272435,0.9426145535901304,0.0,0.9809304844576349,0.0,0.9245695876407445,0.0,0.9437500899858711,0.0,0.0,0.9090642797334174,0.9179503280940141,0.0,0.9452409730435052,0.9674750456515057,0.0,0.0,0.0,0.0,0.0,0.9038277891226774,0.9249439128953857,0.9470223694802272,0.9383780803238827,0.0,0.0,0.9440787384888385,0.0,0.0,0.0,0.0,0.0,0.0,0.0,0.0,0.9233214597414124,0.9309669643195466,0.0,0.0,0.0,0.0,0.0,0.9137876263091504,0.9554513198620425,0.9192452613115746,0.9667294509601319,0.9436941731052009,0.0,0.0,0.9309247959646034,0.9146002216749037,0.0,0.0,0.0,0.0,0.0,0.0,0.9492738364829918,0.9535701754199385,0.9264565570047814,0.965444458971106,0.0,0.0,0.0,0.0,0.0,0.965352256069475,0.9439658743370563,0.8980888069992854,0.9474397168727217,0.9564272287423607,0.0,0.9187222516671593,0.9278922351032804,0.9140085882577601,0.0,0.951232366912314,0.956961159242278,0.9122025582605956,0.919530969812662,0.9081146892249283,0.0,0.9406689604908003,0.0,0.0,0.0,0.0,0.0,0.9234473367012056,0.0,0.0,0.0,0.0,0.0,0.0,0.0,0.0,0.9067073727469203,0.9560612728447004,0.0,0.0,0.0,0.9169084470218702,0.0,0.0,0.9176560817043564,0.9234302922640002,0.9110001720823062,0.0,0.0,0.0,0.0,0.0,0.0,0.0,0.0,0.0,0.9209661483202887,0.0,0.0,0.0,0.9316849358189648,0.0,0.9465632227774102,0.0,0.0,0.9359150042155658,0.0,0.8919536553726878,0.0,0.0,0.9248088709170845,0.0,0.0,0.0,0.895554691647542,0.0,0.0,0.0,0.9367152330754066,0.0,0.0,0.90331581771665,0.0,0.9240194602462901,0.0,0.0,0.9171826181115805,0.0,0.0,0.0,0.9246911031365594,0.0,0.0,0.0,0.0,0.0,0.8995347224026653,0.0,0.0,0.0,0.0,0.0,0.0,0.0,0.0,0.94090439570735,0.9332706715475813,0.0,0.0,0.0,0.0,0.0,0.0,0.0,0.9331420024320467,0.0,0.0,0.0,0.0,0.0,0.0,0.0,0.0,0.0,0.9639593413544679,0.0,0.0,0.0,0.0,0.9546821616676935,0.0,0.0,0.9359173934468811,0.9170260147460687,0.0,0.9322016046708556,0.9143903400171118,0.9261603623885786,0.0,0.0,0.0,0.0,0.949244219808036,0.9739575605147132,0.9499895010373902,0.9466450182755259,0.0,0.0,0.9588015883241832,0.0,0.0,0.0,0.9282019003744703,0.0,0.9099454439354548,0.0,0.9843151607545849,0.0,0.0,0.0,0.0,0.9708077735700629,0.8843821081016179,0.0,0.0,0.0,0.9132936181914647,0.0,0.0,0.0,0.0,0.0,0.0,0.9354066781852851,0.9079739094046767,0.0,0.9272178342874271,0.0,0.0,0.0,0.0,0.0,0.9449867246368884,0.0,0.0,0.0,0.0,0.9732903624303514,0.0,0.0,0.0,0.0,0.0,0.0,0.905777393134144,0.0,0.0,0.9165354898317517,0.923464114617706,0.9457162280684084,0.0,0.0,0.9528461126060497,0.9136032723624281,0.0,0.0,0.0,0.9132843560024037,0.0,0.0,0.9016880219926444,0.0,0.9437467826687812,0.9508120284270234,0.9117839240630392,0.9259592535144003,0.9224001892889591,0.0,0.9643036104963034,0.0,0.0,0.9577762121276112,0.8924611932732978,0.9259178327295082,0.9059566712326023,0.0,0.918609368051591,0.9664144668990263,0.9485939069936064,0.9169101770195717,0.0,0.9538503353673279,0.9174400719594827,0.0,0.0,0.0,0.0,0.94101437337943,0.9197459312886082,0.0,0.0,0.0,0.9228940058966828,0.9001672669261513,0.8817311571698012,0.0,0.0,0.0,0.0,0.0,0.9191085852327755,0.0,0.0,0.0,0.8867633151768958,0.0,0.0,0.0,0.0,0.0,0.0,0.0,0.0,0.0,0.0,0.0,0.0,0.0,0.0,0.9237658800399544,0.0,0.0,0.0,0.0,0.0,0.9052490851461105,0.9441091541684816,0.0,0.9213693617978396,0.0,0.9120130815018943,0.0,0.0,0.9199529873367972,0.0,0.934279959602258,0.0,0.0,0.0,0.0,0.9662343636483515,0.0,0.9199314942073381,0.0,0.0,0.0,0.8952155862295685,0.9116160756372997,0.0,0.9201446635521603,0.0,0.0,0.9478818932258856,0.0,0.9461511718144434,0.969282776741281,0.0,0.0,0.0,0.0,0.0,0.0,0.0,0.8935309157464851,0.0,0.9510988279932698,0.0,0.0,0.0,0.0,0.0,0.0,0.9324895581047759,0.9401456857379714,0.0,0.0,0.9226163412402159,0.0,0.0,0.8877913244275667,0.9383096613442129,0.0,0.0,0.0,0.9451394844426494,0.0,0.0,0.9557855268200969,0.0,0.0,0.0,0.0,0.0,0.9337104853288766,0.0,0.0,0.0,0.0,0.9085783007284639,0.0,0.0,0.0,0.0,0.0,0.0,0.0,0.0,0.0,0.0,0.0,0.0,0.0,0.9531689072065473,0.9179807205442005,0.0,0.0,0.0,0.0,0.0,0.0,0.8947023130294276,0.9240264951405391,0.0,0.0,0.0,0.0,0.0,0.0,0.0,0.0,0.8992053784270357,0.9522562385956594,0.0,0.9571351466912204,0.0,0.0,0.9074326960681026,0.0,0.9452809072512391,0.0,0.9275839946386213,0.939629715845624,0.0,0.0,0.0,0.9376846554344529,0.9225326800905527,0.0,0.0,0.0,0.0,0.9210308251663183,0.9289666337006601,0.0,0.0,0.9165794557254225,0.0,0.9419529502010913,0.9212080032303207,0.0,0.0,0.0,0.0,0.930025160833757,0.9506766707294264,0.0,0.9269672794549046,0.0,0.9137115680372053,0.9192732955556772,0.0,0.9131360033216652,0.0,0.0,0.0,0.0,0.9212379994730499,0.0,0.0,0.9524573683266927,0.933041703738227,0.893067054826514,0.9421325329459304,0.9277934843037698,0.0,0.0,0.0,0.0,0.0,0.9104523616205961,0.0,0.9408951614116052,0.0,0.0,0.0,0.0,0.0,0.9620896294923015,0.9300713006018662,0.0,0.0,0.0,0.9296245279757465,0.9385993285997374,0.0,0.0,0.0,0.0,0.9430870076320254,0.0,0.0,0.0,0.948694005480078,0.9262987178339781,0.0,0.0,0.9327248547405954,0.9179982952601524,0.0,0.0,0.0,0.9215724586934299,0.0,0.9831373036655658,0.0,0.0,0.0,0.9030311940888541,0.0,0.0,0.0,0.0,0.9329140411534012,0.0,0.0,0.0,0.0,0.0,0.0,0.0,0.0,0.9403925487060644,0.0,0.0,0.9345591161902502,0.9286345533778221,0.0,0.9345869016327765,0.0,0.9030270680286452,0.0,0.0,0.0,0.0,0.9325249918763749,0.0,0.0,0.0,0.0,0.9218308004687248,0.0,0.9030588436458176,0.944733404787613,0.0,0.0,0.0,0.0,0.9182149972469148,0.9050046276166264,0.9305033115167451,0.9341872281097413,0.0,0.0,0.0,0.0,0.0,0.0,0.0,0.0,0.0,0.9572010234502647,0.0,0.0,0.0,0.9064400345581669,0.0,0.0,0.0,0.0,0.0,0.9268506737327576,0.0,0.9031425112991469,0.0,0.0,0.0,0.0,0.0,0.9143470146941118,0.9659008373886209,0.8837205934391961,0.8955617694987591,0.9245738546128275,0.0,0.0,0.9345914060778119,0.0,0.9167617753157784,0.0,0.9262432165990439,0.8833736507106411,0.0,0.9494906150771678,0.0,0.0,0.9573368851293907,0.0,0.0,0.925340113556268,0.9631683780572271,0.0,0.923090608892889,0.8931834178565317,0.9283242603127893,0.904164009217832,0.0,0.945521044511025,0.9386080868575324,0.0,0.9221852699862177,0.0,0.9482376704169563,0.0,0.0,0.0,0.9500485410090413,0.9168391636120681,0.8914241938108904,0.909914558550665,0.9100318505729998,0.0,0.973472512851672,0.9134820563089022,0.0,0.0,0.0,0.0,0.0,0.0,0.9359739913226703,0.0,0.0,0.0,0.0,0.9237508840216182,0.0,0.9429300225593078,0.0,0.9426781117599169,0.0,0.9004561624261074,0.0,0.0,0.0,0.0,0.9653187162978406,0.0,0.0,0.0,0.0,0.0,0.9295789402980107,0.9545361713378099,0.0,0.0,0.9511653859332004,0.0,0.9387719676357671,0.0,0.0,0.9426224987090603,0.0,0.917484683071888,0.0,0.0
0.5619023367173173,0.0,0.5882344176415795,0.5921100052270287,0.5765114279942024,0.0,0.5837694105206829,0.5314345916249228,0.0,0.0,0.5699165616277694,0.6050041501825204,0.5577216318984902,0.0,0.5588882299865591,0.0,0.0,0.6019802332694778,0.0,0.0,0.0,0.6057441113672294,0.0,0.0,0.5972577345124801,0.0,0.0,0.0,0.5689832710598475,0.0,0.0,0.0,0.5867678692123779,0.0,0.5703256166596729,0.5706288211693181,0.0,0.0,0.0,0.0,0.5455353511787393,0.0,0.0,0.5675389900939888,0.0,0.5845526327744323,0.0,0.5843098338135666,0.5634501199553101,0.0,0.0,0.5434448998305074,0.0,0.5613755044195359,0.0,0.5807269931840163,0.5674954312365005,0.0,0.0,0.0,0.0,0.0,0.0,0.0,0.0,0.0,0.5393981087644328,0.0,0.0,0.0,0.0,0.5621147176195681,0.0,0.5727177375431965,0.0,0.0,0.5741170039839871,0.0,0.0,0.0,0.0,0.5408292705518204,0.5772752023133029,0.0,0.0,0.5722800164934677,0.0,0.5579308829066085,0.0,0.0,0.0,0.5943507191653242,0.0,0.0,0.0,0.5777534741685459,0.0,0.0,0.0,0.5772041409447274,0.0,0.0,0.5383368959502935,0.0,0.0,0.5448995669231832,0.5657195962393629,0.0,0.0,0.5880735981222918,0.0,0.0,0.0,0.0,0.0,0.0,0.5961196839432976,0.0,0.0,0.5450619652985148,0.0,0.5940855101605936,0.0,0.5501203242431408,0.0,0.0,0.0,0.0,0.0,0.0,0.0,0.5323714184869596,0.0,0.0,0.5683297177635505,0.0,0.584738970398311,0.5639635435104956,0.5735158659616203,0.0,0.0,0.0,0.0,0.0,0.5773117388941186,0.545123125773427,0.5713451001324408,0.0,0.5659197616098708,0.0,0.0,0.0,0.0,0.0,0.0,0.0,0.0,0.0,0.562147292636664,0.0,0.5623091234695453,0.0,0.0,0.0,0.5995930441334778,0.0,0.0,0.0,0.5827324358653455,0.5959687665371529,0.0,0.0,0.0,0.5809629344019667,0.0,0.0,0.5639056271325908,0.0,0.5942951167480729,0.0,0.0,0.5635230194783691,0.0,0.5425329695474778,0.5805773961826154,0.0,0.0,0.0,0.0,0.0,0.5652336470377222,0.0,0.5593792227379469,0.0,0.0,0.5400882764853507,0.5764125891735031,0.5861444607872603,0.0,0.5709367994236763,0.5649726471157699,0.0,0.5855027123522146,0.0,0.0,0.0,0.0,0.0,0.0,0.5587005490648689,0.0,0.0,0.5714650802129106,0.0,0.5855116551944692,0.0,0.5858410779650086,0.0,0.0,0.0,0.0,0.0,0.0,0.0,0.0,0.0,0.0,0.6020096697888071,0.6054042107664332,0.5599534172607886,0.0,0.5525185899888851,0.0,0.5646766280276323,0.0,0.0,0.5690668432060093,0.0,0.0,0.550045906625436,0.0,0.5913400373787788,0.0,0.0,0.5970763104999447,0.0,0.5625827645043885,0.5773025241802465,0.0,0.0,0.0,0.0,0.5450840594972918,0.0,0.5734666365950545,0.5680187107133644,0.0,0.5640854384320725,0.5918276252264408,0.6054220590218052,0.5661885972814316,0.0,0.0,0.0,0.0,0.0,0.0,0.0,0.0,0.5821968331609925,0.6033319500729302,0.0,0.0,0.0,0.5608875611984488,0.0,0.0,0.0,0.5853131112468785,0.0,0.0,0.549119666807636,0.0,0.0,0.0,0.5712047217853146,0.5978362225483527,0.0,0.0,0.5543988646628506,0.0,0.5579568385578132,0.0,0.0,0.5739363939385776,0.0,0.5573436781020911,0.5885046508848193,0.0,0.0,0.0,0.0,0.5409084647852641,0.5934313856396949,0.0,0.0,0.0,0.5749043441859866,0.0,0.0,0.0,0.5923579023779902,0.0,0.0,0.0,0.5661373202406484,0.0,0.5557193195713163,0.5762875840389272,0.5897848621624404,0.5851852680569822,0.5836013570293734,0.0,0.5851551951298112,0.5982262656377486,0.0,0.5478398119729694,0.5660044571571486,0.0,0.0,0.0,0.5695698676977478,0.0,0.0,0.0,0.0,0.0,0.0,0.0,0.0,0.5721325058189455,0.0,0.0,0.0,0.0,0.0,0.0,0.5737440687804812,0.5502238392356288,0.5922469543934474,0.5972574328521569,0.0,0.0,0.0,0.5709324064696506,0.580357277723764,0.0,0.5758685544020816,0.0,0.0,0.0,0.5770349731485132,0.5684739265558766,0.0,0.5496693487629446,0.0,0.5843339762259485,0.5926724447897376,0.0,0.5826840570071469,0.5692003521672954,0.0,0.0,0.5544067220334238,0.0,0.0,0.5611648714359193,0.0,0.562486721887838,0.0,0.562457676660089,0.0,0.0,0.0,0.5797043861338371,0.0,0.0,0.0,0.6041154098239537,0.0,0.0,0.5819525470227205,0.5897714696588559,0.0,0.5909622869081562,0.0,0.0,0.5759077987571302,0.0,0.0,0.0,0.5432483597474349,0.0,0.58738054576483,0.5824280044775401,0.5959678112342383,0.5519866874113926,0.0,0.5714024895819699,0.0,0.0,0.0,0.0,0.5554375049888653,0.0,0.5662890334328471,0.0,0.0,0.0,0.0,0.0,0.5847202186825585,0.0,0.5781529694202666,0.0,0.0,0.0,0.609476355978602,0.0,0.0,0.5641814924070723,0.5877062764306136,0.0,0.585868662495205,0.5763483105352589,0.0,0.0,0.6044396248483135,0.0,0.0,0.0,0.0,0.0,0.5778537191002714,0.0,0.0,0.5769091005452334,0.0,0.5702541699436077,0.5515472226733256,0.0,0.0,0.6054173324046225,0.0,0.0,0.0,0.0,0.0,0.0,0.0,0.0,0.0,0.0,0.0,0.0,0.0,0.0,0.5737709094213154,0.0,0.0,0.5624358600966622,0.0,0.0,0.562148686518957,0.0,0.5965577955326765,0.588627661739863,0.0,0.0,0.5363435477871037,0.5786511004401548,0.0,0.0,0.0,0.0,0.0,0.0,0.5626481190349952,0.5965228546462192,0.0,0.0,0.0,0.0,0.0,0.5669691573203424,0.0,0.0,0.0,0.0,0.0,0.5479390448586,0.0,0.5155788611867892,0.6159624444223963,0.0,0.579390030944448,0.584228072447176,0.5593916025961778,0.5592417861656355,0.0,0.5550469727673437,0.5615222489404591,0.0,0.5620027718825463,0.0,0.0,0.0,0.5095924130164958,0.0,0.5559461201017761,0.5999057294861709,0.5511264942755508,0.5702943491689454,0.0,0.0,0.0,0.5423020216499536,0.0,0.0,0.5402589835071667,0.0,0.0,0.0,0.0,0.5700316345493063,0.0,0.0,0.0,0.0,0.0,0.5711302613371662,0.0,0.0,0.0,0.6075342504222829,0.0,0.0,0.0,0.0,0.0,0.0,0.0,0.5588954357443643,0.0,0.0,0.0,0.0,0.5488161936025977,0.5709094218942358,0.0,0.5459851769104165,0.5412813086440391,0.0,0.581144090919565,0.5374575783545301,0.6110328670774466,0.0,0.5793731420969971,0.0,0.0,0.0,0.0,0.0,0.5568832512284674,0.0,0.0,0.0,0.5473439912358832,0.0,0.0,0.0,0.5072448686914516,0.0,0.5637833777436231,0.0,0.0,0.5644090812082259,0.0,0.0,0.0,0.0,0.0,0.5884501089210378,0.0,0.0,0.0,0.5577882620482917,0.0,0.5454614908559927,0.5590841985543714,0.0,0.0,0.0,0.0,0.0,0.0,0.5864143085123655,0.5266620385879249,0.5519048441006643,0.0,0.0,0.0,0.5666869578231408,0.5623966514173073,0.0,0.5546472991808684,0.0,0.5873996289324726,0.0,0.5675117131202759,0.0,0.5629048005631464,0.5786041912910942,0.0,0.0,0.0,0.0,0.0,0.0,0.0,0.5784577727363046,0.0,0.5884246292232288,0.0,0.0,0.0,0.0,0.5793737664802457,0.0,0.0,0.0,0.5549164973497144,0.0,0.0,0.0,0.5467840889874345,0.0,0.0,0.0,0.5901164118336136,0.5321257695007884,0.0,0.0,0.5544944542473781,0.0,0.5763101635878739,0.0,0.5457050169163883,0.0,0.0,0.0,0.0,0.0,0.0,0.0,0.0,0.0,0.5409240332322391,0.0,0.5440439559090006,0.5556941343739218,0.0,0.553878860393857,0.5361875214674838,0.0,0.0,0.0,0.0,0.0,0.0,0.5655984229250377,0.0,0.0,0.6064399730048771,0.5975436401161252,0.540135306424901,0.5978466381443761,0.5488882185677605,0.0,0.0,0.0,0.5811373279973748,0.0,0.0,0.0,0.0,0.0,0.0,0.0,0.5469763096782944,0.0,0.0,0.5549319465223149,0.0,0.0,0.0,0.0,0.0,0.0,0.0,0.0,0.0,0.0,0.5480282117754963,0.0,0.0,0.0,0.0,0.0,0.0,0.5436819051211337,0.5876483421146462,0.5450533010288307,0.0,0.0,0.0,0.0,0.0,0.5547203350535844,0.595779831054718,0.5917184844280948,0.545392131595929,0.0,0.0,0.0,0.5469792643134608,0.0,0.0,0.0,0.0,0.0,0.5720112426714776,0.0,0.0,0.5787840425160155,0.0,0.5581641504071075,0.597555481786752,0.0,0.5530438084053639,0.0,0.0,0.5867963483153197,0.0,0.0,0.5647694993127543,0.5820073705583979,0.0,0.0,0.5857879245187267,0.0,0.0,0.5602055366904803,0.5704568331088609,0.0,0.551229145584829,0.0,0.0,0.0,0.0,0.0,0.0,0.5944701218267615,0.0,0.0,0.601625296620614,0.0,0.0,0.0,0.0,0.0,0.0,0.5574218748381808,0.0,0.5414216574459398,0.0,0.0,0.0,0.0,0.0,0.0,0.5476252104305266,0.0,0.0,0.5477471887519605,0.5402256988385998,0.0,0.5907803581790229,0.0,0.0,0.0,0.0,0.5774658922845682,0.0,0.0,0.0,0.0,0.0,0.0,0.0,0.0,0.0,0.0,0.5474430341403382,0.5661982488321423,0.0,0.0,0.0,0.0,0.0,0.0,0.0,0.0,0.0,0.0,0.5615905164353698,0.0,0.0,0.5581986065347172,0.5875682570047496,0.0,0.0,0.0,0.0,0.612164021475713,0.6027586203389683,0.0,0.5830223108957514,0.5740229740507413,0.5768797792808432,0.5742522628545514,0.58684437301956,0.5753747150334325,0.0,0.0,0.0,0.0,0.5799459915934965,0.5533039597729157,0.0,0.5712314665090417,0.0,0.5810515485615426,0.0,0.0,0.0,0.0,0.0,0.0,0.0,0.0,0.5959354499494847,0.0,0.0,0.0,0.0,0.0,0.0,0.5555134657900197,0.6011186984204893,0.0,0.0,0.5937218449478309,0.0,0.5520950793436877,0.5807819771646207,0.0,0.0,0.0,0.0,0.0,0.0,0.0,0.0,0.0,0.0,0.0,0.0,0.0,0.5971745842860472,0.5443567809723873,0.0,0.5433526967808847,0.0,0.0,0.0,0.5670519318492213,0.5725282242719247,0.0,0.0,0.0,0.0,0.0,0.0,0.0,0.5932918712990949,0.5613087824421146,0.0,0.0,0.0,0.0,0.5892246173712834,0.0,0.5459882801373818,0.0,0.0,0.0,0.0,0.0,0.0,0.0,0.0,0.0,0.5743857994959157,0.5496362945356187,0.0,0.0,0.0,0.5466870426511157,0.6388952693289177,0.5656111423044273,0.5765446183304176,0.5867496615449629,0.0,0.5691162610998405,0.0,0.559662279439881,0.0,0.0,0.0,0.0,0.5571487203532475,0.0,0.5883251646141558,0.5667400536492122,0.5627481420486045,0.0,0.0,0.0,0.0,0.5671453859142688,0.0,0.0,0.0,0.5524389443344794,0.0,0.5744622426791982,0.0,0.0,0.5515503015253623,0.0,0.0,0.0,0.0,0.5539608861800825,0.0,0.0,0.5506025069885543,0.0,0.0,0.0,0.0,0.0,0.5198673416812595,0.0,0.5551041357405073,0.0,0.0,0.0,0.5754288978451356,0.5666800190738986,0.5394788929511822,0.0,0.0,0.0,0.0,0.5595132135035513,0.5404596444298736,0.0,0.6055925820380834,0.5468971491634899,0.0,0.0,0.533729105715391,0.0,0.5681238235609838,0.5805084265201126,0.5697812915502674,0.0,0.0
0.0,0.0,0.0,0.0,0.0,0.0,0.0,0.719793310339592,0.0,0.0,0.0,0.0,0.7688208812169816,0.0,0.7656154350486852,0.721121072444052,0.0,0.0,0.0,0.0,0.0,0.7209618056821779,0.0,0.0,0.7278043292084486,0.0,0.0,0.0,0.7278231204454263,0.0,0.0,0.0,0.0,0.0,0.0,0.7332661948318167,0.0,0.6898430178952986,0.0,0.0,0.7543256926013336,0.7684226624405043,0.706273975327958,0.0,0.0,0.0,0.7096016687864881,0.0,0.0,0.0,0.7104727190046022,0.7139312865634652,0.7546963793073038,0.7165510409604027,0.0,0.0,0.700384379948069,0.0,0.0,0.0,0.6886220469356654,0.7260467178916312,0.0,0.0,0.0,0.0,0.0,0.7325678713792362,0.0,0.0,0.0,0.0,0.0,0.7105602671892317,0.0,0.0,0.0,0.0,0.0,0.0,0.0,0.7640543295250901,0.0,0.0,0.0,0.0,0.7432647724390659,0.7287631560777459,0.0,0.0,0.0,0.0,0.761260745793817,0.0,0.7661176703145472,0.7255846367888558,0.0,0.7676581302877219,0.0,0.0,0.7335250156295675,0.0,0.7227292542785311,0.7396918821489082,0.0,0.0,0.7232023708981594,0.0,0.7009929553080927,0.0,0.0,0.0,0.7356654389664571,0.0,0.7457003639147993,0.0,0.0,0.0,0.0,0.7296769028551485,0.0,0.0,0.7039935755203564,0.0,0.0,0.7223479206753548,0.0,0.0,0.7516119060377431,0.6989667574126627,0.0,0.7185618244426581,0.0,0.0,0.0,0.0,0.0,0.6999686480828542,0.0,0.0,0.0,0.713978276461173,0.6984264452801806,0.7089970592436471,0.7325173763807329,0.7474994323051777,0.0,0.0,0.7223457982661589,0.7160263963124596,0.0,0.7345147536200667,0.0,0.7177233871647828,0.7392101482374211,0.0,0.7260025798608646,0.0,0.0,0.0,0.0,0.0,0.0,0.0,0.7441924070736161,0.0,0.0,0.7310509699254816,0.7432802877839227,0.0,0.725795526439633,0.0,0.0,0.7002752111932049,0.758690940443984,0.0,0.7326201707051202,0.0,0.7295565565424963,0.7402566942506628,0.0,0.7250499040574602,0.0,0.7196489209927953,0.0,0.0,0.0,0.0,0.742831380147909,0.7209209416260504,0.7446089177998092,0.7251515662491262,0.7569465804129671,0.0,0.0,0.0,0.7210602496099096,0.7110025263877698,0.0,0.0,0.7501855937523938,0.0,0.0,0.0,0.0,0.0,0.7399385018468646,0.0,0.7196371691598906,0.7023692139946056,0.0,0.0,0.0,0.0,0.0,0.728883592247481,0.0,0.0,0.7364044184957842,0.0,0.0,0.716407677800175,0.0,0.7029865431290643,0.7172158667000471,0.7457646861185689,0.7475951246865841,0.0,0.738634383444692,0.0,0.0,0.0,0.0,0.7083670108351574,0.0,0.0,0.0,0.0,0.7393193852110751,0.0,0.7202505235665038,0.7125587730270538,0.7355426353566886,0.0,0.0,0.0,0.7109354819032337,0.7111842978988798,0.0,0.0,0.7227181024317717,0.0,0.0,0.0,0.0,0.0,0.7506119356806694,0.7290153500658095,0.7274604308640539,0.7173120310200435,0.0,0.0,0.7442635790190542,0.0,0.0,0.7647860064758233,0.0,0.0,0.0,0.6868683270357157,0.0,0.0,0.0,0.7272495984125704,0.7156627739915062,0.0,0.7661099260140751,0.0,0.7230558855368199,0.0,0.0,0.7336231527699254,0.0,0.0,0.0,0.0,0.7283810359098899,0.0,0.7507956829606933,0.7114433713618674,0.0,0.0,0.0,0.7368906667513003,0.7195063144045886,0.7714290611771715,0.0,0.0,0.7356433099603535,0.0,0.0,0.0,0.7082784767681058,0.0,0.0,0.7169358530971749,0.0,0.7423154040462304,0.0,0.7225216903172141,0.0,0.74092805559211,0.0,0.7297224794778586,0.7754153003860459,0.7562698682899491,0.0,0.0,0.7464875281510583,0.7085601543542477,0.7001962619133975,0.0,0.0,0.0,0.0,0.7098900474107357,0.0,0.7023479327573532,0.0,0.7239356090404203,0.0,0.7512603706330377,0.779873570885332,0.0,0.7291965365091615,0.0,0.0,0.7361473247150655,0.0,0.0,0.0,0.0,0.0,0.0,0.7488849962878206,0.7204058916655662,0.7468376691623148,0.7376076961742207,0.6873076617381151,0.7207714130521325,0.0,0.0,0.0,0.7493681307653901,0.0,0.0,0.0,0.0,0.0,0.0,0.0,0.7336936598026488,0.7474432109934444,0.7745604400378691,0.7606308038942716,0.7433276269238307,0.0,0.7187528429769939,0.7268631177468143,0.0,0.7471263938644037,0.7607396502560938,0.0,0.0,0.7216578665027982,0.0,0.7398811479374213,0.7310051148573073,0.7285855668676472,0.7140502696510792,0.758559575475861,0.0,0.0,0.0,0.0,0.7486961877460263,0.0,0.0,0.7135804923054427,0.0,0.0,0.0,0.0,0.0,0.7572828124665655,0.0,0.0,0.0,0.7424499344012371,0.0,0.0,0.0,0.0,0.0,0.7200196913179031,0.7272975351693849,0.0,0.0,0.0,0.7391826135329423,0.7626270755465063,0.7104557085402027,0.7433183083795194,0.0,0.0,0.0,0.0,0.0,0.0,0.752963575210867,0.0,0.0,0.0,0.0,0.7099694627790653,0.7451109592498534,0.0,0.0,0.0,0.0,0.7045900368265716,0.7353572841894704,0.0,0.7586581919321151,0.723466478577443,0.0,0.0,0.722454597904708,0.7341514893373924,0.0,0.0,0.0,0.0,0.0,0.0,0.0,0.7020620858111952,0.0,0.7531734671723338,0.0,0.0,0.6839801418555875,0.7193219641946581,0.0,0.7209527628671845,0.0,0.7003565408554948,0.0,0.0,0.0,0.6915580407750462,0.0,0.0,0.0,0.0,0.732735932573549,0.750869555775734,0.7143980087841624,0.0,0.0,0.0,0.7177114091933808,0.7437465787782578,0.0,0.0,0.0,0.0,0.7535569889199544,0.0,0.7014630016465805,0.7486783818218753,0.0,0.0,0.0,0.0,0.0,0.0,0.726551747714705,0.0,0.7438482824366901,0.0,0.0,0.0,0.0,0.7346542131534709,0.0,0.7353704292884068,0.0,0.7344362814531263,0.0,0.0,0.7196449897986055,0.0,0.7342881411540062,0.0,0.0,0.0,0.750211579063864,0.7092362375175191,0.0,0.7111000811019487,0.7463434922403291,0.0,0.0,0.0,0.714313610527329,0.0,0.7597028426378009,0.0,0.0,0.0,0.7400051103748858,0.7468960772643939,0.0,0.0,0.0,0.7521214180463638,0.0,0.0,0.0,0.0,0.0,0.0,0.0,0.0,0.7143851271595648,0.0,0.0,0.0,0.0,0.732675239602553,0.0,0.0,0.0,0.0,0.0,0.0,0.7537492778909328,0.0,0.0,0.7225130720657253,0.0,0.7362005213965996,0.0,0.7574881281851346,0.0,0.0,0.0,0.7304748697792016,0.0,0.0,0.7364571342837491,0.0,0.7526857826356834,0.0,0.0,0.701938585710933,0.735464593088032,0.0,0.0,0.0,0.754525742067126,0.0,0.0,0.7278492023259737,0.0,0.0,0.0,0.7317063795658423,0.0,0.0,0.0,0.0,0.7082928446367909,0.0,0.731588655103369,0.6990905945705426,0.0,0.7299654349932654,0.7118279554548288,0.0,0.7469127339819381,0.0,0.7125826616103476,0.0,0.0,0.7344500936102153,0.0,0.0,0.7083347295361021,0.0,0.7307749641115673,0.7511319229963761,0.7231017692945756,0.0,0.0,0.0,0.0,0.0,0.0,0.0,0.0,0.0,0.7274099760423701,0.0,0.0,0.0,0.0,0.0,0.0,0.7093543403174406,0.0,0.0,0.0,0.7477019745619216,0.0,0.0,0.0,0.7118122692386639,0.0,0.7101904957714431,0.0,0.7426086215088935,0.0,0.0,0.0,0.0,0.7118033945317125,0.0,0.0,0.0,0.7374546677029158,0.7135138401638524,0.7386728610083071,0.0,0.0,0.0,0.0,0.7218192911065716,0.7700898542920847,0.0,0.0,0.0,0.7259130215444446,0.0,0.7047650597115808,0.7032308329892676,0.7225354934009609,0.0,0.0,0.0,0.0,0.7621915529518798,0.0,0.7146532033123533,0.74588928807726,0.0,0.7606496552189371,0.7026093053471574,0.733389782278982,0.0,0.0,0.0,0.0,0.0,0.0,0.7228985308624413,0.0,0.0,0.7508892151188095,0.0,0.0,0.0,0.7352389416501189,0.7622899491753998,0.0,0.0,0.7175028009589374,0.7225021975313162,0.729701638350105,0.7475254264883577,0.0,0.0,0.7352391674473815,0.0,0.0,0.0,0.7524813841427996,0.0,0.7208927181960715,0.0,0.7527184688881223,0.0,0.0,0.7222372593833158,0.0,0.6909033203274273,0.0,0.0,0.0,0.0,0.0,0.7535862699832482,0.0,0.0,0.7450182707774511,0.0,0.0,0.0,0.0,0.0,0.0,0.7328494700856801,0.7450571025762566,0.0,0.0,0.748738703841164,0.727475924862425,0.0,0.710399521641362,0.7307215174947247,0.6771828061982661,0.0,0.7344505459255163,0.0,0.0,0.0,0.0,0.0,0.7294287594186875,0.0,0.0,0.0,0.7195431544022293,0.0,0.0,0.0,0.0,0.7136788847572835,0.0,0.0,0.732205624843557,0.701374637869899,0.7416929463421548,0.0,0.0,0.0,0.7102558089402998,0.0,0.7475790087097186,0.0,0.7190995853494324,0.700237108987776,0.7324009236708068,0.0,0.0,0.7283182908693631,0.0,0.0,0.0,0.0,0.0,0.7315606061076301,0.7596556800758629,0.0,0.737648228925877,0.7340945124170744,0.7250398721281042,0.0,0.7280802006870405,0.7149873625815875,0.7219872749924334,0.0,0.6942391346467182,0.0,0.0,0.7555519108126293,0.0,0.0,0.0,0.0,0.7173881976614009,0.0,0.7480510199422757,0.0,0.0,0.0,0.0,0.7322033671281202,0.0,0.0,0.0,0.0,0.7389875448239447,0.0,0.0,0.0,0.7007799413315092,0.0,0.0,0.0,0.0,0.7527030541801703,0.7122478270288707,0.748029961917266,0.0,0.7211433136042165,0.7414109631947227,0.0,0.0,0.0,0.0,0.0,0.0,0.0,0.7068715136796793,0.0,0.0,0.7334665775357583,0.7505117566600065,0.0,0.7270854826924222,0.0,0.0,0.7115222879561861,0.0,0.0,0.7271251450564719,0.7363346776333778,0.7299547001677674,0.6789990210334291,0.0,0.0,0.0,0.0,0.7567126851957967,0.0,0.7264544067923019,0.0,0.0,0.7698018575168831,0.7297862329112187,0.7042563158992765,0.0,0.0,0.0,0.0,0.0,0.0,0.0,0.7361016742520383,0.0,0.7129250540539375,0.7237988944319571,0.0,0.0,0.0,0.0,0.0,0.7566090634821241,0.6809245813107709,0.0,0.0,0.0,0.0,0.72446323188038,0.0,0.7324906552751059,0.7548087909648211,0.0,0.0,0.7599927417512141,0.0,0.724889082037418,0.7393522646731127,0.7233138211179079,0.0,0.0,0.0,0.7310465874610041,0.751010985760841,0.0,0.0,0.0,0.7440491020761573,0.7585171416337134,0.0,0.7449140659735558,0.7554303780620859,0.0,0.7201232054701355,0.0,0.0,0.0,0.0,0.0,0.0,0.7167214024131672,0.0,0.0,0.0,0.0,0.0,0.0,0.7414120850969799,0.0,0.0,0.7005298144595037,0.0,0.0,0.6996905254654906,0.7239419033132616,0.7582847616334987,0.0,0.0,0.0,0.0,0.7411221483092703,0.0,0.7415057566575816,0.7176813058477485,0.6977008931399395,0.6895273351520294,0.7100859676316398,0.7638261618331115,0.0,0.7140075257601448,0.0,0.723444869698659,0.0,0.7276670261644157,0.7877394645481738,0.7163124023558831,0.7501689186485363,0.0,0.7220699096604714,0.7053267918618054,0.0,0.0,0.0,0.0,0.0,0.0,0.0,0.7088586185785595,0.0,0.6941077248431491,0.0,0.0,0.0,0.0,0.7331366748701712,0.0,0.0,0.0,0.0,0.0,0.0,0.0,0.0,0.0,0.7410320337319156,0.0,0.0,0.0,0.0,0.7130007310775356,0.0,0.0,0.7418326113370304,0.733030103704387,0.0,0.0,0.7143982737099133,0.7058166188806568,0.7391394277726007,0.0,0.728627179245372,0.0,0.0,0.0,0.0,0.0,0.7291525985356493,0.0,0.0,0.7517950843650811,0.0,0.7260312218897725,0.0
0.0,0.6930445822373074,0.6262726216098795,0.0,0.0,0.0,0.0,0.0,0.0,0.0,0.6914505348743357,0.6698419573861621,0.6553952769323572,0.0,0.6026129462916914,0.0,0.0,0.6910904056828132,0.0,0.6477984288064329,0.6598319151432566,0.0,0.0,0.6502116252870557,0.0,0.0,0.0,0.0,0.0,0.0,0.6604582407034801,0.0,0.6776455474683305,0.0,0.0,0.0,0.0,0.0,0.0,0.0,0.0,0.6518008854612883,0.6565582848858194,0.0,0.0,0.0,0.0,0.0,0.6873500603184656,0.0,0.0,0.0,0.6298004208923748,0.6751230304833186,0.6744629548890354,0.6415897830068876,0.6738053707881515,0.0,0.0,0.0,0.6574821501675548,0.670739637717907,0.6657765316881917,0.0,0.0,0.0,0.0,0.6503056487197021,0.0,0.0,0.0,0.0,0.0,0.7042452559057268,0.0,0.0,0.0,0.0,0.0,0.0,0.0,0.6461461894124249,0.0,0.6353687044610615,0.0,0.0,0.0,0.0,0.6138023871144633,0.0,0.0,0.0,0.6926668838339106,0.6822776952457056,0.6208876382565877,0.0,0.0,0.6497192942292284,0.0,0.0,0.6794049806921836,0.0,0.0,0.6653988961813283,0.0,0.6729445113631255,0.0,0.0,0.0,0.0,0.654253307817513,0.0,0.6807206899982913,0.0,0.6721402973788306,0.6523064533377652,0.6877851357707141,0.0,0.0,0.0,0.0,0.0,0.7082835038279406,0.0,0.0,0.0,0.0,0.696411340500808,0.6650114019066072,0.0,0.6515879888568858,0.6649270539257879,0.6594170634682248,0.0,0.0,0.0,0.0,0.0,0.0,0.0,0.0,0.6766368950454578,0.647122131208516,0.6314507045288706,0.6669231452892919,0.6474395814991403,0.0,0.0,0.0,0.0,0.0,0.6593315941297222,0.6876446248131612,0.6940198507237564,0.6504318832710211,0.6478940831413491,0.6408434783975173,0.0,0.0,0.6939803740763428,0.6743934988896614,0.0,0.0,0.0,0.0,0.6358186974896016,0.6445218531824055,0.6665515787890344,0.0,0.0,0.0,0.0,0.0,0.0,0.6810145472393874,0.6166300609944436,0.0,0.6693637945441997,0.6137162676599726,0.0,0.6757190621328173,0.0,0.0,0.0,0.0,0.0,0.6975612296638383,0.6454802099438655,0.0,0.6633013648937264,0.6434073998249442,0.0,0.6297977812520098,0.6474960619507473,0.0,0.0,0.6830350507154167,0.0,0.0,0.0,0.0,0.6694286009560408,0.0,0.0,0.0,0.0,0.6667865709810751,0.0,0.6849517422538837,0.6777154060562606,0.6540641820454441,0.0,0.6617538019353294,0.0,0.0,0.0,0.6558283517597455,0.0,0.0,0.0,0.0,0.0,0.0,0.0,0.0,0.0,0.6882952132509609,0.6703769426621733,0.0,0.0,0.0,0.6712948513799262,0.0,0.0,0.0,0.0,0.0,0.0,0.0,0.6307815896513248,0.6940367420451549,0.655956771598064,0.0,0.6615260100807887,0.0,0.6333407843547438,0.6284389747093242,0.0,0.6421882004242163,0.0,0.6295192376354906,0.6584083210852,0.655332845752489,0.0,0.64147774435157,0.6135929380619006,0.6510894219211394,0.0,0.6486504795265415,0.0,0.6853974801656555,0.0,0.0,0.0,0.0,0.6163531282083986,0.0,0.6591073165080081,0.6297761458110148,0.0,0.666835108564529,0.0,0.6262932853489844,0.0,0.0,0.6453907223913699,0.0,0.0,0.0,0.0,0.0,0.651700427149219,0.0,0.0,0.0,0.0,0.6261545522243687,0.0,0.0,0.0,0.0,0.7156569069484067,0.6483587783222213,0.6416563852806739,0.704828352100157,0.6475962940787081,0.0,0.6781933450452651,0.6483269758345884,0.0,0.0,0.0,0.7187836084527548,0.6679417495153911,0.0,0.0,0.0,0.6404155479074023,0.0,0.6464714801617483,0.0,0.6036480851116093,0.6709365498338434,0.6676000954643021,0.612842637826432,0.0,0.0,0.6537546145011714,0.6344120908965326,0.0,0.0,0.0,0.0,0.0,0.0,0.0,0.0,0.0,0.0,0.0,0.6596265291335656,0.0,0.6731932113956163,0.0,0.6885138725238328,0.0,0.0,0.6591516572087573,0.6549984462756333,0.0,0.0,0.0,0.0,0.6837226374464949,0.6870568097866284,0.0,0.0,0.0,0.0,0.6599756168379749,0.0,0.0,0.0,0.6517404811690316,0.6690784098719673,0.0,0.0,0.6339966273122799,0.0,0.0,0.0,0.0,0.0,0.6526623094741388,0.6443377677036207,0.0,0.6718959768039606,0.0,0.0,0.6714450317376905,0.0,0.6346880364087651,0.0,0.6548662916689202,0.6608055833729984,0.0,0.6374599820660768,0.6920629729841925,0.6714967720422942,0.0,0.6628536011559832,0.6598587252893389,0.6705156815022634,0.643430468687223,0.6720997649819582,0.6705552920783993,0.0,0.0,0.6762815233370146,0.0,0.0,0.0,0.6576418746524356,0.0,0.0,0.6936036461924726,0.0,0.0,0.0,0.0,0.0,0.6636686292387801,0.6712416196489754,0.0,0.0,0.0,0.0,0.6611036411162372,0.6762897059600381,0.6287377536772327,0.0,0.616492078883283,0.6980328846155689,0.0,0.6929915225593022,0.0,0.6808803520913322,0.0,0.0,0.0,0.0,0.0,0.0,0.0,0.0,0.6451910065933562,0.0,0.6769435630120506,0.0,0.0,0.0,0.0,0.652553776985469,0.6605228927838102,0.0,0.0,0.0,0.637071781225899,0.0,0.6502418268365314,0.0,0.0,0.0,0.0,0.0,0.0,0.0,0.0,0.6896373935755921,0.0,0.0,0.0,0.0,0.7007202998139502,0.6774246592078583,0.0,0.0,0.0,0.0,0.0,0.0,0.0,0.0,0.0,0.0,0.0,0.6947986956808041,0.0,0.0,0.0,0.6666169954598291,0.0,0.0,0.6623670276107603,0.0,0.0,0.6579998244234737,0.6480854780622137,0.0,0.6604431347748818,0.701729876184799,0.0,0.0,0.0,0.0,0.0,0.0,0.0,0.6721096048753529,0.0,0.6629616265046174,0.6781052070414916,0.0,0.0,0.6544705237651017,0.0,0.6536307287007194,0.6435804175154565,0.6463723897177928,0.0,0.6497995711627612,0.6406527861003828,0.6437066483849695,0.6719539382788468,0.0,0.0,0.6675362081113845,0.0,0.0,0.647242778602748,0.0,0.0,0.0,0.0,0.0,0.6738627980726071,0.0,0.0,0.0,0.0,0.0,0.0,0.6793499959831898,0.0,0.0,0.0,0.6370390667189786,0.0,0.0,0.0,0.0,0.0,0.0,0.0,0.0,0.0,0.0,0.6719049771936421,0.654860256494814,0.6560403350508048,0.0,0.6312970867960647,0.6404419579623986,0.6864128245846712,0.7154347722325055,0.0,0.0,0.6408944667661959,0.0,0.672461263020718,0.7233564389720483,0.0,0.0,0.0,0.0,0.0,0.0,0.0,0.6762295379209479,0.0,0.0,0.6666928293350121,0.6531790981855252,0.0,0.0,0.0,0.6746480716732492,0.6567798566623466,0.0,0.0,0.0,0.6697700065603164,0.6347998031069533,0.688283586369309,0.6513260728374354,0.0,0.0,0.0,0.6498305388411653,0.6443766556701551,0.6567487081105114,0.6550120550976077,0.0,0.0,0.6718887305014144,0.0,0.6443906356732655,0.0,0.0,0.0,0.6592186216231612,0.6295171172587058,0.6771382557571791,0.6126923251854778,0.0,0.0,0.0,0.6781250262781182,0.6748220455874842,0.6569048484516208,0.6770823845110782,0.0,0.0,0.0,0.0,0.0,0.0,0.0,0.6584158445744118,0.6298486489351237,0.0,0.0,0.0,0.6551501443020755,0.0,0.0,0.0,0.0,0.6750932831909833,0.0,0.0,0.0,0.0,0.6979002868406545,0.0,0.0,0.676204646319393,0.0,0.6596888655988082,0.0,0.0,0.6618578761820954,0.0,0.0,0.641219284607272,0.0,0.0,0.0,0.6481395660385817,0.0,0.6425304705096833,0.6419809587592412,0.0,0.0,0.0,0.6664113928570911,0.0,0.0,0.6487704964187144,0.6386731265289601,0.0,0.6527988439805924,0.0,0.6809607647502711,0.0,0.0,0.0,0.0,0.0,0.0,0.0,0.0,0.6199048459820504,0.0,0.6466099277795859,0.6932797610922194,0.0,0.6617406924024352,0.0,0.6196738642787532,0.0,0.6854788687400281,0.0,0.6697649133935389,0.6595662260061713,0.6686828894978833,0.7071798897586905,0.0,0.0,0.7151092545977852,0.0,0.0,0.0,0.0,0.6227976650386099,0.6816071565647901,0.0,0.0,0.0,0.0,0.0,0.0,0.0,0.0,0.0,0.6890880256218619,0.0,0.0,0.6213638977782565,0.0,0.0,0.0,0.6585011756696927,0.0,0.0,0.0,0.0,0.7147533682307868,0.0,0.6729846531934054,0.6480506017550662,0.0,0.6701418970368482,0.0,0.6722279458785585,0.6640444417247678,0.0,0.0,0.0,0.0,0.7014057058248305,0.0,0.6960309602969903,0.0,0.0,0.0,0.6801518140148632,0.0,0.0,0.0,0.6931630481756004,0.0,0.0,0.6382977285719017,0.0,0.6614866160803322,0.6634222591490508,0.0,0.6674720091717159,0.0,0.0,0.0,0.7064312737612527,0.0,0.0,0.0,0.0,0.0,0.0,0.6782561850274661,0.0,0.0,0.6658302765252025,0.6509442088938939,0.0,0.6483936122819836,0.6418971979884147,0.0,0.6587030814963203,0.6483452225108564,0.0,0.0,0.0,0.6867340062625602,0.0,0.6770800699995136,0.0,0.0,0.0,0.6779704193460859,0.0,0.0,0.0,0.6575522824732731,0.6815386604830088,0.0,0.6626766982686515,0.0,0.6705612901858315,0.6489792458297833,0.0,0.6696584649978752,0.0,0.0,0.6312388610169639,0.0,0.0,0.0,0.0,0.0,0.6864249776155912,0.6534766358573609,0.0,0.6794047635049207,0.6446629636762033,0.0,0.0,0.6305020640223633,0.6799007345323501,0.6916494155358035,0.6889688486201039,0.0,0.6731686242460476,0.6780267235364954,0.0,0.0,0.0,0.6764713916945956,0.0,0.6666961752766196,0.0,0.0,0.6503081804373962,0.0,0.0,0.6662367554843214,0.0,0.6644799322642614,0.0,0.0,0.0,0.0,0.0,0.637436790686735,0.0,0.6662867485934543,0.0,0.669259421168436,0.0,0.6702605557570203,0.0,0.6397658880166519,0.0,0.7111756101111992,0.6817430183124732,0.0,0.0,0.0,0.0,0.0,0.0,0.0,0.0,0.0,0.0,0.6931946256172861,0.0,0.6350936635402669,0.0,0.0,0.0,0.0,0.0,0.0,0.6407911167194764,0.0,0.0,0.0,0.0,0.0,0.0,0.0,0.6582101716326828,0.0,0.621555616594341,0.0,0.0,0.0,0.0,0.0,0.0,0.7032729387760018,0.0,0.6578898472134046,0.6465023671428488,0.0,0.0,0.6448353063538952,0.0,0.0,0.0,0.6159329867348349,0.0,0.651552425387676,0.6370471980495203,0.0,0.0,0.0,0.0,0.6821190616889176,0.6773970893940812,0.0,0.0,0.0,0.675282672188139,0.6473388501031171,0.6765864941401116,0.6622450171883826,0.6509572677322601,0.6466658912847886,0.0,0.0,0.0,0.0,0.7212879817007755,0.0,0.0,0.0,0.0,0.677505959143536,0.6672855959119868,0.0,0.686348692538661,0.6741775882436348,0.6545529770958932,0.6515525889853051,0.0,0.6749171372917194,0.6933236550518329,0.0,0.0,0.6781729404581163,0.6404053437004454,0.0,0.0,0.6665182737389035,0.0,0.0,0.0,0.6377418454016092,0.6640226217495767,0.6711813925745768,0.0,0.6756020692118749,0.6632590527079414,0.0,0.6505655695323618,0.0,0.0,0.6154900486765515,0.7129424761157063,0.625254831149869,0.0,0.6534457701756657,0.0,0.0,0.6531798650999014,0.0,0.6531118657697326,0.0,0.0,0.6497654821806218,0.6341395734566768,0.6435254018796225,0.6333473323257862,0.0,0.0,0.6448440110437598,0.0,0.0,0.0,0.0,0.0,0.0,0.0,0.0,0.0,0.0,0.7073951791963952,0.6506037587434188,0.0,0.0,0.6515435316676726,0.0,0.6922393868621842,0.0,0.0,0.0,0.0,0.6417534044778077,0.0,0.0,0.0,0.6629588570012903,0.0,0.6450436853050433,0.632096658833237,0.6389102977914844,0.0,0.0,0.0,0.6883410193437499,0.0,0.6737384294633318,0.0,0.0,0.6539154617708082,0.0,0.6812449189163884,0.0
0.0,0.8285438545665517,0.7976782860152575,0.82467070248533,0.0,0.0,0.7682257816422077,0.7773282949754319,0.7883054255442155,0.0,0.8194147704515442,0.0,0.7898799481287219,0.0,0.8200366771793326,0.8429325653111249,0.0,0.0,0.0,0.0,0.7788714292486401,0.7789427729734345,0.7675980555064871,0.0,0.0,0.0,0.7801877023967446,0.0,0.8156751551837036,0.7836200565215384,0.0,0.0,0.0,0.8127319162340686,0.7797305239286115,0.8289259528996986,0.0,0.7849614493708686,0.0,0.0,0.0,0.0,0.0,0.7795126081324815,0.7814952001085103,0.0,0.0,0.0,0.8185552432280715,0.7864399981453428,0.7965035309505256,0.0,0.0,0.0,0.8067956189730271,0.0,0.0,0.786042164058172,0.7932534147476652,0.0,0.8161239450517208,0.82499090202717,0.7994865124549793,0.0,0.7993507708322231,0.0,0.0,0.0,0.0,0.8106941441136573,0.0,0.0,0.7832636695783114,0.8121727070214562,0.0,0.0,0.0,0.0,0.0,0.0,0.0,0.8028606141960822,0.0,0.0,0.0,0.0,0.0,0.821999566390258,0.798640532651081,0.0,0.7847108369348404,0.0,0.0,0.0,0.7998648134957397,0.0,0.0,0.0,0.0,0.0,0.790883309683426,0.0,0.0,0.780264386796847,0.7627253761703509,0.8012644363098455,0.787253456618186,0.0,0.8184184470206234,0.0,0.7864004579729423,0.0,0.0,0.0,0.794448518395616,0.0,0.0,0.7741403804466429,0.0,0.0,0.0,0.0,0.0,0.0,0.8197491858645082,0.0,0.0,0.0,0.0,0.0,0.8073795862393156,0.0,0.0,0.0,0.812222711015907,0.0,0.0,0.7775134015451044,0.8028076440987105,0.0,0.0,0.0,0.818874639916806,0.0,0.0,0.8390484784505007,0.0,0.0,0.0,0.8141396854155789,0.0,0.8244277021999313,0.0,0.0,0.0,0.7709947240815341,0.7485787325896396,0.0,0.8139784714615019,0.0,0.0,0.8047637939063489,0.0,0.0,0.0,0.0,0.0,0.8092853567375295,0.8156614795247662,0.812415723988413,0.0,0.0,0.0,0.0,0.7988417136222736,0.0,0.0,0.0,0.8294881460249239,0.0,0.8185318399627005,0.0,0.746031992512468,0.0,0.0,0.0,0.7978120246300875,0.7824819252275707,0.7716918532740503,0.7927244769299998,0.0,0.785624714038765,0.8107593578630775,0.7952930140147889,0.7680589856445318,0.7962624951515965,0.0,0.0,0.0,0.0,0.0,0.0,0.0,0.0,0.0,0.788654727201877,0.0,0.7670870610152298,0.0,0.0,0.0,0.0,0.0,0.0,0.0,0.0,0.0,0.0,0.7807912287735395,0.0,0.8238267347218745,0.0,0.8065771552208891,0.0,0.8201203367759947,0.0,0.7664174825905619,0.8068479570147467,0.0,0.8031209759442753,0.8069752827818049,0.0,0.0,0.0,0.0,0.8110025819069767,0.8357385173901474,0.0,0.0,0.0,0.8176000456260627,0.0,0.7864568810172219,0.0,0.788574166593726,0.0,0.7990449462197363,0.0,0.0,0.8010451260189542,0.0,0.0,0.8165131441017165,0.0,0.7903164749562365,0.8148841245154892,0.8026303234489937,0.0,0.0,0.8359427523176326,0.8289978512646425,0.7942363495564463,0.0,0.0,0.0,0.0,0.0,0.0,0.8082101779369374,0.0,0.0,0.0,0.7978617533529395,0.0,0.0,0.7796568101885271,0.7948290809676221,0.7908003076831049,0.8301598027694155,0.0,0.0,0.0,0.0,0.0,0.0,0.8195522258588775,0.0,0.0,0.8099270829475395,0.0,0.0,0.0,0.8107822655452688,0.8170304302467952,0.0,0.833634098725637,0.8218772302315557,0.0,0.7959603753412715,0.8239634874777801,0.0,0.0,0.7878597491712621,0.8114886123431598,0.0,0.8142605797924556,0.0,0.0,0.7642726519618215,0.0,0.0,0.8190816707277853,0.0,0.0,0.0,0.8157329242718633,0.0,0.80184329098285,0.0,0.0,0.0,0.0,0.0,0.0,0.0,0.0,0.0,0.8228434869135963,0.7812521557548514,0.7858958962089329,0.0,0.7509374009553886,0.8219192219576018,0.0,0.805771637461422,0.0,0.7757675861911455,0.0,0.7920343495619336,0.0,0.0,0.8013604237347381,0.0,0.8182199306561952,0.7799040949465786,0.0,0.8182467688268343,0.8107715215864607,0.0,0.7978912170696263,0.8036201037311037,0.0,0.0,0.8089055302594644,0.796981968104563,0.0,0.0,0.7963979713389069,0.0,0.0,0.0,0.7922388526583856,0.7956352974796405,0.0,0.0,0.0,0.7811730562954008,0.8202625267517276,0.0,0.0,0.0,0.8196930676480909,0.0,0.0,0.0,0.0,0.0,0.7963167377572697,0.7932654191822847,0.0,0.807736675596737,0.0,0.8009151277825993,0.7826991264787498,0.0,0.8016057403942565,0.0,0.0,0.0,0.0,0.0,0.0,0.0,0.8000112886421548,0.0,0.0,0.0,0.7976108467147656,0.7855891718126434,0.8060578750101601,0.0,0.0,0.0,0.0,0.0,0.7878718414163902,0.7917843565297363,0.0,0.0,0.8032617268560088,0.7718821169593856,0.808331642615641,0.820990001373604,0.8097899401097589,0.0,0.0,0.0,0.0,0.0,0.0,0.8077942671012442,0.0,0.0,0.7599511651878101,0.0,0.0,0.0,0.0,0.0,0.0,0.0,0.7776627317154895,0.7869926101745645,0.7918031940736527,0.823310592869359,0.805670982083147,0.0,0.0,0.8056510964661976,0.7893385576399881,0.0,0.8212605687713014,0.0,0.0,0.0,0.0,0.0,0.0,0.0,0.0,0.0,0.0,0.7782514644037964,0.0,0.0,0.0,0.0,0.0,0.0,0.7728581323611857,0.0,0.0,0.0,0.0,0.0,0.0,0.792442965462055,0.0,0.0,0.7963590446111872,0.0,0.7775862438306825,0.0,0.8123503826384384,0.0,0.0,0.787691470422742,0.811736155460417,0.0,0.8116465899526237,0.0,0.0,0.0,0.0,0.0,0.0,0.0,0.7926877395244415,0.0,0.0,0.8131293050503955,0.0,0.0,0.0,0.0,0.0,0.8067651440030049,0.7911977929705613,0.0,0.0,0.0,0.0,0.0,0.0,0.0,0.0,0.0,0.0,0.825673919429278,0.0,0.0,0.8026679760942801,0.0,0.0,0.7796282436218184,0.0,0.0,0.0,0.7777966278145442,0.794014543639399,0.0,0.0,0.0,0.7857767657386051,0.0,0.0,0.0,0.0,0.0,0.7899658631258873,0.0,0.0,0.0,0.0,0.0,0.0,0.7799654365538544,0.0,0.0,0.8013373910461852,0.0,0.7974455198256412,0.7727357266851744,0.7704327630265055,0.7823082983447489,0.0,0.0,0.0,0.0,0.0,0.7729015057122707,0.7723125856197152,0.0,0.0,0.8213648995870864,0.0,0.0,0.7938856442376905,0.0,0.0,0.0,0.0,0.0,0.0,0.836715882036015,0.0,0.0,0.8030206058580678,0.0,0.0,0.0,0.8008238552951528,0.0,0.7956940065141574,0.0,0.8245678233723621,0.0,0.8208511729849429,0.0,0.7971514670517369,0.0,0.0,0.0,0.8021571282740869,0.0,0.0,0.7991970996368852,0.7854497631671018,0.0,0.0,0.0,0.0,0.0,0.7836471508398603,0.0,0.767320766043065,0.7856020668468386,0.0,0.7974653789716025,0.7906646746367401,0.0,0.0,0.8132888937070043,0.0,0.7693047214352504,0.0,0.0,0.8017138428117241,0.7813574744175155,0.8215756377355202,0.0,0.8180934921751388,0.793122373864812,0.0,0.0,0.0,0.7811883778852139,0.0,0.0,0.7938662869923949,0.0,0.0,0.7640223838891989,0.0,0.0,0.0,0.0,0.0,0.7918232741207458,0.0,0.7975744662919817,0.0,0.8055299061757575,0.0,0.0,0.0,0.8242824098978809,0.7924108812048374,0.8117126067450992,0.0,0.0,0.0,0.0,0.7752477286833984,0.770895491876693,0.0,0.0,0.7920143462669371,0.0,0.8034433098054079,0.0,0.7964404736156093,0.0,0.0,0.7725654894931188,0.0,0.8056963100338995,0.7975117392220462,0.0,0.0,0.0,0.7757315237327039,0.0,0.0,0.8185687971322618,0.0,0.0,0.0,0.0,0.7839708975106946,0.0,0.0,0.8057290405636055,0.798864398401925,0.0,0.0,0.8225403043875482,0.0,0.0,0.0,0.0,0.0,0.0,0.0,0.0,0.813807928710029,0.0,0.7977133470944275,0.0,0.0,0.0,0.0,0.0,0.0,0.0,0.8122689197960941,0.0,0.0,0.0,0.0,0.0,0.0,0.8030358275755345,0.7659396818140246,0.0,0.0,0.0,0.0,0.8037971999178075,0.761571187039421,0.8193191111049324,0.0,0.0,0.0,0.7707394565033096,0.8225787903895013,0.0,0.0,0.7938829613389999,0.0,0.0,0.8063107166258054,0.0,0.7959028954095959,0.775749251806952,0.0,0.7594754752851676,0.0,0.0,0.8322477800843016,0.8079738986380494,0.8117582531061145,0.0,0.7969414758365202,0.7879409895382777,0.7843430822497831,0.0,0.0,0.0,0.8092276147861941,0.0,0.8106988906458035,0.7997365684508341,0.0,0.0,0.0,0.0,0.0,0.0,0.8362846475533094,0.0,0.0,0.0,0.0,0.0,0.778978621335589,0.0,0.0,0.7974172283762672,0.8061913946316736,0.7798857299826318,0.7872737398001303,0.0,0.0,0.0,0.8224899637878826,0.0,0.0,0.7726903368139696,0.7873855928872097,0.8225537156338728,0.0,0.0,0.0,0.7974063546039094,0.0,0.0,0.0,0.7998537264933802,0.7880678034207731,0.0,0.795767475571188,0.0,0.0,0.8043360726961911,0.0,0.0,0.0,0.0,0.0,0.0,0.0,0.7893237182633371,0.7938798865072353,0.8052820564417705,0.7533128331652277,0.7724807166835359,0.0,0.0,0.0,0.7854134186576148,0.0,0.7876827377777368,0.7928416997158049,0.0,0.0,0.0,0.0,0.7835100312420276,0.0,0.0,0.0,0.8139959229680704,0.0,0.0,0.771609141831521,0.0,0.8154620291249046,0.7804432464885361,0.7780413619700528,0.0,0.0,0.0,0.8097712139932517,0.0,0.0,0.0,0.0,0.0,0.0,0.8036935351682388,0.0,0.7767214799965999,0.0,0.8120161819477062,0.0,0.8251152439641035,0.0,0.0,0.7951682459442715,0.0,0.0,0.7746976486698616,0.0,0.0,0.0,0.0,0.0,0.0,0.0,0.8237826936007757,0.7778987712473585,0.8166201688047926,0.0,0.0,0.7635139664794741,0.0,0.7986471045415685,0.0,0.7976297987857381,0.0,0.8263108527663525,0.0,0.0,0.7840614265558835,0.7672131322877725,0.0,0.0,0.0,0.7988845019989169,0.7890087366235602,0.0,0.7687021001317068,0.7685266062699214,0.0,0.8058282606965406,0.0,0.0,0.0,0.8056659673133023,0.0,0.0,0.0,0.8041281020758289,0.0,0.7845807972054327,0.0,0.0,0.0,0.0,0.7898376481101383,0.0,0.7944161512050326,0.0,0.7989185987000437,0.0,0.0,0.0,0.8166063221786451,0.7929383782255838,0.0,0.8184965363954047,0.0,0.0,0.795266333562883,0.0,0.0,0.0,0.0,0.0,0.0,0.0,0.8109384790945491,0.0,0.0,0.7988342272111422,0.0,0.0,0.0,0.0,0.0,0.0,0.7935136158099244,0.0,0.8093722189846935,0.0,0.826521011202615,0.0,0.0,0.8142688326756324,0.0,0.812401198614983,0.7923054080119031,0.0,0.8291749307253969,0.7964841579270634,0.0,0.0,0.7929515196882138,0.0,0.0,0.0,0.7992028419630313,0.7818362661487809,0.8162364638419572,0.0,0.7873805939290371,0.0,0.0,0.0,0.0,0.0,0.0,0.0,0.0,0.0,0.0,0.8026762720607354,0.7855899373469473,0.8021321100079526,0.0,0.8017851953406747,0.8219373240600781,0.0,0.0,0.0,0.0,0.0,0.0,0.0,0.0,0.0,0.8124676065062267,0.0,0.7968714451099163,0.0,0.0,0.7990965606949071,0.0,0.7901464339291833,0.0,0.804773709734025,0.0,0.0,0.0,0.7965182149120891,0.7806020594170278,0.8297899840708942,0.0,0.0,0.8216821415316833,0.0,0.0,0.8344098864920624,0.0,0.0,0.7850854650758818,0.0,0.0,0.0
0.0874806916217032,0.0,0.07947075414116109,0.0,0.0,0.0,0.0,0.0,0.10759335589314759,0.0,0.10334399222109414,0.0854788996069161,0.0,0.0,0.06538012546752295,0.07038667493945006,0.0,0.08422292129563964,0.0,0.05560037413762615,0.0,0.0,0.09072086899158481,0.09001708062956423,0.0,0.09379920949321954,0.07980594019076583,0.0,0.0,0.0,0.0,0.0,0.0,0.09643446782302337,0.0,0.0,0.0,0.06766152448193968,0.0,0.0,0.0,0.0,0.0,0.0,0.0,0.08241735848497271,0.09376880208127783,0.06607948333566252,0.11163120333236087,0.0,0.0823428120622256,0.0,0.0,0.0,0.0,0.08824619219983451,0.0,0.09738427065783946,0.0,0.0,0.07530542337245447,0.05587568529175208,0.08233246391752999,0.0,0.0,0.0,0.0,0.07672529057394148,0.0,0.09412271431596256,0.0,0.0,0.0,0.07990225427524397,0.0,0.0,0.11383748416214322,0.0965692141758395,0.0,0.0,0.0,0.0,0.10063653776112907,0.0,0.0,0.0,0.0,0.09927562703906463,0.0,0.0,0.0,0.0,0.0,0.08285363427477635,0.06344217524472649,0.09018939049733656,0.0,0.13347089788412245,0.0,0.0,0.07893302435890606,0.0,0.07405701628485296,0.09238706961550511,0.08683920118560907,0.0,0.07309620039123571,0.0,0.04940066425264619,0.0,0.10768157478842903,0.0,0.0,0.0,0.10120127487581972,0.0,0.09037153818331174,0.0,0.0,0.08445784584358638,0.0,0.08180703594917087,0.0860201130553554,0.09115794631608032,0.0,0.06711494769823174,0.08864808441177176,0.07086767660128891,0.0,0.0,0.06432745242658193,0.0,0.08691454553222032,0.0,0.0,0.0,0.0,0.0,0.10177611725777219,0.0,0.0,0.07486350967575471,0.0,0.0,0.06556517061536604,0.0,0.0,0.0,0.0,0.10279373120522045,0.0,0.11326157734466488,0.10767738363378312,0.0,0.0,0.0,0.0,0.0,0.0,0.10559134265264604,0.0,0.0,0.0,0.0,0.0,0.0,0.07875311730234005,0.0,0.0,0.11585047123893073,0.08127877224385154,0.0,0.0,0.0,0.0,0.09334274338562869,0.0,0.08943003372509452,0.0,0.0,0.0729969682061385,0.0,0.0,0.0998448643447702,0.06471823959521619,0.0,0.08758727705334747,0.0,0.0,0.08413568198523984,0.08751640780282337,0.08337590278540823,0.0744404499484399,0.0,0.0,0.0,0.09530240668904405,0.0,0.0,0.0,0.0,0.07222809222101866,0.0,0.0,0.0,0.0,0.0,0.0,0.0885449555926675,0.07785132996118088,0.0,0.0,0.07532415145854442,0.0,0.0,0.0,0.0,0.0,0.08486978663207663,0.06048042928106829,0.0,0.0,0.0,0.0,0.0547397752686036,0.0,0.0,0.0,0.0,0.074922015357171,0.0,0.057721733397386066,0.0,0.0,0.0,0.0,0.0,0.0,0.0,0.09327691324707768,0.08746016888591401,0.06172654882275578,0.0,0.0,0.0,0.08632746915885328,0.060183483229878626,0.0,0.0,0.0,0.0,0.0,0.0,0.0,0.0,0.0,0.0,0.08388418708071682,0.0684933586728975,0.06978561634516109,0.05119552812899201,0.0,0.0565352047672257,0.0,0.0,0.0,0.0,0.0,0.0,0.07118607561345412,0.0,0.0,0.07456300715584663,0.0,0.0,0.0,0.0,0.12003513442329564,0.0,0.0,0.0,0.10113251485136797,0.08577380193405457,0.0,0.0,0.08360641764095285,0.0,0.08553830080248208,0.10925240908187575,0.0,0.0976672706193802,0.07867802384701188,0.06421963723197337,0.0,0.0,0.07966603547969174,0.08503914791160583,0.0,0.08173945299964903,0.0,0.0,0.0,0.09397087873304082,0.0,0.0,0.0,0.0,0.07073871779604585,0.0,0.0,0.0,0.031022980318731488,0.0,0.0,0.08712424984754644,0.07659898359972829,0.0,0.0,0.07588088305734945,0.0,0.0,0.0,0.0,0.0,0.0,0.08959209450801059,0.0,0.0790190911817212,0.0,0.0,0.0,0.0,0.08529392436194995,0.08575854279773927,0.0,0.0,0.10025539227892338,0.0,0.0,0.10521747783331821,0.0,0.0,0.0,0.0,0.0,0.0,0.0,0.07396056175688435,0.0,0.08833293155712237,0.10138485179385516,0.0,0.0,0.0,0.0678448586938084,0.0,0.0,0.0,0.0,0.10090220301802551,0.0,0.0,0.0,0.09146379873604753,0.09773021414622352,0.0,0.0,0.0,0.11085927864777684,0.0,0.0,0.0742709071717752,0.0,0.053823033009940284,0.0,0.0,0.0,0.10855446438373142,0.0,0.10103122054910581,0.0735110849813138,0.0,0.0,0.09041568862152302,0.0,0.081076591717959,0.0,0.0,0.0,0.0,0.0,0.07882021658579591,0.0,0.0,0.0,0.0,0.0,0.0,0.0,0.0,0.0,0.08774950426020339,0.0,0.0,0.0,0.10214768509238759,0.0,0.0,0.0,0.0,0.0,0.1024465995728304,0.10819235336667211,0.06018479802304019,0.07531844097467558,0.0,0.0,0.0,0.0,0.0,0.0,0.06297824725787245,0.0,0.0,0.08570342455874509,0.07206830956071003,0.0,0.09464801960503136,0.0,0.0,0.0,0.0,0.11579796343064971,0.07452986730424026,0.0851399820235239,0.08238466078858567,0.10450707809140594,0.0,0.08515563233570071,0.10577364209566369,0.0,0.0,0.0,0.06541581357981396,0.0,0.0,0.09158643220222182,0.0,0.0885856112710695,0.10688363999977717,0.08899639289103348,0.10262675820731015,0.0,0.0,0.0,0.09425553928961203,0.0,0.0,0.07717568572067927,0.0,0.09383737282550544,0.0,0.0,0.0,0.08628526759455254,0.0,0.08044394048648895,0.10389975144525446,0.09118164007023853,0.04164325860500664,0.0,0.0,0.0,0.0,0.0,0.0,0.08206022168281135,0.0,0.0,0.08160271143078142,0.0,0.0,0.0,0.0,0.0,0.0,0.0,0.0,0.06999715347517686,0.0,0.06669268076885283,0.0,0.0693196649241899,0.0,0.09384974893943367,0.0,0.0,0.0,0.09473915066825961,0.0,0.10277803031040937,0.08736725557473438,0.06364959604734431,0.0,0.0,0.05875386117107161,0.0,0.0,0.040620250843630426,0.09342167088900341,0.0,0.07841720178579782,0.0,0.0,0.0,0.08721116872192057,0.0,0.08140542367943349,0.0,0.0,0.0,0.07210026704955358,0.10621768134895909,0.0,0.0,0.0,0.0,0.0,0.0,0.09383745046717126,0.0,0.0925472219546656,0.09176945714379234,0.0,0.0,0.0,0.0,0.0,0.0,0.0796661759510905,0.0,0.0,0.0,0.08813969783079537,0.0,0.0,0.09150672526766516,0.05742985646158705,0.0,0.0,0.0,0.0,0.0,0.0,0.05595697175240498,0.0,0.0862072653386411,0.07012925512654518,0.08956117316648723,0.0,0.0696865989938875,0.0,0.0,0.04530220147819367,0.07811976737218422,0.0,0.09436092381844552,0.10524687790523134,0.07462048333478648,0.0,0.0,0.07295654462947228,0.08206673307079759,0.07643536791158707,0.0,0.0845892703700397,0.0,0.0,0.0,0.07330961939198784,0.0,0.08232641445620657,0.07798626949870127,0.0681730410403485,0.0,0.0,0.0,0.0,0.0,0.10123877693190664,0.1044876922054201,0.08166975046960151,0.0,0.0,0.0,0.0,0.0,0.0,0.04990995588876656,0.09497402718742462,0.0,0.0,0.06766432433309279,0.07882602616946838,0.0,0.0,0.0,0.0,0.0,0.0,0.0,0.07894152326376437,0.0,0.0552975636293119,0.0,0.061158466952108206,0.0,0.0920759232713772,0.0,0.0,0.0,0.0,0.0,0.0736190110253043,0.10467468783083979,0.0,0.0,0.0,0.0,0.0,0.10626566632796641,0.057194709797199414,0.08046024550082598,0.0,0.0,0.0,0.0888059398146134,0.0995591272303426,0.0,0.06534814133612601,0.0,0.0,0.0,0.0,0.0,0.0822866677973686,0.0,0.0,0.09217451321795128,0.0,0.0,0.1143225466027124,0.10021673943075889,0.0,0.0,0.08969372421302053,0.06931973303928239,0.08478353680731282,0.0,0.0,0.0,0.0,0.0,0.0,0.06680436290856694,0.0,0.0,0.07629236562527549,0.10203565438244269,0.09761557190320717,0.08175191135420275,0.04631398123426439,0.0,0.0,0.0,0.07653613685635727,0.0763355046583032,0.059670029341842915,0.0,0.09514305926765461,0.07903689415774535,0.0,0.0,0.0,0.0,0.0,0.0,0.0,0.0485942454120028,0.0,0.0,0.0,0.08385331896946104,0.08241642653570337,0.0,0.0,0.0,0.0,0.0,0.08793710600085251,0.0,0.0,0.0,0.0,0.0,0.08718138354314857,0.0,0.11740387161026711,0.0808077581428518,0.0,0.0,0.0,0.0,0.0,0.06681202824160863,0.0,0.0,0.08550929266840301,0.08969862525982136,0.0,0.0,0.0,0.0825174872772496,0.09590504788902073,0.0,0.0,0.0,0.0,0.0,0.0,0.0,0.056009261642012774,0.07985017675507276,0.08710883723368777,0.0,0.08934306029821654,0.0,0.0,0.0,0.08821507430187168,0.0,0.0,0.0,0.0,0.0,0.0,0.0,0.0,0.07174231191523701,0.0,0.0,0.0672203135584762,0.0,0.09843149485974573,0.0,0.0,0.0,0.0,0.082323716187379,0.08443318382021807,0.0,0.107055155046417,0.0,0.07035197017101326,0.0,0.07215479926107297,0.07961318361505262,0.0,0.0,0.07470934343583906,0.083318749376365,0.0,0.07941198691910939,0.10378254924137338,0.0,0.0,0.0,0.046255823851587066,0.0,0.08473155059742532,0.0,0.0,0.0,0.06986118252894728,0.06055921367861834,0.08640746499435274,0.0,0.08932383877670999,0.0,0.0,0.0,0.07597461039837097,0.0761728415486468,0.0,0.060574167518688986,0.08922157099947094,0.0,0.0,0.09799022137930465,0.07566083759576547,0.08552221974463421,0.07424398183500207,0.0,0.10737895301406783,0.0,0.12265607325462977,0.0,0.0,0.0,0.0,0.0,0.07354785151674385,0.0,0.0,0.0,0.0,0.10004204615583218,0.0,0.06876874366682761,0.09990127038554764,0.0,0.0,0.0,0.0,0.0,0.06221241781814801,0.0,0.0,0.0,0.06888160759424045,0.0,0.0,0.08265657654329095,0.08161840601297218,0.09507166234749576,0.08357487865267572,0.0,0.05000560903141326,0.10377759563669432,0.0,0.0,0.0,0.0,0.0,0.0,0.0,0.0,0.06662136465977468,0.0875141863388758,0.0,0.08709376947880176,0.0,0.04491083242739086,0.0,0.075518597638298,0.0,0.0,0.0,0.0,0.0,0.0,0.0,0.0,0.0,0.0,0.10136854916454664,0.0,0.06929994833361915,0.0,0.1129826884340826,0.0,0.0,0.0,0.0,0.0,0.0,0.0,0.0,0.0,0.0,0.08109065330346164,0.0,0.0,0.09543176468707862,0.09262176990327803,0.0430926668429093,0.0,0.0,0.0,0.07880038110625631,0.0,0.0,0.0,0.0,0.0,0.10358928000769964,0.09722941958608573,0.082714720349631,0.05600068003614526,0.07116662589314143,0.0,0.0,0.0,0.0,0.08899753574703163,0.0,0.0,0.0,0.0,0.0,0.0937099298422917,0.08920867723298258,0.06953079063729986,0.10477658327493163,0.04568651863957389,0.0,0.0,0.0644838699690049,0.06449167562836436,0.0,0.08461340603591293,0.07650260420533891,0.07098912394644408,0.0,0.07465524993337426,0.0,0.041482446189074665,0.09578080562177052,0.09124991984272775,0.0,0.062470738781890404,0.0,0.09992035209810031,0.0,0.08796986140999674,0.0,0.0,0.0,0.09451891755760133,0.0,0.0,0.06872107450161462,0.0,0.0,0.0,0.08611364918072839,0.0666553180627099,0.0,0.0,0.0720147312529833,0.0,0.0,0.0,0.0,0.0,0.0,0.0,0.07741917320578862,0.0,0.0,0.0,0.09134235930646444,0.0,0.0,0.0855804814237942,0.0,0.0,0.0,0.0,0.0,0.0,0.0,0.0,0.0,0.09556856798865633,0.0820965631723209,0.07830179609066214,0.0,0.0,0.06257407741164105,0.0,0.07824581722105078,0.0,0.0,0.0,0.0,0.0,0.06928482530270799,0.0,0.09047548417634589,0.0,0.05537398984323479,0.0,0.09228653976915845,0.0,0.11523430151802008,0.0,0.05894972750594942,0.0,0.0
0.0,0.3639948471138342,0.34094211140050673,0.37822996339451165,0.0,0.3281066466312722,0.0,0.0,0.0,0.0,0.0,0.0,0.38241878374149174,0.0,0.3662146296510468,0.0,0.0,0.34342569147810037,0.0,0.0,0.0,0.0,0.32278106143304364,0.0,0.3673779417995584,0.0,0.0,0.0,0.0,0.0,0.0,0.32635149305995825,0.0,0.0,0.3654534705325033,0.36011493539916145,0.0,0.29982033630254407,0.314435761522327,0.0,0.0,0.0,0.3474322143776061,0.0,0.0,0.0,0.0,0.3075246353994967,0.0,0.35259325054152335,0.0,0.3158804070662522,0.3320980824527084,0.0,0.0,0.37272690153436444,0.0,0.0,0.3604040083414624,0.0,0.37587782426177896,0.0,0.0,0.3166199717042805,0.0,0.0,0.0,0.3375228258124595,0.0,0.0,0.0,0.36919591927196777,0.0,0.3601317863346655,0.0,0.35504815236049647,0.0,0.34043642681383407,0.3396459948503386,0.0,0.0,0.0,0.0,0.0,0.0,0.0,0.36161966657138606,0.0,0.0,0.0,0.0,0.3501880987551588,0.3529278514022882,0.3201034814593645,0.0,0.3307182047642995,0.0,0.36708548619557385,0.0,0.3417657532382911,0.0,0.33911963708552445,0.0,0.3237732076019044,0.0,0.3311188543671449,0.0,0.0,0.0,0.0,0.0,0.0,0.0,0.0,0.0,0.34881164244460805,0.0,0.0,0.3441969680055398,0.0,0.0,0.3361072119623542,0.0,0.0,0.0,0.0,0.0,0.0,0.0,0.3598814425518505,0.0,0.35181715771568184,0.0,0.3116290865582549,0.0,0.0,0.0,0.35614530688600315,0.3564992580126494,0.0,0.0,0.3615858786079925,0.0,0.3277533892013014,0.0,0.0,0.0,0.0,0.32013204665217826,0.0,0.3605002075531621,0.3305807025657652,0.3254691952990413,0.0,0.37761696689623336,0.0,0.0,0.0,0.0,0.3413287920598438,0.0,0.0,0.0,0.0,0.0,0.0,0.0,0.35378785087574904,0.3892710620349931,0.0,0.0,0.0,0.0,0.0,0.3663367527761148,0.0,0.0,0.0,0.0,0.0,0.0,0.3510247513025167,0.0,0.0,0.3019993873112027,0.0,0.0,0.0,0.0,0.0,0.0,0.0,0.0,0.0,0.3441833132826638,0.0,0.3147504633447841,0.0,0.0,0.0,0.0,0.34168883143609763,0.0,0.0,0.3126398826894281,0.0,0.0,0.0,0.34120237155721883,0.0,0.0,0.0,0.3649351745584707,0.34431881623632254,0.0,0.0,0.0,0.0,0.0,0.0,0.34125143801157964,0.36361429631889913,0.0,0.3262892497264002,0.0,0.0,0.3316578720698229,0.32016136125442685,0.34813723430270016,0.338121462812255,0.0,0.34855703175172065,0.0,0.3475558791940325,0.3321217300639559,0.33320303154611197,0.3623596628882889,0.0,0.32349779469120854,0.3263222806851782,0.348481251016805,0.0,0.3612887337096571,0.0,0.0,0.0,0.35373634948509247,0.0,0.0,0.0,0.0,0.0,0.0,0.3243836650183312,0.0,0.3335825037688173,0.34346535124146116,0.38893676445952735,0.3246368023211236,0.0,0.35846366822064674,0.0,0.0,0.0,0.0,0.0,0.0,0.0,0.3598906261116878,0.3392531086932346,0.3221196252846778,0.0,0.3499237015013134,0.0,0.0,0.0,0.3829464648684828,0.360328732901443,0.37558304525977537,0.0,0.0,0.3317924650120252,0.0,0.0,0.34873785807128904,0.3865698180636984,0.0,0.3468576443062161,0.3669359655200814,0.0,0.3544119242393579,0.36584140526934655,0.0,0.33390398243514674,0.0,0.0,0.38715365753829417,0.34653024996973336,0.3433672257630602,0.34296745498775016,0.3464754612164273,0.0,0.32823029545530735,0.3403583293613562,0.3468821962494999,0.31951529719447586,0.0,0.37353794539196666,0.0,0.3541317763334447,0.0,0.0,0.0,0.34600283337314575,0.30503000878871106,0.3799000666899455,0.0,0.0,0.3385773456056785,0.0,0.0,0.32091165764392426,0.0,0.33951614706445526,0.3069022115742675,0.3625803868935355,0.0,0.35160016755754964,0.0,0.0,0.0,0.3530883558527305,0.0,0.0,0.3545733044414646,0.0,0.36865963166638077,0.0,0.0,0.3485319330420776,0.0,0.0,0.0,0.33918855738142695,0.37792347369352497,0.343002775356479,0.0,0.3861590034038176,0.36617742875111353,0.3598227122867616,0.34868809429020214,0.0,0.0,0.0,0.3484298799802021,0.0,0.0,0.0,0.0,0.32660546005287977,0.33523792923700024,0.3623138102516569,0.3604087237390377,0.0,0.0,0.3573263358404589,0.0,0.3644175250287755,0.3152309935736671,0.0,0.0,0.3641996264222986,0.0,0.34159332933548536,0.31607679071870665,0.0,0.0,0.36106160171688056,0.0,0.0,0.36667540935116644,0.34536700024534334,0.36965144897871877,0.0,0.0,0.35650380373947865,0.0,0.0,0.3279147257519259,0.0,0.0,0.0,0.0,0.0,0.0,0.0,0.3502754616726789,0.0,0.0,0.0,0.0,0.0,0.3602105229847025,0.3419679299680574,0.0,0.0,0.3122827636221255,0.3093417342124799,0.0,0.0,0.34901155718981763,0.0,0.0,0.34695799679744427,0.321555257007202,0.0,0.0,0.0,0.0,0.0,0.3319430096596321,0.34793381106171706,0.0,0.0,0.34320017727207724,0.0,0.0,0.34984565814331814,0.0,0.0,0.3243648956775888,0.3509413202857318,0.3449553275592244,0.3573421595074687,0.32754654375778913,0.0,0.3677634351695842,0.0,0.0,0.0,0.0,0.3394699916855423,0.0,0.0,0.0,0.3438475408913817,0.0,0.0,0.303809279195183,0.0,0.0,0.0,0.0,0.3320689293342008,0.0,0.0,0.0,0.32843071078204616,0.0,0.0,0.0,0.0,0.0,0.0,0.37548580057597103,0.3520991349237455,0.0,0.0,0.0,0.3437046936916389,0.0,0.3661151585932933,0.0,0.29385585669455316,0.0,0.3151863231172525,0.31878044356281066,0.37377211098093927,0.0,0.3495864548787641,0.0,0.0,0.0,0.0,0.0,0.0,0.0,0.0,0.0,0.34279885687871137,0.0,0.3341127229732577,0.3625141189923571,0.0,0.0,0.0,0.0,0.0,0.0,0.34952088584300234,0.338474557206605,0.0,0.305934008728641,0.0,0.3367746909825421,0.0,0.0,0.3954941956774951,0.3346531793285749,0.34878655387194524,0.0,0.3551995491881239,0.31454571908754503,0.0,0.0,0.326415245575621,0.3878459051649771,0.3545054749298564,0.0,0.3540047835539002,0.0,0.0,0.3493626188363094,0.0,0.0,0.0,0.35564919110934295,0.0,0.0,0.0,0.0,0.0,0.0,0.0,0.3260288873470098,0.0,0.36706353617062243,0.0,0.3650683406062616,0.28970278487983314,0.0,0.3717362783937782,0.0,0.35748304093856687,0.0,0.0,0.3241468125616254,0.0,0.0,0.3442612507648231,0.0,0.0,0.40261900513869164,0.0,0.0,0.0,0.0,0.3749764610410017,0.0,0.3445284101074984,0.0,0.0,0.0,0.0,0.3699421345115085,0.35756236092551524,0.0,0.34314013413681255,0.0,0.0,0.0,0.3676136862461894,0.3557554681561014,0.3458527907426883,0.0,0.3766971620521045,0.0,0.0,0.35193774813937306,0.0,0.36505741845730855,0.0,0.0,0.37837018165075503,0.0,0.0,0.38678019775949307,0.0,0.0,0.3726174743455747,0.3063511712685226,0.0,0.35113121447755724,0.0,0.0,0.33979973896044646,0.35648277689069674,0.0,0.30462573942469723,0.0,0.0,0.35842838708346986,0.0,0.32737313931383594,0.0,0.0,0.32849755838493944,0.3523424969468032,0.0,0.0,0.0,0.3573757918208672,0.0,0.0,0.0,0.0,0.3737543225175395,0.0,0.0,0.0,0.0,0.0,0.34897843508093296,0.31832595459921925,0.3587925527539402,0.0,0.0,0.0,0.0,0.0,0.0,0.0,0.0,0.0,0.31738936402729534,0.0,0.0,0.0,0.0,0.3551411962308424,0.3222853560762229,0.0,0.33280629026577035,0.0,0.0,0.35114266152747636,0.0,0.0,0.0,0.32082052759596935,0.0,0.3226523184283704,0.3347077839287321,0.0,0.0,0.0,0.3654968209576728,0.0,0.0,0.0,0.0,0.0,0.0,0.0,0.28235513356327224,0.3395321945938197,0.0,0.0,0.0,0.0,0.3748640581284129,0.0,0.3660020523120928,0.0,0.33930615022745825,0.34574484152623003,0.3239737883641069,0.0,0.0,0.0,0.3634174619381125,0.0,0.0,0.0,0.32417402356475394,0.31618659919824155,0.0,0.0,0.0,0.0,0.0,0.3406283610412066,0.33869787102812043,0.0,0.0,0.0,0.0,0.0,0.0,0.3628032676433275,0.0,0.36719738835557636,0.355411577678588,0.0,0.36497331148826984,0.0,0.3523288709089004,0.0,0.0,0.30469014508750664,0.3206364841237039,0.0,0.3375460250254276,0.0,0.36681265453020206,0.3613340081062244,0.0,0.0,0.3537055825083092,0.0,0.3497565844542259,0.0,0.0,0.0,0.0,0.34445415342688535,0.0,0.3795896801775714,0.3398262820220792,0.3759717830159124,0.0,0.34780414075179344,0.34419974932092623,0.3200116577863894,0.0,0.350177234230888,0.0,0.0,0.36057224648035696,0.0,0.0,0.0,0.0,0.0,0.0,0.0,0.0,0.3563990343847479,0.0,0.0,0.0,0.32436779100994334,0.29336907578404214,0.3662383692718084,0.0,0.31689547861213196,0.35285299728360753,0.3449848024831665,0.0,0.0,0.3573844511964551,0.0,0.35401921919011026,0.0,0.0,0.35418217077937664,0.3128580176472717,0.33674458115765493,0.0,0.36054773460695316,0.325658181009554,0.0,0.0,0.0,0.3413616938626954,0.0,0.0,0.35545021146479877,0.34441804953824035,0.0,0.32296860599763894,0.3170630312888765,0.3257075843596028,0.3265460100729855,0.0,0.0,0.0,0.33607218634309405,0.0,0.0,0.0,0.31611604065056764,0.0,0.0,0.36633824481659355,0.35031019137110125,0.0,0.3318916550742838,0.3403881752169308,0.0,0.3365477807645531,0.32541869380747385,0.0,0.33469136940530486,0.0,0.0,0.0,0.0,0.0,0.0,0.34293952120211363,0.0,0.0,0.0,0.36261768539430445,0.0,0.37164801138612896,0.0,0.0,0.0,0.0,0.0,0.0,0.0,0.0,0.0,0.0,0.3504783746647224,0.0,0.3360885160513288,0.0,0.0,0.0,0.3359845654715308,0.37222381848858416,0.3173688826961935,0.362843384220281,0.0,0.0,0.0,0.0,0.0,0.3312437305337009,0.0,0.0,0.0,0.3235109557356791,0.3131694883571859,0.0,0.0,0.0,0.0,0.0,0.0,0.3513638477570512,0.0,0.0,0.33229621476150617,0.0,0.0,0.0,0.3197274489151413,0.33133904779741746,0.0,0.3471417124570945,0.0,0.0,0.0,0.0,0.0,0.0,0.0,0.0,0.0,0.0,0.0,0.0,0.0,0.0,0.0,0.3605324473801855,0.3219299602343903,0.0,0.0,0.0,0.0,0.0,0.0,0.3202087246461999,0.3304928195168669,0.3545486068493864,0.0,0.0,0.0,0.0,0.31423068301736773,0.3435025829766431,0.36663223799565037,0.0,0.0,0.0,0.36752215683270895,0.0,0.0,0.0,0.0,0.0,0.0,0.0,0.0,0.0,0.3854445323618276,0.0,0.34527683027461403,0.35198237428967527,0.0,0.37708517474799247,0.33105823163659387,0.31892514795527727,0.0,0.0,0.0,0.3349691832393185,0.0,0.3549402482608558,0.0,0.3407578893876338,0.0,0.0,0.0,0.31243376600558137,0.31438258900143085,0.33205836028301733,0.0,0.3565096244332624,0.0,0.0,0.0,0.34236031609133566,0.0,0.0,0.0,0.0,0.0,0.3617137294298491,0.0,0.3088403642932317,0.0,0.0,0.3644419554474156,0.0,0.0,0.28719688695177964,0.0,0.0,0.0,0.0,0.30106626723382957,0.0,0.0,0.0,0.3598362731895399,0.0,0.0,0.0,0.0,0.0,0.0,0.0,0.0,0.0,0.37045234405893784,0.0,0.3604760773885577,0.32359634251348385,0.0,0.0,0.0,0.0,0.3819084331087697,0.0,0.38345763988601933,0.0,0.0,0.0,0.3381714589205381,0.3467211515417529,0.0,0.3327452916992067,0.0,0.35233255738032737,0.35190357343017653,0.0,0.0,0.0,0.0,0.3418537076445039,0.0,0.0,0.0
0.0,0.0,0.0,0.0,0.0,0.0,0.0,0.2737528766513644,0.0,0.0,0.2804430301762555,0.0,0.2759640897770842,0.26524302531239513,0.2453777599935379,0.0,0.0,0.0,0.27073232320898366,0.0,0.2819182610340912,0.2905896440109319,0.26280911247788985,0.0,0.0,0.0,0.0,0.0,0.0,0.0,0.0,0.0,0.24787364925265334,0.30438328473455833,0.0,0.0,0.0,0.25978401627831826,0.0,0.0,0.25062732252997943,0.25788423040257547,0.0,0.0,0.2572260391158128,0.26874823851953933,0.0,0.2556867170682537,0.0,0.26245997521572256,0.0,0.0,0.0,0.0,0.2685147356833676,0.2389520827961742,0.24546705845357822,0.0,0.0,0.0,0.0,0.243432498081534,0.2502315690947599,0.2575298200716983,0.0,0.0,0.2654654493514279,0.0,0.0,0.2501605263585984,0.0,0.26384962582383875,0.0,0.2760991714572262,0.0,0.23921653243340021,0.0,0.0,0.0,0.0,0.26132093515267374,0.26782420977028876,0.0,0.0,0.0,0.0,0.0,0.0,0.24578631874949655,0.0,0.0,0.0,0.25792574851954975,0.2920708375991204,0.2619938344773939,0.0,0.26245121280878586,0.0,0.0,0.0,0.0,0.0,0.0,0.25443052173708475,0.0,0.2455985780466643,0.0,0.0,0.0,0.0,0.2600607033298898,0.0,0.2601365665046185,0.0,0.0,0.25891088426759473,0.2859443525903541,0.0,0.0,0.0,0.27975805988616886,0.27933591826287324,0.2652980658306429,0.25834893683867777,0.0,0.24592702247158957,0.0,0.0,0.2609155925602775,0.0,0.0,0.0,0.0,0.0,0.2718228129231635,0.0,0.0,0.2454904437045316,0.0,0.22975036170078306,0.0,0.0,0.0,0.25523256988669324,0.0,0.0,0.0,0.2582010593762619,0.25070644760537913,0.0,0.0,0.2820959345011061,0.29376399509274476,0.0,0.0,0.0,0.2541326035010238,0.0,0.0,0.0,0.2538476038208192,0.26641251850870923,0.0,0.2547014879554429,0.0,0.0,0.0,0.0,0.25753208619772716,0.0,0.0,0.0,0.0,0.0,0.0,0.0,0.0,0.0,0.274795414990023,0.0,0.2585632686525311,0.2702661174194028,0.0,0.24691466796588052,0.24271321016323344,0.0,0.25083931012334737,0.26562552962271335,0.26138033908733893,0.0,0.265938240231673,0.0,0.0,0.0,0.0,0.0,0.28513641094750786,0.0,0.0,0.25817603269453576,0.0,0.25028033275459693,0.0,0.0,0.0,0.24206869760679345,0.26507894401248167,0.2745091201429075,0.0,0.0,0.0,0.0,0.0,0.0,0.2594036768288177,0.0,0.0,0.0,0.0,0.0,0.0,0.0,0.0,0.0,0.25266321471623343,0.0,0.27107233444806766,0.0,0.2901662405892063,0.24985603591032965,0.2577289736972519,0.27995246901497417,0.0,0.0,0.0,0.2629536696989566,0.0,0.0,0.27457158365744466,0.25218021534823,0.2625416640359386,0.0,0.0,0.0,0.0,0.26383251388557083,0.0,0.0,0.0,0.0,0.0,0.0,0.2364531339528668,0.0,0.0,0.0,0.0,0.0,0.0,0.0,0.0,0.0,0.0,0.25630111605517847,0.0,0.0,0.0,0.25648679565881594,0.0,0.0,0.0,0.0,0.0,0.0,0.2808190713059666,0.0,0.0,0.0,0.2630370862393188,0.0,0.0,0.0,0.0,0.0,0.0,0.0,0.0,0.26078733588377273,0.0,0.2656507708187367,0.2760540649978432,0.2592530552336042,0.0,0.0,0.26992384710440814,0.0,0.25042476014715875,0.26812965535473654,0.0,0.24034491072992087,0.0,0.0,0.0,0.0,0.0,0.0,0.0,0.0,0.0,0.0,0.0,0.25740094263601837,0.0,0.0,0.25567468551582506,0.25831585474893437,0.25042886152495203,0.2818579260689519,0.0,0.0,0.0,0.0,0.0,0.0,0.0,0.0,0.22913789517210742,0.291766597560014,0.0,0.0,0.0,0.27534652766008155,0.0,0.2717938625568967,0.0,0.0,0.26595626514818343,0.0,0.0,0.0,0.2667001671752814,0.0,0.0,0.2534481143813885,0.0,0.0,0.2434817826333896,0.0,0.0,0.0,0.0,0.0,0.0,0.0,0.0,0.0,0.256044582439564,0.0,0.0,0.0,0.0,0.2719056330753008,0.0,0.0,0.247596716265192,0.0,0.0,0.0,0.0,0.0,0.0,0.23420491026791235,0.0,0.24877539413359853,0.0,0.0,0.0,0.2694017805381348,0.28512336348076844,0.0,0.0,0.25518273958785115,0.2702185730772558,0.0,0.0,0.0,0.0,0.0,0.0,0.0,0.0,0.26316817761347855,0.0,0.0,0.0,0.23004393961620015,0.24364109219298688,0.0,0.2701031175049087,0.2730983272784482,0.0,0.27246024651339457,0.0,0.0,0.0,0.0,0.0,0.2543822831927064,0.0,0.0,0.0,0.0,0.0,0.0,0.2552214071802788,0.0,0.0,0.0,0.0,0.0,0.0,0.0,0.0,0.0,0.24266077847986417,0.0,0.0,0.0,0.0,0.0,0.2517120311788229,0.0,0.25999213190494685,0.27553401172207076,0.25557080234304114,0.2606788898908343,0.0,0.26577355476645464,0.2725095760995188,0.0,0.0,0.24363918456581746,0.0,0.0,0.0,0.0,0.2673858800735106,0.0,0.0,0.28085866549712546,0.2320355250418512,0.0,0.0,0.0,0.0,0.0,0.0,0.0,0.0,0.0,0.25598991799005394,0.0,0.0,0.0,0.0,0.23314058174502555,0.0,0.2747014044981758,0.24685436089856483,0.0,0.0,0.0,0.0,0.0,0.0,0.0,0.0,0.2574445891549596,0.0,0.0,0.0,0.2551447193142143,0.0,0.0,0.0,0.0,0.0,0.0,0.2586613989687782,0.25859030019635515,0.0,0.22217972682829362,0.2803575930754348,0.0,0.0,0.0,0.25208610652962965,0.24926280288726832,0.2845363448376317,0.23774875421749678,0.26282904907269145,0.0,0.0,0.25036088471290513,0.0,0.25694868292710527,0.0,0.0,0.2535090494171276,0.2525244534514461,0.25726981815027483,0.24471672217280097,0.0,0.2625093622575133,0.25024401680511343,0.26149382386237735,0.0,0.26430286595493124,0.0,0.26933678385753895,0.0,0.2648238510108156,0.25652130523388045,0.2423793492683323,0.0,0.0,0.2534831801426094,0.0,0.0,0.2588417293037241,0.0,0.27457804132909003,0.24471182235306227,0.0,0.0,0.0,0.0,0.24155999925549956,0.0,0.0,0.0,0.0,0.0,0.2817146997193541,0.0,0.0,0.0,0.0,0.0,0.0,0.0,0.0,0.0,0.0,0.23311850329488237,0.0,0.0,0.2702550292533805,0.2711408852585482,0.27665060800281244,0.0,0.0,0.0,0.0,0.0,0.0,0.0,0.2751909370956647,0.26435002791414247,0.0,0.0,0.0,0.0,0.2476032374939203,0.0,0.2783887138788066,0.0,0.0,0.23864043256221934,0.0,0.2501955716706178,0.25093834565475065,0.2427493337050381,0.2530044031400867,0.0,0.0,0.0,0.2767410474401552,0.2549724816284326,0.0,0.0,0.0,0.0,0.22144111292212695,0.0,0.0,0.0,0.0,0.24782557810494432,0.25069235107888194,0.25542607684631835,0.0,0.0,0.0,0.25686299711647265,0.0,0.0,0.0,0.2681774612516643,0.0,0.0,0.2622472811539402,0.25243830469688944,0.2592535975347637,0.0,0.2842832143837082,0.0,0.0,0.2395355862952305,0.23003661909177775,0.23772389170425018,0.0,0.0,0.2686298850056089,0.25451156181034307,0.2557088157843354,0.2702542285309338,0.24962376214155094,0.0,0.0,0.0,0.24377381939196108,0.0,0.0,0.0,0.0,0.0,0.2660516393183494,0.0,0.0,0.23709013088867162,0.0,0.0,0.25203322056220223,0.0,0.0,0.0,0.0,0.0,0.2356730926080507,0.27127106077433627,0.0,0.0,0.0,0.0,0.0,0.0,0.2667950432337444,0.0,0.0,0.0,0.0,0.0,0.0,0.22587716641241806,0.2629234950041069,0.0,0.0,0.2721323769697394,0.24349946905509937,0.2621930006744531,0.24759940513326104,0.2582418217981604,0.0,0.0,0.0,0.2537378084213663,0.25710078023235344,0.0,0.25402107047046535,0.263139791106499,0.0,0.24154204232178547,0.22802250792298026,0.25184813318267724,0.24234369963190608,0.0,0.0,0.2686775140467615,0.0,0.0,0.0,0.0,0.2753047519138668,0.0,0.0,0.24310143225892214,0.0,0.23595339649541705,0.0,0.0,0.0,0.28497427056157626,0.0,0.0,0.0,0.0,0.27464624353234496,0.0,0.0,0.259908068436698,0.2269394344396237,0.25686259774565834,0.0,0.0,0.27291775303354876,0.0,0.2512212468703035,0.2545466767841712,0.0,0.27678570217329707,0.0,0.24596396467101944,0.2560980243811181,0.0,0.25302091595641923,0.2734386061340918,0.26284366736318343,0.24970563662308895,0.0,0.2427046476492722,0.2645131537857381,0.0,0.2537844491119946,0.0,0.0,0.2586710979167839,0.0,0.0,0.2336642964586956,0.0,0.0,0.0,0.24843931204234648,0.0,0.0,0.2646466110650481,0.0,0.0,0.0,0.0,0.0,0.0,0.24868798339416057,0.0,0.0,0.0,0.2506311933782328,0.0,0.0,0.0,0.0,0.0,0.2712484401527817,0.0,0.24294374318293785,0.2472744315913219,0.27344310336770006,0.0,0.2602136936445494,0.0,0.0,0.0,0.0,0.23056800770131203,0.0,0.0,0.0,0.27551088174940463,0.25580301395295374,0.0,0.0,0.2650583532378776,0.0,0.0,0.0,0.26282710989671826,0.0,0.25133235347054617,0.0,0.2639885920318559,0.2841771282629261,0.24770592780205408,0.24812686272585965,0.24475274048843002,0.25900919637432895,0.0,0.0,0.0,0.0,0.26960227571188655,0.0,0.261686094405658,0.0,0.0,0.2690055623487003,0.0,0.25241995443444576,0.0,0.0,0.0,0.0,0.0,0.2739820790305078,0.25597209068741605,0.0,0.25883978902721255,0.0,0.25721618963281756,0.0,0.0,0.0,0.0,0.2334296196599036,0.0,0.0,0.0,0.0,0.2779704359112395,0.0,0.0,0.2497445844927703,0.0,0.0,0.2755362549405366,0.0,0.0,0.2312297931332332,0.0,0.2515175472917962,0.0,0.0,0.0,0.0,0.0,0.0,0.0,0.0,0.2713386680699575,0.0,0.0,0.2698472519730992,0.255331276690387,0.0,0.2625489523845115,0.0,0.2772485999156873,0.0,0.0,0.24808995932689368,0.0,0.0,0.0,0.0,0.26586741049028595,0.0,0.0,0.2899701744900805,0.24643182651543397,0.26665578170856374,0.0,0.2726218709507772,0.0,0.2501683625894135,0.0,0.0,0.28134003271101066,0.2492797203294367,0.0,0.0,0.25085705058635677,0.0,0.0,0.2663867138698755,0.0,0.2690064133014366,0.0,0.0,0.0,0.0,0.0,0.0,0.0,0.0,0.24896169601242857,0.25330408879309374,0.0,0.2513077403595968,0.2427170287899745,0.2508638751521463,0.0,0.2529124740519204,0.24463236122042256,0.0,0.0,0.24991979392966326,0.0,0.0,0.0,0.0,0.0,0.27029832761071304,0.25649197362280024,0.25787095121891296,0.27576373741268323,0.0,0.0,0.0,0.249574481529098,0.0,0.26675496682629635,0.2454743005274019,0.0,0.26686926033607566,0.2893398822947978,0.0,0.25416655673524113,0.2721008489758941,0.0,0.0,0.2517308622431514,0.253253756700575,0.26247659519476024,0.0,0.27353982900993423,0.25459149725752495,0.0,0.2528460947366793,0.2699190242766286,0.0,0.3007720941643955,0.24492956967677212,0.0,0.0,0.0,0.25369171167056465,0.24796079649603073,0.0,0.25455299292178785,0.0,0.26915814154155054,0.2698945742325703,0.0,0.25879380996306206,0.0,0.0,0.27757708961291,0.22835366488869394,0.0,0.2824621185546131,0.0,0.2652701853926057,0.0,0.0,0.2722659712330922,0.0,0.0,0.0,0.0,0.0,0.0,0.26076943530988594,0.0,0.2569760815260577,0.27762038006104167,0.26253257537211905,0.0,0.0,0.0,0.0,0.0,0.27814928818064794,0.0,0.0,0.2744973295864802,0.0,0.25465583789345064,0.2532351664065351,0.25190972717668986,0.0,0.26866924572354045,0.24043849555803512,0.26536461363858693,0.23038633240388548,0.0,0.2808073148251325,0.2669152769084135,0.254986913730616,0.0,0.0
0.0,0.09485531304165302,0.11833108558020793,0.0,0.10572483823267738,0.0,0.0,0.09342958540063388,0.09707154039219915,0.0,0.0,0.0,0.0,0.12345795701079271,0.0,0.0,0.0,0.09811241273265327,0.0,0.0,0.0,0.0,0.0,0.0,0.0,0.0,0.0,0.0,0.0,0.0,0.09382073041334071,0.0,0.0,0.0,0.0,0.0,0.11537770940476887,0.0,0.0,0.0,0.0,0.0,0.0,0.0,0.08775771236028747,0.0,0.0,0.0890292413362313,0.06601574469899502,0.0,0.0,0.11065527138892742,0.08863757341195079,0.0,0.0,0.0,0.0,0.0,0.0,0.0,0.11620383419137334,0.10222441588287398,0.0,0.0864865718436545,0.0,0.0,0.0,0.0,0.0,0.0,0.0,0.0,0.0,0.0,0.0,0.0,0.0,0.0,0.0,0.0,0.0,0.0,0.0,0.0,0.0,0.0,0.0,0.09672608598867344,0.0,0.10130594677735859,0.0,0.09975971089614052,0.0,0.14182688061412546,0.0,0.0,0.0,0.06378640311785984,0.0,0.0,0.07848356478203213,0.0,0.0,0.0,0.0,0.08163672540975611,0.06552510291879111,0.11484888820687114,0.05304383677880735,0.0,0.0,0.0,0.09167142579812752,0.0,0.13733152948000235,0.0,0.11143793525913988,0.0,0.0,0.0,0.0,0.0,0.07798471883436607,0.07383606753244644,0.07988628816731248,0.09905394313532993,0.1004209826573999,0.0,0.0,0.11097534507002521,0.05914828212823246,0.09032586399247457,0.0,0.0,0.0,0.0,0.0,0.0,0.0,0.0,0.0,0.0,0.07191986968530348,0.09068191314234382,0.10788501151007422,0.07616252669381197,0.0,0.08677588137389125,0.0,0.09892520105597673,0.0,0.0,0.0,0.07467678658255338,0.09656439606949087,0.0,0.0,0.0,0.0,0.08124929828682002,0.0,0.0,0.0,0.0,0.09929417498747707,0.0,0.11910060453479994,0.0,0.07136039764513057,0.060986388552073174,0.0,0.0,0.0,0.09329261975406507,0.07613821683409205,0.10531256910981268,0.0,0.09160812389565123,0.05293499736519379,0.0,0.09324138627418857,0.09028691516822801,0.0,0.09051133098836019,0.0960434013880956,0.0,0.0,0.0,0.08318774264553774,0.0,0.12895249248141266,0.0,0.07610813144997787,0.12090174898573681,0.0,0.0,0.10465033728068465,0.0,0.11222457136183026,0.0,0.0,0.0,0.0,0.0,0.0,0.08970274689347048,0.0,0.0,0.09696001813880493,0.0,0.09333694114104245,0.0,0.0,0.0,0.09721525460324401,0.11644801500828367,0.10772267548738548,0.0,0.0,0.0,0.09414841822585883,0.0,0.0,0.0,0.0,0.1411333808747155,0.0,0.09388210223707678,0.10776727244506672,0.0,0.10394865832136128,0.1062270558235725,0.0,0.08855638067285214,0.0,0.11658032393229545,0.03589852375796249,0.0,0.11263100450214675,0.0,0.0,0.0,0.0,0.0,0.0,0.0,0.06444354057670526,0.0,0.0,0.09933065148066336,0.11392182184391265,0.0,0.0,0.0,0.08451601857752675,0.0,0.0,0.0,0.0,0.07928823513421682,0.0,0.0,0.0,0.0,0.0,0.0,0.0,0.10460967364869254,0.11776684923828239,0.0,0.0,0.11362288540302166,0.09345211752839049,0.09631378789455751,0.0,0.0,0.1276851868884331,0.11543987716308661,0.0,0.0,0.0,0.10166268516586524,0.0,0.0,0.0,0.0,0.11442929218641552,0.10587031904441088,0.09220836676234477,0.0892263461941183,0.0,0.0,0.0,0.0,0.0,0.0,0.0,0.09548693411751125,0.0,0.0,0.1181957907213251,0.12269721986863401,0.0,0.0,0.0,0.09025534904189109,0.0,0.054680070695650264,0.11702948536907065,0.0,0.0,0.11730658835679426,0.0,0.08426031958234552,0.0,0.0,0.09291156359839908,0.0,0.08394175266279151,0.0,0.0,0.09929830364019533,0.0,0.0,0.0,0.07991365856531982,0.07034780917862983,0.0,0.0,0.14465444114634501,0.0,0.11125625438505236,0.09202605631758805,0.0,0.0,0.0,0.11282051317590625,0.0,0.0,0.0,0.0,0.10706804344415431,0.0,0.08923152283105266,0.07317999542396507,0.0,0.09334935728820624,0.07388078700280841,0.0,0.0,0.0443893671442497,0.0,0.11382858971769878,0.10521438659763915,0.10752665458146812,0.0,0.0,0.0,0.12208602974963992,0.1144775820056393,0.0,0.0,0.0749824916572517,0.0,0.0,0.09323627831080052,0.0,0.08913586473989495,0.096522635261053,0.0,0.07787511221216444,0.08384394787637618,0.0,0.0,0.0,0.0,0.0,0.05876072716080092,0.0,0.0,0.1109999598198093,0.0,0.0,0.0,0.0,0.08451007500139028,0.09931610798277753,0.0,0.07038304149392115,0.0,0.0,0.0,0.0,0.0,0.0,0.0,0.10701273546268136,0.0,0.0,0.0,0.0,0.11656931553317847,0.0,0.0,0.0,0.1166208625878194,0.08219162520279917,0.0,0.061482722999179326,0.0,0.11625435693743591,0.0829427117233571,0.0,0.12339603612695842,0.08928011875484158,0.0,0.11649477295715158,0.06529436808498984,0.0,0.11553568866955327,0.12292508283394672,0.09889899080147402,0.0,0.0,0.0,0.07798708794151958,0.0,0.03834221989244522,0.0,0.0,0.0,0.0,0.10161750150012412,0.0,0.09471561516772292,0.0,0.0,0.0,0.0,0.0,0.0,0.0,0.0,0.0,0.0,0.0,0.0,0.0,0.08532545556559504,0.0,0.11054144030597758,0.0,0.0847706416213905,0.14984767115525754,0.0,0.0,0.0,0.0,0.0,0.0,0.0,0.0,0.0,0.0,0.0,0.09605896868847925,0.10122424883695673,0.0,0.0,0.0,0.0,0.09046126542033245,0.10976009870677972,0.0,0.0,0.0,0.0,0.0,0.0,0.0640822885548569,0.0,0.0,0.0,0.0,0.0,0.0,0.0,0.12811338073893427,0.0,0.0,0.1036157180618617,0.10884307509950042,0.0,0.0,0.0,0.0,0.0,0.11359973148611069,0.0,0.0,0.09093664975559371,0.10835649767134171,0.0,0.0,0.10507985743452487,0.0,0.0,0.0,0.08139111831892086,0.0,0.09017354072281902,0.0,0.0,0.09126507794968487,0.11355867026071957,0.10154679041619932,0.0,0.08236081987266061,0.0,0.09303118788978197,0.0,0.07267503959278061,0.0,0.07062263703037813,0.0,0.0,0.0,0.0,0.0,0.0,0.0,0.0,0.0,0.0,0.0,0.0,0.11367314099054564,0.0,0.0,0.0,0.0,0.1121497698460558,0.0,0.0,0.0,0.0,0.0,0.09522336950166517,0.0,0.12333149263053535,0.09765704037341434,0.0,0.08047461088788327,0.0,0.0,0.0,0.0,0.0,0.09533530129618024,0.11797700867323212,0.0,0.09495872119444217,0.0,0.1308870348261055,0.0683976791939934,0.0,0.10129184160763177,0.07754186521388427,0.0,0.0,0.0,0.11779354324050169,0.0,0.07838121070438589,0.0,0.07997829152326034,0.0,0.0,0.0,0.0,0.0,0.0,0.0,0.0537921634080559,0.0,0.0,0.0,0.0,0.0,0.0,0.08084457678406655,0.0,0.0,0.0,0.09621144491691841,0.0,0.0,0.0,0.08811911525937109,0.0,0.11881412951552159,0.0,0.1097366099962699,0.10199433378551194,0.0986582469451371,0.0,0.0,0.07772520332220234,0.0,0.08286524837011205,0.0,0.0,0.0,0.0,0.0,0.0,0.0,0.12280714303979587,0.10348028910000591,0.0,0.0,0.0,0.0,0.0,0.0984727755612774,0.0,0.0,0.0,0.0,0.0,0.0,0.09312559505172059,0.0,0.0,0.0,0.12512593987642037,0.0,0.07242366289938466,0.0,0.13482558754825397,0.0,0.06923677586646299,0.0890799979049538,0.0,0.0,0.06440615311917305,0.0,0.0,0.0,0.07777978965389108,0.08001693306787515,0.0,0.1415246731561261,0.0,0.1161055951104256,0.0,0.06857828506675587,0.05989821140905355,0.0,0.11098455970586447,0.0,0.0,0.0,0.0,0.09728909818814706,0.0,0.0,0.0941112732518698,0.0,0.06663298904108328,0.0,0.0,0.0,0.0,0.0,0.0770973682367293,0.0,0.09520105297803594,0.10747083336602105,0.07122879224310329,0.08975973191471086,0.0,0.1251095340177189,0.0,0.07631542245841207,0.08604199399566614,0.09451651019485344,0.09548695404803384,0.1231770451050871,0.11561194417012248,0.09798956086421146,0.0,0.0,0.0,0.0,0.0,0.0,0.0,0.10161344547176829,0.0,0.0,0.0,0.07025624078878967,0.0,0.0,0.0,0.0,0.10997514462856686,0.11734773957757817,0.0,0.0,0.0,0.0,0.11581522554556375,0.0,0.08103182081360263,0.0,0.0,0.11134497866843651,0.0,0.0,0.0,0.11491057747511153,0.08752267263041699,0.08321747648589975,0.11012037469244193,0.08866851125035402,0.10887248427490354,0.0,0.0,0.0,0.0,0.0,0.1282611391670711,0.0,0.0,0.0,0.0,0.0,0.0,0.0,0.08180846047298257,0.1310255489024134,0.0,0.10693124727931981,0.0,0.11672266536310616,0.0,0.0,0.06033744217965341,0.13163546952250021,0.0,0.09168242317617728,0.10236100047552169,0.10070908559943847,0.0,0.0,0.0,0.0,0.0,0.08862117453766351,0.0,0.0,0.0,0.0,0.0,0.09755542503983695,0.0,0.0,0.0,0.08964338148181263,0.0,0.0,0.07174764557189633,0.10296728004891265,0.0,0.0,0.0830202976782175,0.10618474362127937,0.09992681118153798,0.0,0.0,0.0,0.12052793983407308,0.0841188507285581,0.0,0.0,0.0,0.0,0.0,0.0,0.0993135160328362,0.0,0.0,0.0,0.08295440728299196,0.0,0.0,0.13354814915995442,0.0,0.0,0.0,0.10947319920657375,0.0,0.0,0.12158948642050184,0.0,0.0,0.0,0.0,0.0,0.0,0.06896480659915835,0.13099252378465961,0.0,0.07630225180949048,0.0,0.0,0.11466247791413584,0.0,0.0,0.0,0.0,0.08251668170369977,0.0,0.10141998487481173,0.0,0.0,0.0,0.0,0.1075991868851648,0.0,0.0,0.1291297378764585,0.0,0.09712009882610514,0.0,0.0,0.10187677824014878,0.08665004121909516,0.0,0.0,0.0,0.0,0.0,0.0,0.0,0.1008034216214864,0.08235782780207056,0.0,0.0,0.07608846857703863,0.0,0.0,0.13418172308952744,0.0,0.09717857377117096,0.1253193476423302,0.0,0.0,0.09543005019419065,0.0,0.0,0.0,0.10053654841873011,0.0,0.0,0.0,0.07398297096000056,0.10699382428968753,0.0,0.1083139202276049,0.0,0.0,0.0,0.05747941535192905,0.10762819655171195,0.0,0.0,0.0,0.08736197199561967,0.0,0.0,0.11370022626112067,0.0,0.11087788504825738,0.0,0.0,0.0,0.0,0.0,0.0,0.0,0.0,0.0,0.0,0.0,0.0,0.08338162062192411,0.0,0.0,0.0,0.0,0.0,0.0,0.0,0.0,0.0,0.0,0.0,0.0,0.11787203266112298,0.055111825899829915,0.11438431352665016,0.0,0.10614975242505231,0.0,0.0939018155387391,0.09323970276077914,0.0,0.0,0.13288929031675822,0.0,0.0,0.0,0.0,0.07692851069986742,0.0814160108477788,0.0,0.09162760026122688,0.0,0.0,0.0,0.11225709566162748,0.0,0.0,0.10741017706809232,0.0,0.0,0.0,0.10883832471884021,0.10555700185527829,0.0,0.1142727006468622,0.10447639060712197,0.0,0.0916262014298694,0.0,0.0,0.0,0.0,0.0,0.0,0.0,0.10483667829576326,0.0,0.0,0.09493146660444525,0.0,0.08518799404721736,0.0,0.0,0.06409865226624858,0.0,0.0,0.0,0.0,0.0,0.0,0.0,0.0,0.09152727373787818,0.0,0.0,0.10011154006754383,0.09771410841853714,0.10363125021153653,0.08662653049510036,0.0,0.0,0.07075435185288814,0.06605119644467335,0.0,0.10894079587604766,0.09302286470998657,0.09355696032093408,0.07826647519084197,0.08024643324324758,0.0,0.0,0.0,0.0,0.0,0.0678581309937191,0.0,0.1149503706144263,0.08188040820537201,0.0,0.0,0.0
0.7232026688507945,0.0,0.0,0.0,0.0,0.7422451443827364,0.0,0.7548377335786651,0.0,0.0,0.72899645508519,0.0,0.0,0.7786768574003868,0.7541751688195011,0.7578556126106547,0.7657781579918419,0.7533804990556993,0.0,0.0,0.0,0.0,0.7275691757127608,0.0,0.0,0.0,0.0,0.0,0.7576202629158536,0.0,0.0,0.7308169224747384,0.7700366992168332,0.0,0.0,0.7561263299628672,0.0,0.7449709566436199,0.736872393029597,0.0,0.0,0.0,0.7347499737045017,0.0,0.7555026317754377,0.0,0.7447793710285731,0.752642566526724,0.7595948236433553,0.0,0.7443493989081168,0.7788431978351796,0.0,0.0,0.7339900740924745,0.0,0.7730274786445985,0.7290367388551553,0.0,0.7575178936075893,0.0,0.7881586805347813,0.0,0.7309175407999805,0.7687494574518464,0.0,0.0,0.0,0.0,0.7321879730900793,0.0,0.0,0.0,0.0,0.0,0.0,0.0,0.7751147609398482,0.0,0.7366880949570742,0.0,0.7465612756349259,0.0,0.0,0.0,0.7587710228163513,0.7404010889464328,0.7234365450291798,0.0,0.0,0.7576319200874104,0.0,0.0,0.7251347147837325,0.0,0.7418921667172541,0.0,0.0,0.0,0.0,0.7493424530281808,0.0,0.7115649816540198,0.0,0.7504905607450018,0.7579833460492996,0.761031126449161,0.0,0.7480629213376024,0.0,0.7576353434007198,0.0,0.7466643933157588,0.0,0.7569489642595835,0.0,0.7523459095767759,0.0,0.0,0.0,0.0,0.0,0.0,0.0,0.0,0.7620816007136184,0.0,0.0,0.0,0.7115808916028925,0.0,0.0,0.7794250826858528,0.7307903167082048,0.0,0.0,0.0,0.0,0.0,0.0,0.0,0.0,0.7581517499315135,0.0,0.0,0.76520198658135,0.0,0.7398870859388916,0.7953718274019566,0.0,0.0,0.7226664209773165,0.0,0.0,0.0,0.0,0.0,0.0,0.7459439983645371,0.7263678617217285,0.7671930956280736,0.0,0.0,0.0,0.7418283938252419,0.0,0.0,0.0,0.0,0.7234260512447067,0.790248590311889,0.0,0.0,0.0,0.7611412890748483,0.0,0.0,0.0,0.755506276936171,0.0,0.0,0.724734585956285,0.7526126002713652,0.7567283029586213,0.7732959084012696,0.0,0.0,0.7772814648253513,0.0,0.7317698745149658,0.0,0.7481966499592525,0.766142588649259,0.0,0.0,0.7691312543864341,0.0,0.0,0.0,0.0,0.0,0.0,0.0,0.0,0.0,0.0,0.7853673458945721,0.7696107169896425,0.7567681846381733,0.0,0.0,0.704199892539911,0.7248099050983458,0.7028471381201714,0.7306438272094286,0.7431162322362693,0.0,0.7357303500804355,0.0,0.7440108802551728,0.0,0.0,0.0,0.0,0.0,0.7447039643153434,0.7650781865960844,0.0,0.0,0.7458396888734707,0.0,0.7759387588292178,0.0,0.7280894535900874,0.7381052549472067,0.0,0.7234607279626083,0.0,0.7359522957947758,0.7685941907169974,0.7330375118000955,0.0,0.7163015038626565,0.0,0.0,0.0,0.0,0.0,0.0,0.7324981194858707,0.0,0.0,0.7939870048502496,0.0,0.0,0.0,0.7329765530465485,0.0,0.7690646073107215,0.7526343607701415,0.7622086845422681,0.0,0.0,0.0,0.0,0.0,0.0,0.0,0.0,0.7401412881138001,0.0,0.0,0.7615488135277546,0.0,0.0,0.7612706096239676,0.0,0.0,0.0,0.0,0.0,0.710916776423457,0.0,0.0,0.0,0.0,0.0,0.0,0.0,0.7209086620989184,0.7181741503050668,0.745809440188864,0.0,0.724874353813219,0.754176360209569,0.7492485710330427,0.0,0.0,0.7458702867531022,0.0,0.0,0.0,0.7670536591598048,0.0,0.7318029500062982,0.7216136557680795,0.0,0.0,0.7438711651460522,0.7405868975523259,0.7477326415632097,0.0,0.0,0.0,0.7512562846671597,0.0,0.0,0.0,0.7664001801625446,0.0,0.7166834513867023,0.0,0.7386861632792873,0.0,0.7403040464580902,0.0,0.0,0.0,0.0,0.7240741118666574,0.0,0.7586565586758576,0.7386518258587692,0.0,0.0,0.0,0.0,0.0,0.0,0.0,0.0,0.0,0.0,0.7371926475656188,0.7228204647461571,0.0,0.0,0.0,0.0,0.0,0.0,0.0,0.0,0.7148124540155442,0.0,0.0,0.0,0.0,0.0,0.7437923087088792,0.0,0.0,0.7661964396593371,0.0,0.7640169421170246,0.0,0.0,0.0,0.7302652151704537,0.7409402857953848,0.0,0.0,0.0,0.7260304442524521,0.7228805811555437,0.0,0.0,0.0,0.0,0.0,0.0,0.0,0.0,0.0,0.0,0.7401260497192766,0.7335460639197532,0.0,0.0,0.0,0.0,0.0,0.0,0.0,0.0,0.0,0.0,0.0,0.7610895251505058,0.0,0.0,0.7560375078758805,0.0,0.0,0.0,0.7241762393950878,0.7358719464315006,0.0,0.7483174541803105,0.7602280311163785,0.7578312711551273,0.7129883726687782,0.0,0.7592856504992754,0.0,0.0,0.0,0.7223664399497908,0.0,0.0,0.0,0.0,0.0,0.7201927318460336,0.0,0.0,0.0,0.7310450252479632,0.0,0.7651314207590845,0.0,0.0,0.0,0.7749246310177238,0.7697551999218005,0.7378000476807032,0.7407049085923462,0.0,0.724599822222977,0.707112389018945,0.0,0.7523348983390872,0.0,0.7265478205304597,0.0,0.0,0.0,0.0,0.7411647097833929,0.7692191899912311,0.0,0.0,0.0,0.0,0.0,0.0,0.0,0.7425452116347212,0.0,0.0,0.7374456374155944,0.0,0.0,0.0,0.0,0.7644042198919325,0.7328429570867121,0.7476473912835604,0.7297119398965409,0.0,0.0,0.749933017243008,0.720271909301733,0.7550926923911697,0.756044316400526,0.0,0.7703326009245689,0.0,0.7470390763241399,0.7499721744422446,0.7549360332970586,0.0,0.7447127874705946,0.7280662180719378,0.0,0.0,0.0,0.7566141535086086,0.0,0.7381676806945938,0.7430677365517601,0.0,0.0,0.0,0.0,0.0,0.0,0.7525786022820533,0.731039540307171,0.7452469081982056,0.730799358878841,0.0,0.793884948965797,0.0,0.7324456676117931,0.0,0.0,0.0,0.7533713502544819,0.0,0.7212507691872806,0.7697488525850262,0.7262949151911057,0.7479568129992815,0.0,0.0,0.0,0.7223167825799289,0.0,0.0,0.0,0.0,0.7677682868058797,0.0,0.0,0.0,0.7584552916263715,0.0,0.0,0.726932020864631,0.0,0.0,0.7529423243315684,0.0,0.7464899610949545,0.0,0.0,0.0,0.0,0.7348729680871573,0.0,0.0,0.7484573087579081,0.0,0.0,0.0,0.0,0.7458027939913271,0.0,0.0,0.7583274950719756,0.0,0.0,0.0,0.7636919797336025,0.0,0.0,0.0,0.7636375843379828,0.0,0.0,0.7225558335308808,0.0,0.7841025007828084,0.7819669891448879,0.0,0.7481468265027779,0.7528922302413443,0.724195192680988,0.0,0.0,0.727395473067207,0.0,0.0,0.0,0.0,0.0,0.7217679412969298,0.7387066215220507,0.0,0.0,0.7579315388425968,0.7289407701251114,0.0,0.0,0.0,0.0,0.0,0.0,0.0,0.7972336951550151,0.0,0.0,0.7771657858696975,0.0,0.0,0.0,0.7305803060313423,0.7369219521785473,0.783071580992027,0.7655680747778814,0.0,0.74829102638489,0.0,0.7258528277965626,0.0,0.7479721312381884,0.7502649758311251,0.0,0.0,0.0,0.7376532473530896,0.0,0.7555235694890498,0.7381718447903068,0.7174016852158672,0.0,0.0,0.7793189493464643,0.0,0.7612242867404675,0.0,0.0,0.7497147753811678,0.7571257488791977,0.0,0.0,0.0,0.0,0.0,0.7433138734345122,0.0,0.0,0.0,0.7601796284732291,0.0,0.0,0.7472806875865713,0.0,0.0,0.7660516138009703,0.0,0.0,0.7541089195712151,0.0,0.7517571685864883,0.0,0.0,0.0,0.0,0.7341472224567128,0.706377280769791,0.7684895549732197,0.7659289540372992,0.0,0.7289667884442774,0.7503737415046017,0.0,0.0,0.0,0.0,0.0,0.7539158461791301,0.0,0.7468810147319797,0.0,0.0,0.7503662718728235,0.7478219532146095,0.775534804676474,0.7578932534651674,0.7596649519601328,0.7296057149507768,0.7459524088728546,0.0,0.0,0.7683130007735576,0.0,0.0,0.0,0.0,0.0,0.0,0.7362842102819243,0.7611032011824229,0.7394977478893671,0.0,0.0,0.7781497280515453,0.0,0.0,0.0,0.0,0.0,0.0,0.7605728433438103,0.0,0.0,0.0,0.0,0.0,0.0,0.7275094917897431,0.0,0.0,0.0,0.0,0.7492410701909783,0.7424068040525654,0.752131227383448,0.7160453022973317,0.0,0.0,0.0,0.0,0.7536502641476197,0.0,0.0,0.0,0.0,0.7613843647068472,0.0,0.7542394682604888,0.0,0.0,0.0,0.0,0.0,0.0,0.0,0.0,0.750491763741746,0.0,0.7688438007346453,0.0,0.0,0.7399173532047152,0.0,0.0,0.0,0.0,0.0,0.0,0.0,0.0,0.0,0.7757112062962,0.7811841794191676,0.7466078582046484,0.0,0.7420485690651599,0.7490517100249798,0.7323625599801984,0.0,0.0,0.0,0.0,0.0,0.0,0.0,0.7448919252571837,0.0,0.7395099593622653,0.7381574663342636,0.0,0.0,0.7818573554971588,0.760409715025722,0.0,0.0,0.7523827884806521,0.0,0.0,0.7480991642356011,0.0,0.7285828863851156,0.7519235775235322,0.0,0.0,0.7748088294444386,0.0,0.7803968367574408,0.7503600216645214,0.0,0.0,0.0,0.0,0.746097878029144,0.7573172573223018,0.749200166858766,0.0,0.0,0.0,0.7572992288718583,0.0,0.0,0.0,0.7185915952659321,0.7328079149235025,0.7182225678405021,0.7449634775528415,0.0,0.0,0.7529865044209446,0.7523061499005369,0.7339184331410096,0.0,0.7513782581272503,0.0,0.0,0.0,0.7508816805367536,0.7670519783407646,0.0,0.7770164965474752,0.777432840334629,0.0,0.0,0.7741933026058013,0.0,0.0,0.0,0.0,0.0,0.0,0.7663082808086129,0.7451571171224909,0.7231388079176486,0.7883255424733148,0.0,0.7477057603389752,0.743873553532966,0.7541774400932912,0.7364184652415796,0.0,0.7200391558096291,0.0,0.0,0.7537630795403546,0.0,0.0,0.0,0.7639214696631345,0.0,0.0,0.0,0.7551500377452071,0.738941903212499,0.0,0.0,0.7361889597113167,0.7312101116038243,0.7785401718939128,0.0,0.0,0.0,0.7653319530270724,0.755435726340978,0.0,0.7598935596691525,0.0,0.7546261676556562,0.7363777763383195,0.0,0.0,0.7403240725335805,0.0,0.0,0.7925743954862255,0.0,0.0,0.0,0.7509285159336899,0.0,0.7331257629850978,0.7343490024159263,0.0,0.0,0.7332077034234554,0.0,0.0,0.7415887691187868,0.0,0.7395632164719413,0.0,0.7390795042245325,0.0,0.0,0.0,0.0,0.7609716497343343,0.0,0.7298854861655535,0.0,0.7601839596955303,0.7463297053692602,0.7348253855566369,0.0,0.0,0.755759982353668,0.0,0.7616316562757978,0.0,0.0,0.0,0.0,0.7506492770839933,0.0,0.0,0.0,0.0,0.0,0.735165918026779,0.7700881511838567,0.7636299716622403,0.7405006036673321,0.0,0.0,0.7357632673569418,0.0,0.0,0.7718462459537574,0.0,0.0,0.7592971332078086,0.0,0.0,0.0,0.7812985167332687,0.0,0.0,0.0,0.7463479899084233,0.0,0.7608162145481205,0.0,0.7443036179684791,0.0,0.7373678249528189,0.0,0.0,0.0,0.7714971792083434,0.7337436873944705,0.7339618149748581,0.7482824417506039,0.7601628684296637,0.0,0.0,0.0,0.0,0.7314269217303437,0.764342874448822,0.7330317414807981,0.0,0.0,0.780821397560517,0.7579019570301784,0.0,0.0,0.0,0.7491601430392361,0.0,0.0,0.7372624517444575,0.0,0.0,0.0,0.0,0.7555220530919651,0.0,0.7397198130872905,0.7881949083621022,0.7651459807669477,0.7303934816032812,0.7780812281328479,0.0,0.0,0.0,0.0,0.0,0.0,0.0,0.736318502546476,0.7529794207517793,0.743372357853967,0.0,0.7764333703596373,0.7452606711021362,0.0,0.7419886201225668,0.759909440287134,0.7497492139475456,0.779356019382087,0.0,0.750934455604773,0.7724585626461576,0.7525135976292688,0.7536518687681072,0.0
0.0,0.15139297247078415,0.1644606348870432,0.0,0.0,0.0,0.1716024889296645,0.14347541566168276,0.18632181101825349,0.14963711571422642,0.0,0.1309125040795528,0.0,0.0,0.14081444954857555,0.14710946116171453,0.0,0.17322514927647575,0.0,0.0,0.0,0.14155448277749916,0.12977967833472306,0.0,0.0,0.0,0.0,0.0,0.15318618790194705,0.0,0.0,0.0,0.1541626554108035,0.0,0.0,0.1629382955812012,0.0,0.16998085311592456,0.1733693589822961,0.0,0.14094103245039127,0.0,0.14395111198083826,0.13314926298465826,0.1365011910446889,0.0,0.14527347243371386,0.0,0.18679722411926994,0.0,0.0,0.1574249206887012,0.0,0.0,0.0,0.0,0.14813067332718763,0.0,0.0,0.0,0.0,0.16801545541162174,0.14560974500671675,0.0,0.13335031044640702,0.0,0.0,0.1684940738746132,0.15215946036219463,0.0,0.0,0.0,0.0,0.0,0.0,0.0,0.0,0.0,0.0,0.14614071365125803,0.0,0.14240385711063774,0.0,0.16817410159250534,0.0,0.0,0.0,0.0,0.1242448344607379,0.0,0.0,0.0,0.12590683343792056,0.1568373657539726,0.15620417408426707,0.0,0.0,0.18650101028347832,0.0,0.15972068394127717,0.0,0.0,0.0,0.0,0.16948935141650204,0.17757930715057882,0.0,0.0,0.0,0.0,0.15491626557664082,0.0,0.0,0.0,0.16429763219641483,0.0,0.0,0.0,0.15643557539643566,0.0,0.0,0.14907097714113446,0.11699900491825789,0.0,0.0,0.0,0.0,0.17320704410407683,0.1295273993187,0.0,0.1377717425517144,0.13238241164340375,0.0,0.0,0.15371928929861986,0.0,0.0,0.13745744167889343,0.0,0.0,0.0,0.13019677976040847,0.0,0.12968218945565352,0.145261315209454,0.0,0.0,0.0,0.0,0.1764841509698083,0.0,0.156768050916567,0.16276034987470664,0.14076306389075716,0.123578909576628,0.0,0.1897769876678956,0.0,0.14493321552942098,0.0,0.0,0.0,0.0,0.1486773064247509,0.0,0.0,0.14936902629393967,0.18075877137922725,0.14269182491195162,0.15744020998264774,0.16001599213794251,0.0,0.0,0.12545152940962243,0.0,0.0,0.0,0.0,0.0,0.12459640087069004,0.1407973330983927,0.0,0.0,0.0,0.17646550699372018,0.17036932498140844,0.1417709232814241,0.0,0.16839976194817305,0.0,0.0,0.15439860671777392,0.0,0.0,0.0,0.0,0.0,0.14703467058345768,0.0,0.0,0.14171665295694133,0.1521953871586298,0.0,0.0,0.0,0.1346670993740476,0.15691709952770685,0.17768562156144072,0.16219614358123927,0.15020427673076003,0.13143916798728927,0.1277099270130664,0.0,0.16030484153076555,0.17304814810545782,0.0,0.1486176274363887,0.0,0.0,0.0,0.0,0.0,0.0,0.16720076458863817,0.14665302383494153,0.1766931823060167,0.18136666781037422,0.16112329231532968,0.19619506557036875,0.12664527697028313,0.0,0.0,0.0,0.0,0.0,0.17120189082287798,0.0,0.0,0.0,0.1496701803076232,0.1607747738275548,0.13891906496856635,0.0,0.14999057904142657,0.17069319055208068,0.0,0.1555871127435093,0.0,0.0,0.0,0.0,0.0,0.0,0.0,0.15341564066600313,0.1797334365671778,0.0,0.0,0.0,0.16335608703133458,0.0,0.0,0.0,0.0,0.0,0.1526920680138829,0.0,0.0,0.0,0.0,0.0,0.0,0.13400490435721576,0.0,0.17704622688873095,0.16905157234071258,0.0,0.0,0.0,0.0,0.0,0.0,0.0,0.0,0.0,0.1418212750306887,0.15484519735785207,0.11710832887261184,0.0,0.0,0.0,0.0,0.0,0.16979233481251663,0.0,0.13558459037897494,0.1538238593046306,0.14135123224800714,0.0,0.14208180287392994,0.0,0.0,0.0,0.14701189623165373,0.17578943213502224,0.0,0.1526476505960885,0.0,0.20468810073662125,0.0,0.0,0.0,0.0,0.11619234201636973,0.0,0.15138270971102014,0.0,0.1745204486159013,0.0,0.0,0.0,0.0,0.0,0.0,0.0,0.0,0.0,0.17654802291098118,0.0,0.0,0.0,0.14101170452004821,0.0,0.0,0.0,0.0,0.0,0.14842643382353624,0.0,0.0,0.0,0.0,0.0,0.0,0.0,0.0,0.1522604219687856,0.0,0.11417475316212873,0.0,0.0,0.0,0.0,0.0,0.0,0.0,0.0,0.0,0.1622733178661726,0.17703189270883327,0.15254242571248516,0.17627829031845293,0.0,0.0,0.15905288585738822,0.14950363560139018,0.14363762586131762,0.1517631803741448,0.0,0.1393690639067975,0.0,0.0,0.0,0.14747423472308602,0.16315346524656982,0.0,0.0,0.13320646130818023,0.0,0.16697914844300996,0.16822451351193396,0.1916379051936132,0.0,0.0,0.0,0.11471257405765452,0.0,0.17454234687642406,0.1570263177068345,0.0,0.1588404685069213,0.1267676423036253,0.0,0.0,0.15988015254213744,0.0,0.0,0.0,0.0,0.17672534010781893,0.17196037821565224,0.0,0.15835275802006502,0.0,0.0,0.0,0.16857193986320865,0.0,0.0,0.0,0.0,0.0,0.0,0.0,0.17176652210585042,0.17181773533815337,0.0,0.14717364966662158,0.0,0.16481676974530202,0.0,0.0,0.0,0.0,0.0,0.0,0.0,0.0,0.0,0.0,0.14570398878627575,0.15894631415236607,0.0,0.0,0.14417093309052606,0.0,0.1649301698490712,0.0,0.0,0.0,0.1410942600171847,0.17999385823543892,0.0,0.16450215626181983,0.14912938921017047,0.0,0.1467405851736393,0.0,0.0,0.0,0.0,0.0,0.0,0.0,0.0,0.1665483259792418,0.0,0.0,0.0,0.13523210041018288,0.1499638850104759,0.15241283221562826,0.0,0.0,0.16292175863710512,0.0,0.0,0.0,0.13958012993847774,0.0,0.0,0.17587554701942107,0.17421255052341003,0.1695458613152163,0.0,0.18532665905009835,0.15955573835162568,0.0,0.0,0.0,0.15799559532403268,0.15196350082486831,0.1564670813871056,0.0,0.0,0.0,0.0,0.0,0.12500196310919015,0.0,0.0,0.16503965527339842,0.1675299876010915,0.0,0.0,0.0,0.0,0.15828990422220646,0.16830181400170843,0.12734823722475147,0.17962743092773076,0.0,0.0,0.0,0.0,0.17196575919040252,0.10694584923872114,0.0,0.15594535809885843,0.14298183243693227,0.1573527332679867,0.0,0.0,0.12211048153836669,0.0,0.0,0.0,0.14374087337530328,0.0,0.0,0.0,0.0,0.15566826841744993,0.15732179971101076,0.0,0.0,0.14181648612659326,0.0,0.0,0.1428869439471437,0.0,0.0,0.0,0.0,0.0,0.0,0.0,0.0,0.0,0.0,0.146102761935863,0.18038226182967712,0.0,0.1443169483726228,0.0,0.0,0.17651986864976318,0.1297141919876853,0.18596645656474006,0.15759841300165292,0.0,0.0,0.14773999568513485,0.0,0.0,0.0,0.0,0.15348782775691028,0.0,0.1575715255308702,0.15746623993870582,0.1413650369130267,0.0,0.1907885505956038,0.0,0.0,0.18161739460384282,0.0,0.0,0.0,0.0,0.1179402424862551,0.0,0.0,0.0,0.10694587843673084,0.0,0.1474924198307396,0.0,0.12993964486536,0.0,0.12036805417334145,0.0,0.1259642907690636,0.0,0.0,0.16197703942375985,0.0,0.17029635913934488,0.12300795641351933,0.13965164152346904,0.14518298087370318,0.18239195551257087,0.1792150161623039,0.0,0.0,0.15552976466608812,0.0,0.0,0.0,0.16123265410437795,0.0,0.0,0.12773337622280687,0.16234103706863404,0.0,0.0,0.1902253394157621,0.1688718290073775,0.1481221179129029,0.0,0.16473646544727072,0.0,0.0,0.19138879584701937,0.14507713407815087,0.0,0.0,0.15761929206886233,0.15149351195487895,0.0,0.0,0.0,0.16083071368343343,0.0,0.14074685083603572,0.0,0.0,0.0,0.0,0.1374716241930566,0.19046498824861577,0.1520245565716032,0.0,0.0,0.0,0.0,0.0,0.0,0.0,0.1493659810905257,0.1645165647385494,0.0,0.13724609620116127,0.0,0.142840028688262,0.0,0.0,0.0,0.0,0.13420162893307747,0.0,0.17292779776907946,0.14902325155180499,0.0,0.0,0.16055013289239095,0.0,0.0,0.0,0.0,0.0,0.1718745882492793,0.0,0.0,0.15070289484059657,0.0,0.0,0.17514797935348947,0.14258055199178563,0.16934044659985573,0.0,0.0,0.16500038271204448,0.15020974556774952,0.0,0.0,0.18015019736987464,0.0,0.0,0.1449273223156051,0.0,0.169732008708169,0.18747102547523772,0.0,0.11558785228028179,0.0,0.0,0.1526826155954699,0.15114017467564422,0.0,0.0,0.0,0.0,0.0,0.16733715102217497,0.0,0.0,0.0,0.0,0.0,0.0,0.11237958384442452,0.0,0.0,0.0,0.15994858527655018,0.17330150180679268,0.19200115867005096,0.12865193125390637,0.17872756783661461,0.0,0.0,0.0,0.18924760067084387,0.1801559927579432,0.1508814629371362,0.0,0.0,0.0,0.15035225929026738,0.12690890485297882,0.1482486400885519,0.0,0.0,0.0,0.1570892678814956,0.13216410807355636,0.0,0.0,0.1526697677584894,0.0,0.0,0.0,0.0,0.15769011736837463,0.10857961676917222,0.0,0.16061514425640935,0.12223741947289823,0.0,0.1506463194144853,0.0,0.13727532304639573,0.0,0.0,0.14446484247858188,0.0,0.0,0.12963907013669537,0.1648441694920551,0.155852954158672,0.0,0.0,0.0,0.0,0.0,0.15285238437212909,0.1304169733554107,0.17107902402029687,0.17668205628947067,0.16327243444757653,0.12861090202930198,0.17548748177074958,0.0,0.0,0.16001760073562402,0.0,0.0,0.0,0.0,0.15832676570021156,0.12859849548715077,0.10251652245565264,0.17739164479509528,0.1683371410153432,0.1484127165644782,0.0,0.1462415739486593,0.0,0.0,0.1613045054625018,0.17363370233106043,0.0,0.12183742356407946,0.0,0.0,0.0,0.0,0.0,0.0,0.0,0.0,0.0,0.1361965937267067,0.1503457171983545,0.0,0.0,0.0,0.14979235439059593,0.0,0.18266816451407303,0.15002397012152963,0.1535380231778336,0.14370909135968232,0.16457883145531624,0.0,0.0,0.0,0.0,0.0,0.0,0.14335068300489656,0.0,0.0,0.0,0.11340596724965879,0.0,0.0,0.0,0.0,0.0,0.15834075795166014,0.15701327069223858,0.0,0.1439348265894269,0.0,0.0,0.0,0.11070818379296381,0.14918264310841592,0.0,0.0,0.0,0.16624583451091707,0.20144345912177047,0.14946656915592282,0.0,0.15864477212313033,0.0,0.16067238719447471,0.0,0.0,0.16131558146569946,0.0,0.0,0.1741061283043129,0.0,0.0,0.0,0.1576690276331139,0.15476369994037462,0.16350412056285327,0.0,0.14187712737366176,0.13564693711269005,0.0,0.0,0.0,0.1579122926693444,0.15866079657852836,0.0,0.150801301167941,0.0,0.0,0.17647383171841388,0.0,0.0,0.0,0.17462081899183574,0.0,0.16355961971170768,0.0,0.0,0.0,0.14003140764561164,0.0,0.0,0.0,0.0,0.0,0.14458529487556246,0.0,0.12885221267333344,0.17811846203439358,0.0,0.0,0.1538732609322592,0.0,0.16267451013210357,0.0,0.0,0.1289536308847481,0.0,0.0,0.0,0.0,0.12872634095059227,0.0,0.0,0.0,0.16100290511844897,0.0,0.0,0.16102738124653218,0.0,0.0,0.0,0.0,0.0,0.0,0.0,0.15961803313260253,0.14761642219935187,0.15506269363759506,0.0,0.14690607020941468,0.0,0.0,0.0,0.12767894565413018,0.15883591984244866,0.0,0.0,0.1696287534285602,0.0,0.0,0.0,0.0,0.20178063444763236,0.0,0.0,0.1762563669689923,0.1434301991809386,0.1625917572708584,0.0,0.0,0.0,0.0,0.14430143516005217,0.0,0.1659327720352996,0.0,0.0,0.1779728253235793,0.0,0.16987565497559373,0.0,0.0,0.0,0.1846150521490603,0.16867291953919403,0.0,0.1162844186977975,0.0,0.0,0.17059937183349666,0.0,0.0,0.18582783068578046,0.0,0.0,0.0,0.0,0.0,0.0,0.15905712967592917,0.0,0.0,0.0,0.0,0.0,0.17151862964683667,0.0,0.15088032327099224,0.0,0.0,0.0,0.0,0.13936593379633683,0.0,0.13963355785015236,0.0,0.0,0.15466149354837758,0.1424378222649021,0.11677309476744628,0.0,0.14951266570342636,0.0,0.0,0.1256117691446309,0.14273421498238797,0.12469200814005464,0.0,0.15449845996048764,0.1509845543076356,0.0,0.18084250592365778,0.0
0.0,0.5990176486870004,0.6277715558872262,0.5998777497632183,0.0,0.0,0.0,0.6229180292542269,0.0,0.0,0.0,0.0,0.0,0.0,0.0,0.0,0.0,0.6069557939748317,0.0,0.0,0.0,0.6070902081526501,0.6302960723423301,0.0,0.0,0.0,0.6294506492120072,0.6198492945250943,0.0,0.0,0.0,0.0,0.600325295493056,0.0,0.6313603439219935,0.6241418720200743,0.0,0.0,0.0,0.0,0.5852366763458374,0.5668181572402224,0.0,0.0,0.6066719554491055,0.6091336636602304,0.0,0.0,0.0,0.0,0.0,0.5597195274643574,0.0,0.0,0.0,0.0,0.5634172907107607,0.0,0.0,0.0,0.0,0.536451870460822,0.5992278846574782,0.5950640347012032,0.0,0.0,0.5732658015691237,0.0,0.0,0.0,0.6245152978831651,0.6096615419627976,0.0,0.0,0.0,0.0,0.0,0.5801396721985943,0.5995426600652844,0.5863351355759119,0.0,0.0,0.0,0.0,0.0,0.0,0.0,0.597175095180473,0.6427335886297076,0.0,0.0,0.0,0.0,0.0,0.5856736012923591,0.0,0.0,0.0,0.0,0.0,0.5944388326926008,0.6280448314620053,0.0,0.0,0.0,0.0,0.602418851577704,0.0,0.5750315580929088,0.0,0.5804208006029337,0.0,0.5712756959514862,0.0,0.0,0.0,0.5696117531044264,0.0,0.0,0.5707110685287393,0.0,0.0,0.5776613092093791,0.6159154522772071,0.6417807033905606,0.0,0.0,0.6131609960439683,0.0,0.0,0.579887731788851,0.5817109025556656,0.0,0.6115022355188722,0.5967086042773019,0.0,0.0,0.0,0.6042614717997321,0.0,0.0,0.0,0.6004592880121393,0.0,0.0,0.0,0.0,0.5889181584885084,0.5837572958828875,0.0,0.0,0.0,0.0,0.0,0.0,0.0,0.5710498414522773,0.0,0.0,0.5930149680219907,0.6185647988383076,0.5868826325473776,0.0,0.0,0.0,0.6353787462586216,0.0,0.5996222127407534,0.5661373519432235,0.6028469328850588,0.0,0.0,0.0,0.0,0.0,0.0,0.5929745672310931,0.606783894235917,0.5942895881562521,0.0,0.0,0.0,0.0,0.0,0.601506172892808,0.5846028937805187,0.0,0.0,0.570162704246538,0.6082721342994568,0.0,0.0,0.612872448164606,0.0,0.0,0.0,0.0,0.6089345389878574,0.0,0.0,0.0,0.5579846340262553,0.0,0.0,0.0,0.0,0.0,0.0,0.0,0.5920756342310454,0.0,0.6312056282297126,0.6260330866315672,0.0,0.0,0.6085625230093495,0.0,0.0,0.0,0.0,0.6375647503310317,0.6342392564883799,0.598648349688874,0.5832268918524994,0.5713240350919182,0.0,0.0,0.0,0.0,0.6080944192342735,0.6084990984593093,0.5855622776938961,0.0,0.6043152347839542,0.0,0.0,0.5781705686233208,0.0,0.5943683537448563,0.0,0.5897013127793077,0.6243741044558404,0.0,0.0,0.0,0.0,0.619809356409116,0.6064315308166554,0.0,0.0,0.595967408528412,0.0,0.5777656245599121,0.0,0.0,0.0,0.0,0.6011660569332489,0.5694415828748565,0.609814558007591,0.5800195683039958,0.0,0.6170193551744889,0.0,0.0,0.0,0.0,0.0,0.0,0.6212103230018743,0.6261004161542357,0.0,0.0,0.0,0.0,0.6198545431939388,0.0,0.0,0.5891223894499601,0.0,0.0,0.0,0.604114073453055,0.0,0.0,0.5740964903199122,0.0,0.0,0.0,0.0,0.0,0.5939358935853739,0.0,0.0,0.0,0.0,0.6212178278672909,0.5864849518832653,0.6031313352908574,0.6034072362504638,0.0,0.0,0.0,0.620655331545237,0.6036004777714024,0.0,0.0,0.5897666862705605,0.6081046118435316,0.0,0.0,0.624754728565435,0.0,0.6033270009734609,0.0,0.0,0.6364404217967915,0.6008436868743736,0.0,0.0,0.0,0.6165614894470769,0.0,0.0,0.0,0.625391974346454,0.5917944833850716,0.6074485783337269,0.0,0.6227925609731648,0.5664025583773015,0.0,0.5639748285546705,0.0,0.6216415408558408,0.0,0.0,0.0,0.0,0.626711433320892,0.6002566833887502,0.0,0.0,0.5950793811930599,0.6145083312604449,0.0,0.5688104906101609,0.0,0.0,0.0,0.5892126298621148,0.0,0.0,0.0,0.0,0.0,0.0,0.6047324802359387,0.0,0.0,0.0,0.5861979041458528,0.0,0.5694582093643231,0.0,0.0,0.0,0.0,0.596041461016168,0.6057586415491104,0.5739470824379704,0.5564439589135879,0.5800867601590551,0.616428077247604,0.5826761693262045,0.0,0.0,0.0,0.0,0.0,0.0,0.5777950323436877,0.0,0.0,0.0,0.0,0.0,0.5993109991826676,0.6004751981797162,0.5976812922938242,0.0,0.0,0.0,0.0,0.5747599875104394,0.0,0.0,0.0,0.5689492103261864,0.585232339296194,0.0,0.0,0.5887192564797581,0.0,0.0,0.0,0.0,0.0,0.0,0.6042272208010061,0.6080902247722827,0.0,0.0,0.0,0.0,0.0,0.0,0.6130569349058667,0.0,0.5817537936134995,0.5975712623412424,0.0,0.0,0.0,0.0,0.0,0.0,0.593271935520147,0.0,0.6220062508198648,0.6085933193085695,0.0,0.0,0.596829611763012,0.0,0.6203851437545265,0.0,0.6160541764625352,0.5974968671633588,0.0,0.0,0.0,0.0,0.607421081332923,0.0,0.6127896963568215,0.0,0.0,0.6082215510742013,0.0,0.0,0.0,0.606744194895979,0.6023952880345101,0.0,0.5874357443028272,0.0,0.6029571937134792,0.0,0.0,0.0,0.0,0.0,0.0,0.5928272060183178,0.5982212821137248,0.0,0.0,0.0,0.5919531903941131,0.0,0.0,0.0,0.0,0.0,0.0,0.5841294353772154,0.0,0.0,0.0,0.6015707744434026,0.0,0.0,0.0,0.0,0.0,0.0,0.6184835033583052,0.6316434373896943,0.5796780810169073,0.5770733334347806,0.0,0.0,0.0,0.0,0.0,0.0,0.585452876698832,0.0,0.0,0.0,0.0,0.5673274134520582,0.0,0.6365171004827875,0.5956544427830173,0.0,0.6056592739187369,0.5871406456224114,0.5847449414375258,0.5960727307023211,0.0,0.0,0.0,0.0,0.5770759959396737,0.0,0.6098865624695219,0.0,0.0,0.0,0.6101905715340202,0.5676127532024392,0.5900322626754648,0.0,0.0,0.0,0.0,0.0,0.0,0.0,0.0,0.0,0.0,0.6118868625948378,0.6391842617533583,0.0,0.0,0.5931145822581192,0.5817940066926112,0.0,0.0,0.0,0.5956768677023598,0.6017176571115839,0.0,0.0,0.0,0.0,0.0,0.0,0.0,0.605759350863588,0.0,0.542937233610932,0.0,0.0,0.5816607989658096,0.0,0.0,0.5830775056067872,0.0,0.0,0.5847115061254221,0.5868934833688622,0.0,0.0,0.0,0.5756158381628966,0.0,0.0,0.0,0.0,0.0,0.0,0.0,0.0,0.0,0.5737686363197071,0.6088038294118399,0.0,0.0,0.0,0.5970698928388989,0.6171855455425569,0.0,0.5957358488117946,0.0,0.0,0.6106845761170132,0.0,0.0,0.0,0.5901631171683102,0.6232760770030432,0.6328804650447959,0.0,0.6084073954428436,0.0,0.0,0.0,0.0,0.5945888234609993,0.5505879094944206,0.0,0.0,0.0,0.0,0.6293750698237908,0.0,0.0,0.0,0.0,0.6044916598988643,0.6194220175117865,0.6303957306925101,0.6125835506939037,0.0,0.0,0.0,0.6002430871931561,0.6000797946460227,0.0,0.5856057761323288,0.5879073241360001,0.5969593459036727,0.0,0.0,0.0,0.0,0.0,0.5620294587401796,0.5869728121494054,0.0,0.5725854117068094,0.0,0.0,0.0,0.6349882583981571,0.0,0.0,0.623298088514168,0.6328645390879494,0.5897891018676702,0.0,0.5941937860436355,0.0,0.0,0.0,0.6206676030849689,0.616045530134748,0.0,0.0,0.0,0.0,0.0,0.5846089719222782,0.5777181216280409,0.0,0.0,0.0,0.6126167593229705,0.5688888788128185,0.0,0.0,0.5777563310041594,0.0,0.0,0.6173781785032114,0.0,0.5567331883943011,0.5748203584081994,0.6105373609753012,0.5566936075731916,0.5975378105694614,0.6139774292220429,0.5797411145882427,0.0,0.0,0.5483462331499438,0.643706054247062,0.0,0.56582077979923,0.5876997176816758,0.5632618661552423,0.0,0.0,0.0,0.5883611129418379,0.0,0.0,0.0,0.0,0.6105327671104464,0.0,0.0,0.5953037105056369,0.0,0.0,0.6134157523945124,0.0,0.0,0.6203104157841649,0.0,0.6039808347232052,0.0,0.0,0.0,0.0,0.0,0.0,0.0,0.5769666665625544,0.0,0.0,0.5803140033134215,0.0,0.0,0.0,0.0,0.0,0.6427582850590056,0.5669801179344667,0.0,0.0,0.0,0.6050238245300555,0.0,0.5885280814560132,0.0,0.0,0.0,0.0,0.6059978747321821,0.5900466363730723,0.5808365737671286,0.5701834400133131,0.0,0.0,0.0,0.0,0.625791174337862,0.0,0.0,0.0,0.6167027640678171,0.0,0.6007980048964285,0.609398093455747,0.5639239651940656,0.0,0.6017538486352878,0.5886478365797482,0.0,0.0,0.0,0.5755722640727471,0.0,0.0,0.0,0.5875883283925445,0.0,0.0,0.6077311795767896,0.0,0.6106303538827487,0.0,0.6053810354901293,0.0,0.0,0.0,0.0,0.0,0.0,0.0,0.6341922543805122,0.0,0.5545460181728099,0.5458268136459549,0.0,0.0,0.0,0.0,0.0,0.5745361097101307,0.0,0.0,0.0,0.0,0.0,0.5930854806435955,0.5981715098602493,0.0,0.0,0.612333645732987,0.5837498309899164,0.0,0.0,0.5739875159858029,0.5920994782503582,0.0,0.0,0.0,0.5525552562020657,0.0,0.0,0.0,0.0,0.0,0.0,0.0,0.0,0.0,0.0,0.5713838437290352,0.554323550502791,0.0,0.5920685677489079,0.0,0.0,0.0,0.0,0.0,0.0,0.0,0.0,0.6133130147856793,0.6052207502261515,0.5863269245587044,0.0,0.0,0.0,0.6269692643889601,0.0,0.5991505111171744,0.6192539773558097,0.6143451392846019,0.6186843113879342,0.0,0.0,0.6122190840172903,0.0,0.0,0.0,0.0,0.0,0.0,0.0,0.6103432576566034,0.0,0.0,0.6244876924320567,0.5685448375676596,0.6409088292708979,0.0,0.0,0.0,0.0,0.0,0.0,0.0,0.6038329200300054,0.0,0.0,0.0,0.0,0.0,0.0,0.0,0.0,0.0,0.0,0.0,0.0,0.0,0.0,0.0,0.5860070000172407,0.0,0.0,0.0,0.6351535394811004,0.0,0.0,0.6155157173527643,0.5856676137386619,0.0,0.0,0.6258466418427138,0.0,0.0,0.0,0.0,0.0,0.0,0.5955637523350346,0.0,0.0,0.566463686251609,0.0,0.0,0.0,0.0,0.0,0.0,0.0,0.0,0.6159892406106066,0.0,0.0,0.0,0.0,0.5989338902435085,0.0,0.5868697445450706,0.0,0.0,0.6083075802866461,0.559943292764673,0.0,0.0,0.0,0.5752937910043195,0.0,0.0,0.0,0.5940821138543972,0.619081305946722,0.0,0.0,0.570270485222302,0.6025836735973916,0.6105334505930797,0.6025092702629514,0.5663158213355188,0.0,0.6181801933895512,0.0,0.6143403218290259,0.0,0.0,0.0,0.5649089389410267,0.0,0.6017177184839209,0.0,0.5718014923056504,0.0,0.0,0.0,0.0,0.0,0.0,0.5874237463109431,0.0,0.0,0.5819690257495411,0.6213934501839684,0.0,0.0,0.0,0.0,0.6384420786345454,0.0,0.5851193427323462,0.0,0.0,0.0,0.6019650757913865,0.0,0.6258754631659423,0.0,0.5693535274768171,0.5882374293426523,0.0,0.0,0.0,0.631185104574338,0.0,0.5997439138562201,0.583531652875597,0.5921018007653756,0.0,0.0,0.5802608305145408,0.597032208411801,0.0,0.5716540701190027,0.0,0.6048212049376007,0.5856423347876403,0.5857470694091125,0.6138627891496632,0.0,0.0,0.0,0.0,0.6239253009159413,0.0,0.0
0.0,0.0,0.006395014722994789,0.020835761315794586,0.0,0.0002693317965349554,0.0,0.0,0.006720856560217049,0.0,0.0,0.0,0.0,0.0,0.02683219191421646,0.0,0.01868926862162409,0.0,0.02452682507864045,0.0,0.021886112178238434,0.0,0.0,0.0,0.0,0.01669637286865447,0.020998246973056137,0.0,0.015854100609066873,0.0,5.11641423167166e-5,0.0,0.0002782372841412437,0.00014798311902040645,0.0,0.0039625478904743525,0.0,0.00021340699494095652,0.0,0.0,0.0003994264654996623,0.0,0.008123043101907597,0.0,0.0,0.0,0.0,0.0,0.0,0.0008066219633424451,0.0,0.0,0.0,0.009499382518477891,0.0,0.0,0.02520786495127408,0.0036953939591616303,0.017473762069719557,0.025997290874989958,2.1546261474321605e-5,0.0,0.0,0.0,0.016376918165857908,0.0,0.0,0.0,0.015850241815497663,0.0,0.0,0.0,0.0,0.00011903609090272483,0.0,0.0,0.0,0.0,0.023277399461126315,0.0,0.0,0.0,0.0,0.022081606460176033,0.02269826958824654,0.0,0.00020190433774109633,0.0003846366056858588,0.0,0.0,0.0,0.00021322671394074022,0.0,0.0,0.0,0.0,0.0,0.0,0.0,0.0,0.010830256662094022,0.0,0.0,0.0,0.0,0.00016684007423325327,0.02481369010227902,0.0,0.0004737747924654877,0.0,0.020094347269644385,0.0,0.0,0.0,0.00290278854112119,0.012208164796847698,0.004822507111925068,0.0,0.02267723413932454,0.0,0.0,0.0,0.0,0.0,0.0,0.00014922063391834846,0.0,0.0,0.0,0.0,0.0,0.0,0.0,0.0,0.0,0.0,0.021629095453239634,0.0,0.009896859303597119,0.0,0.0,0.014680591016947657,0.0,0.0,0.013653139282826035,0.0,0.0,0.0074187211191271965,0.0,0.001853494208717812,0.0,0.0013458958214184866,0.0,0.00029082115499410514,0.0,0.0,0.0033779114443653036,0.0,0.0,0.0,0.0,0.0,0.017804022420058234,0.0,0.014822410057551848,0.02792374338527474,0.0,0.0002926657865536626,0.028796862183525125,0.02876501769142522,0.0,0.0,0.0,0.019238993275145208,0.0006414739662306045,0.0,0.005806579674808406,0.0,0.009861036453873935,0.0,0.0,0.00038964977338858234,0.0,0.0,0.029891536152938013,0.0,0.0,0.0,0.0,0.004440718807875628,0.011255500526800069,0.0038979523722993984,0.0,0.0,0.029070660763266146,0.0,0.00017731468458680627,0.0,0.0,0.03623396746212372,0.0,0.0,0.0,0.0,0.01639823596075053,0.0,0.0001287204317646613,0.005442029780387747,0.00036660078555605507,0.0,0.0,0.03141131088093883,0.0,0.0,4.628179378750608e-5,0.0,0.0,0.0,0.0,0.0,0.0,0.0,0.014970835285994343,0.0014757170061688763,0.0,0.0,4.5985731052299687e-7,0.025533940211110207,2.354544356233892e-5,0.017137513297264758,0.0,0.0,0.0,0.0,0.0,0.0,0.007107909620972951,0.011671626674107472,0.0,0.0,0.021572173021930475,0.0,0.008030782410069742,0.0,0.0,0.0,0.00026639366941564815,0.015573672436248243,0.0,0.0,0.0,0.0,0.022424542804202568,0.0,0.0,0.005491623443568641,0.02561023631400415,0.00011233987293021978,0.0,0.0002314153640534609,0.0,0.0,0.0,0.0,0.0,0.0,0.0,0.0,0.030858979027267485,0.02990376555388999,0.030183584043129836,0.0,0.0,0.0,5.904451628333915e-5,0.0,0.0,0.0,0.0,0.0,0.0,0.0,0.0,0.0,0.025535850450201358,0.0,0.0,0.0,0.0,0.0,0.0,0.0,0.0,0.0,0.00011713661906370001,0.0,0.0,6.705213768176943e-7,0.0,0.0,0.02398339249219381,0.0,0.00015291150999121952,0.010174619764652754,0.0055935965742486314,0.017195758810273756,0.0,0.0,0.0,0.01746432321217642,0.0,0.008967958304135996,0.0013371188522506962,0.0,0.0011810821485603764,0.0,0.0,0.01906884991561828,0.0,0.0,0.0,0.0,0.020050502928978683,0.0,0.0,0.0,0.0,0.0,0.025800077022217316,0.02275592584578519,0.0,0.000913230126623163,0.0,0.0,0.0,0.0,0.01853822065041501,0.0,0.0,0.0,0.0,0.0,0.0,0.0003110973933488691,0.0,0.0,0.01202387130590392,0.0,0.0,0.0,0.00629776042277611,0.0,0.0,0.0,0.007179464566736898,0.0,0.0,0.0,0.0,8.234439376605028e-5,0.0,0.0,0.0004430391119695783,0.007501866323530492,0.0002121990796845942,0.0,0.0,0.0,0.0069661401878633455,0.028770997786005236,0.0,0.0007008564281093585,0.0,0.003907362832019071,0.0,0.0,0.0,0.0,0.0,0.0,0.0,0.012220245327388328,0.0,0.009409786836052451,0.0,0.0,0.0,0.0,0.010826250006908884,0.0,0.0,0.0,0.000978478623706837,0.0,0.027850636300195044,0.031829038099294285,0.0,0.0,0.0,0.0007725667831097415,0.0,0.0,0.020609713974788807,0.0,0.0,0.0,0.0,0.0,0.0,0.0,0.0,0.023901671631948212,0.00029199050432663395,0.0,0.0,0.012021622004289783,0.011641016648481642,0.0,0.0,0.0,0.0,0.0,0.0,0.0,0.0,0.0,0.0,0.0003124286447491109,0.0,0.0,0.0,0.0,0.0,0.0,0.002691671430378167,0.0,0.0,0.0,0.02975863096592051,0.019406180757235093,0.0,0.0,0.0,0.0,0.0,0.0,0.0002416184450342631,0.0,0.0,0.0,0.0245860306789293,0.0,0.001983302747203959,0.0,0.0,0.0,0.02306442783723355,0.0,0.0,0.0,0.0,0.0,0.0,0.0,0.019752524231821573,0.0,0.0,0.0,0.02541965696431278,0.01929655729553172,0.0,0.00013274244751861102,0.0,0.0,0.0,0.0,0.0,7.891883122200783e-5,0.0,0.0,0.0,0.0,0.0,0.0,0.0,0.0,0.0,0.0,0.0,0.015768389285846,0.00035553970985441883,0.0009315464857550058,0.0038976629536566654,0.0,0.0,0.0,0.0,0.0,0.0,0.0,0.0,0.0,0.0,0.0,0.0,0.0,0.0,0.0,0.0,0.01882844258524045,0.0,0.008927387570777948,0.0,0.0,0.0,0.0,0.0,0.0,0.019728331307803725,0.016453963249034885,0.0,0.0,0.003418747239107683,0.025844058017296626,0.0,0.0,0.00029847914443244743,0.0,0.0,0.031553059772747444,0.0,0.0,0.0,0.0,0.012010708464977343,0.0,0.0,0.0,0.0,0.0,0.0,0.006096928007041073,0.0,0.00044375725563090785,0.026524679343732035,0.0,0.0,0.0,0.0,0.027661462180043513,0.0,0.0,0.014989220233238874,0.0,0.0,0.0,0.0,0.0,8.686097981942654e-5,0.0015692358641509775,0.0,0.0,0.03761156115905931,0.0,0.0,0.002037351704628087,0.0,0.024866141971087764,0.0,0.0,0.0,0.0,0.0,0.0002206904540005764,0.0,0.0,0.0,0.0,0.0,0.0,8.643057876289022e-5,0.012822995511522137,0.01966908533682057,0.006472850398963474,0.0,0.0,0.0,0.0,0.0,0.0,0.0,0.0,0.0046910879211819615,0.0,0.0,0.0,0.0,0.0,0.0,0.0,0.0043397263782759075,0.0,0.014867626326974531,0.0,0.0,0.0,0.009203207129678856,0.00020936869039765756,0.0001730705489455766,0.0,0.0,0.011093834235110527,0.0,0.0,0.0,0.0,0.0,0.0,0.0,0.0,0.0,0.03417290172433364,0.013979599534290852,0.020128879273493504,0.00039463192139278444,0.015986973853715673,0.0,0.0,0.0,0.0,0.0174677380446552,0.03052090050176927,0.0,0.013670379156124478,0.0,0.02002749982584563,0.0,0.0018038981072789361,0.0,0.0,0.0,0.0,0.0,0.0,0.0,0.0002958149387698832,0.0,0.0,0.0,0.00013280791310130933,0.00029251348027727807,0.00035409392657709726,0.0,0.0,0.0,0.007970757550782703,0.0,0.0,0.0,0.013049723669853224,0.0,0.0,0.0,0.0,0.0,0.0,0.0,0.006989898098574418,0.0003052489614878563,0.0033709745914614333,0.03859361585633365,0.009566413640599604,0.0,0.0,0.0386708840855442,0.00027565145536918655,0.004263032722795288,0.0044205179064916314,0.0027084865832241963,0.0,0.0,0.023395229631560446,0.04107208629626954,0.0,0.0,0.0,0.002532584160373445,0.0,0.0,0.009671636700638251,0.014367110567398202,0.0,0.0,0.0,0.0,0.0,0.0,0.0,0.028186849959844225,0.008930786667554109,0.0,0.0,0.0,0.0,0.0,0.0,0.028505410149342443,0.0006229427529486191,0.0,0.0,0.0,0.0,0.0,0.0,0.0,0.0,0.0,0.0,0.002589429121916675,0.0,0.0,0.0,0.0,0.004292183100098207,0.0,0.0,0.016220222271145,0.0,0.0,0.00173348228320861,0.00016022914056553438,0.0,0.0,0.0,0.036178027049785504,0.0,0.015962510869190705,0.0,0.0,0.0,0.0,0.023014939377861827,0.0,0.005079553344888275,0.0,0.03588508742858032,0.0,0.0,0.0069918657087365685,0.012293057630935704,0.0,0.00043274852990735096,0.0,0.00845215054063439,0.0,0.021089252510169826,0.0,0.0004406945452103719,0.0,0.0,0.013403921946370093,0.00043595400505422625,0.0003322748521482854,0.017626456610934396,0.0,0.0003590172206975442,0.0,0.0,0.0,0.0,0.02788402159775793,0.0,0.0,0.0,0.0,0.0023798542790733996,0.0,0.02818263907992582,0.0,0.0,0.03735965924815049,5.014780319865581e-5,0.0,0.0,0.021219252290561316,0.025791043569740515,0.00010809909120456655,0.0,0.0,0.0,0.013078669733084424,0.0,0.02733471517681082,0.0,0.0,0.0,0.0005417967827004534,0.0,0.009143987656204326,0.0054475620014969636,0.002895563552518127,0.0,0.024071637642895147,0.004440121189646708,0.0005338330069185589,0.0,0.0003759227072979307,0.0,0.0,0.0,0.0,0.0,0.0018842324117433686,0.0,0.02194192688034239,0.015998249833748285,0.00014914103310866353,0.010103815722005855,0.021052618574275376,0.03934932675275383,0.0,0.008703109087859418,0.0,0.0066633555349165045,0.0,0.0,0.0,0.0,0.0,0.0,0.0,0.0,0.0,0.0002382613023706291,0.00043621176144950223,0.0,0.0,0.015501357993637242,0.0,0.024116872727416923,0.0,0.0,0.0,0.0,0.0,0.0,0.0,0.012069914708975381,0.0,0.0,0.010365175170455848,0.0004309899867751481,0.011299218913357492,0.0,0.01989331705008281,0.0,0.0,0.0,0.0,0.000260341363566113,0.0,0.0,0.0,0.0,0.0,0.0,0.030608624649564247,0.0,0.00039046688482809416,0.0,0.026829893984267498,0.0,0.0,0.0,0.0,0.0,0.0,0.006257505592614119,0.025301499560823757,0.0,0.0,0.021624115083953236,0.0,0.0,0.018664173995005254,0.0,0.0,0.0,0.04147324415404787,0.0,0.0008543389858215702,0.0,0.0,0.0,0.027135652424686883,0.0,0.0,0.0002839746609779427,0.0,0.01796736233407572,0.0,0.0,0.02371712746408111,0.0,0.0,0.0,0.0,0.0,0.0,0.022420184207391943,0.0,0.0,0.0,0.004116536928926561,0.004232260381578441,0.0,0.0,0.0,0.00941165277445246,0.0,0.0,0.0,0.0,0.0,0.0035667853342852703,0.0,0.0,0.0,0.0,0.0,0.0,0.010933435521274357,0.0,0.0,0.00014676793899434263,0.03070511851545325,0.0,0.002764542831898532,0.0,0.01643764871181958,0.0009078950588565016,0.0008960702288320446,0.0,0.0,0.00023024168739945296,0.0004641754457453675,0.0,0.0,0.0,0.0,0.019865930756135297,0.00017626801565205717,0.0,0.0,0.0,0.0,0.0,0.01978225481237229,0.0,0.0,0.0,0.0,0.0,0.0,0.0,0.0,0.0,0.0,0.0,0.0,0.0,0.0,0.0,0.015565840905520538,0.0,0.0,0.011667056013033021,0.028149589351650784,0.010426358097069929,0.0,0.016354538449058084,0.017967650791244513,0.0,0.0,5.176129309502165e-5,0.004511566708165016,0.0025622285244197938,0.0,0.0,0.0,0.017971411202928424,0.012419080214474708,0.02725266271751283,0.001580818470438764,0.013540560227321035,0.012890966915221227,0.0,0.0,0.0,0.0
0.8023885752675156,0.0,0.7877266762344789,0.0,0.0,0.0,0.0,0.8058324591617743,0.8041337351999868,0.0,0.8399413156840319,0.0,0.0,0.0,0.0,0.0,0.0,0.0,0.8293711255375474,0.8420487678255113,0.0,0.0,0.0,0.0,0.0,0.8428622762998904,0.0,0.0,0.7898314672524555,0.0,0.8446705399096762,0.0,0.0,0.828947291277068,0.0,0.0,0.0,0.7939924857724568,0.0,0.0,0.8403858424647133,0.0,0.8327816975090035,0.0,0.0,0.0,0.0,0.0,0.836681443217302,0.8343952182526149,0.8297455208952786,0.8128774995615428,0.0,0.8382811530136904,0.8089713662712344,0.0,0.0,0.0,0.0,0.7962401116721707,0.8291625134423571,0.0,0.79695121020023,0.0,0.0,0.0,0.829099232831708,0.8535083558709291,0.0,0.0,0.0,0.0,0.0,0.0,0.0,0.0,0.0,0.0,0.0,0.0,0.0,0.0,0.0,0.8207311895801614,0.0,0.0,0.8477674398334861,0.0,0.0,0.0,0.0,0.0,0.0,0.0,0.0,0.0,0.0,0.0,0.0,0.0,0.8335246207346015,0.0,0.8251613823479782,0.0,0.0,0.8349521859989049,0.7768998569942399,0.0,0.8362859045170538,0.0,0.0,0.0,0.0,0.0,0.838219340152014,0.0,0.0,0.0,0.0,0.8274723968227253,0.0,0.0,0.0,0.8210717231586568,0.0,0.8603132380659059,0.0,0.0,0.0,0.820157787666859,0.7944797502864772,0.8315636905857035,0.7911823672328083,0.8227410584809537,0.0,0.0,0.0,0.0,0.0,0.0,0.0,0.0,0.8286816403302969,0.0,0.0,0.0,0.8553801770896259,0.7998482497092094,0.0,0.8252240333024147,0.8410786714911215,0.0,0.0,0.8046901849176342,0.0,0.8046513707782267,0.8159135337916288,0.0,0.0,0.8099244841457048,0.832663769363005,0.0,0.8041474423482093,0.8181951154650778,0.0,0.8270830346288274,0.0,0.8206740403177228,0.0,0.0,0.0,0.0,0.0,0.0,0.8075789620637784,0.8128366970718901,0.8309888606125749,0.0,0.0,0.0,0.0,0.0,0.7977308951170907,0.8395007408766876,0.7964294877640903,0.839604305410583,0.0,0.0,0.8352823928517477,0.0,0.7980932171897522,0.0,0.8182182915987886,0.8368560126934256,0.0,0.8390378453168085,0.0,0.0,0.0,0.0,0.8318337372006073,0.0,0.0,0.0,0.8178718557421595,0.0,0.0,0.0,0.8659982474557002,0.8321061626235299,0.0,0.8273005504921735,0.8489815040947929,0.0,0.8375890679468303,0.0,0.0,0.0,0.0,0.8571589824554596,0.0,0.0,0.8192050293088686,0.8275036177811436,0.0,0.0,0.0,0.0,0.0,0.0,0.0,0.8299658561482668,0.0,0.8273833052120907,0.0,0.8317538713828859,0.0,0.8464005516026258,0.0,0.8335862491320554,0.0,0.8062322451138878,0.800178408410905,0.0,0.0,0.0,0.8224164745753719,0.0,0.8162073746551197,0.0,0.0,0.8256691073545788,0.810252197238796,0.0,0.0,0.788127231206739,0.0,0.856179336860823,0.811237024129084,0.0,0.0,0.0,0.8144844223284549,0.0,0.0,0.0,0.0,0.0,0.0,0.0,0.0,0.0,0.0,0.8350123736671984,0.8412505258207593,0.0,0.8279793848872188,0.8159091173932679,0.7935876426408303,0.8161915364979743,0.0,0.0,0.0,0.820151489490156,0.8381675277019189,0.8382921000717588,0.0,0.0,0.0,0.0,0.0,0.8353443668688176,0.0,0.8208151416219689,0.0,0.0,0.8091715376205104,0.7839838846497716,0.0,0.8194119420381559,0.0,0.0,0.8453149950072643,0.0,0.8027736622912759,0.7899135569245963,0.0,0.8275370906198433,0.8385827048004005,0.818839668671634,0.0,0.0,0.0,0.0,0.0,0.8085991925709165,0.8245416606660543,0.0,0.8328782532574078,0.0,0.0,0.0,0.0,0.0,0.0,0.0,0.0,0.8139960748890048,0.0,0.0,0.8076996939161021,0.0,0.0,0.0,0.0,0.0,0.7913954360230742,0.8362339207928573,0.0,0.8168182932714888,0.8037680724182473,0.8108936067662408,0.0,0.8223981002860815,0.807182639593858,0.0,0.7888173453907749,0.7997489143412312,0.8258478075532779,0.8082308935654197,0.0,0.0,0.0,0.0,0.0,0.0,0.0,0.8113091959065494,0.0,0.0,0.0,0.8353096739982946,0.0,0.0,0.8080245810350782,0.0,0.8233883507240489,0.8143029590009327,0.0,0.0,0.834133556853485,0.8095314856573986,0.0,0.8122725179945414,0.7994755004639192,0.0,0.0,0.8409045998656992,0.83499856510051,0.0,0.0,0.8367886484379653,0.7919262937698731,0.0,0.0,0.0,0.0,0.8435950588802268,0.0,0.0,0.0,0.0,0.0,0.0,0.0,0.807254629193269,0.0,0.8224596256787882,0.7994478757788606,0.0,0.0,0.804220557342091,0.8256603425892697,0.8101996042955621,0.0,0.0,0.8184026018752679,0.8277517712671083,0.0,0.0,0.7927476959572036,0.8231579450801836,0.0,0.8316729912105049,0.8164825523153071,0.8530869900413448,0.0,0.85675208229607,0.0,0.8272863347174578,0.0,0.7985927955534414,0.0,0.0,0.8222539643021557,0.8085572328309798,0.0,0.0,0.0,0.8308337312123741,0.0,0.0,0.0,0.8143256278572273,0.7966801692075285,0.8387699190483969,0.0,0.0,0.0,0.8186616854554318,0.0,0.8272154379340876,0.0,0.0,0.8244534885092203,0.0,0.0,0.0,0.0,0.0,0.8139715058318662,0.8287588031323998,0.8015334488954238,0.0,0.0,0.0,0.0,0.0,0.8430709272202053,0.0,0.0,0.0,0.0,0.0,0.846333505831157,0.8036668329543801,0.7823087930640765,0.0,0.0,0.7952670165616963,0.0,0.0,0.0,0.0,0.0,0.8073533463509445,0.0,0.0,0.0,0.8191191378239647,0.0,0.0,0.0,0.0,0.0,0.0,0.0,0.8027273438373294,0.0,0.0,0.0,0.8361769959172921,0.8143502761669622,0.0,0.0,0.0,0.0,0.0,0.8232539019648654,0.0,0.8347342075417244,0.8064174493597404,0.8315131168172484,0.0,0.0,0.8387508840433824,0.0,0.7943843600425663,0.8321201188326104,0.0,0.808366017855873,0.0,0.0,0.7915981045974088,0.0,0.0,0.0,0.8302304992822177,0.0,0.8147607126952245,0.0,0.7986381175087908,0.8207252136251717,0.8218226812856446,0.0,0.0,0.8290068789598284,0.0,0.0,0.0,0.0,0.8514661410511265,0.0,0.833434438653162,0.0,0.0,0.0,0.0,0.0,0.8022585905088768,0.8170341373575503,0.7896132893424386,0.0,0.8275486857568546,0.0,0.0,0.0,0.813105992677493,0.0,0.0,0.0,0.0,0.8051676446282722,0.0,0.8293582017361114,0.0,0.8444528461420521,0.7973398840203942,0.8385313733468392,0.0,0.848794542865472,0.8275340890271221,0.0,0.8464096485516558,0.8268245629928148,0.0,0.8169160470583756,0.7810088436132303,0.8390704869419366,0.0,0.0,0.8083166344084258,0.0,0.8552661305692902,0.0,0.7989728623607505,0.0,0.8067943466356167,0.8103207387226269,0.0,0.8427162244957173,0.8630902344325263,0.8202931659759729,0.8008482400696316,0.0,0.0,0.8314220323632379,0.0,0.0,0.0,0.0,0.0,0.8097190598296665,0.7895368765561424,0.8300867490339147,0.0,0.7964667572505874,0.0,0.8167752554630348,0.0,0.0,0.0,0.0,0.0,0.8275574076303062,0.0,0.0,0.8408741916576219,0.8353728433915016,0.0,0.0,0.8028373695294083,0.0,0.8249568180278876,0.8469929320700762,0.0,0.0,0.8127131643035792,0.0,0.8351425124042988,0.0,0.8137826536125763,0.0,0.0,0.802161291102237,0.0,0.8177599244535853,0.0,0.0,0.0,0.0,0.8172968359647023,0.0,0.8360901241290064,0.0,0.8151019883671441,0.0,0.8300795721636854,0.0,0.8109384199191705,0.0,0.8366638024011782,0.0,0.0,0.0,0.8506655481131318,0.8310696080375042,0.8202537283806218,0.8428429649228816,0.0,0.8418608330287988,0.0,0.0,0.8490761509808882,0.0,0.0,0.8183535275257757,0.0,0.0,0.0,0.0,0.0,0.0,0.0,0.831509212058875,0.0,0.0,0.8240791967296719,0.0,0.7980967469083372,0.0,0.8143202486680804,0.7941948746170504,0.8157705821129255,0.0,0.8320331469614537,0.0,0.8237361531906741,0.0,0.0,0.0,0.0,0.0,0.0,0.0,0.0,0.0,0.8082490561929336,0.835175913031773,0.0,0.0,0.0,0.0,0.0,0.835171863901517,0.0,0.8240525395736576,0.0,0.0,0.819146417185309,0.0,0.0,0.0,0.0,0.0,0.0,0.7904537315784367,0.8244755260177187,0.8181949921537789,0.0,0.0,0.8214279407103489,0.0,0.810452354028249,0.8196707961589594,0.0,0.0,0.0,0.0,0.0,0.8240608146827083,0.0,0.8492238962470761,0.0,0.0,0.0,0.0,0.8015109842494852,0.8137006134369281,0.8160927147996999,0.0,0.8121296837569069,0.0,0.0,0.8016217255367134,0.8569471545796408,0.0,0.0,0.829870236020653,0.848245577859324,0.0,0.0,0.0,0.8304055602185675,0.0,0.0,0.7888635631622303,0.0,0.8026037913577836,0.8198040305038259,0.0,0.8559556868331452,0.8018665655225606,0.8177998849562673,0.0,0.8207460169978666,0.0,0.0,0.7895295721117465,0.8075865963831628,0.8140598238454861,0.8367060940306446,0.8439918183494357,0.7986363354214403,0.0,0.0,0.0,0.0,0.0,0.0,0.8099041575402446,0.0,0.0,0.0,0.8357446851849494,0.0,0.0,0.0,0.8129827235512096,0.8256462056667856,0.0,0.8296576131954432,0.8300240110183191,0.0,0.8006021080710012,0.0,0.837452786218074,0.0,0.8046979929081026,0.0,0.0,0.8271156136658032,0.0,0.0,0.7877405027796189,0.8049416049063394,0.0,0.0,0.8298426189700814,0.0,0.799929648959688,0.8385008801300129,0.8062088486274183,0.8028130312902465,0.0,0.0,0.8200174508479694,0.8467086070912253,0.0,0.0,0.0,0.0,0.0,0.0,0.8152559888930746,0.8138200129300172,0.0,0.0,0.8066147365184322,0.0,0.0,0.0,0.0,0.7793033419386036,0.0,0.0,0.0,0.8180765065061437,0.0,0.0,0.7977768019475558,0.8398223541019956,0.0,0.0,0.7946281018398003,0.0,0.0,0.8111690569267594,0.0,0.0,0.8164540557938558,0.0,0.0,0.8356373598356811,0.0,0.0,0.0,0.0,0.843096001104749,0.0,0.0,0.8198431088229183,0.0,0.0,0.8291792937849288,0.0,0.0,0.8244891000281596,0.0,0.0,0.8040516860310791,0.0,0.83189900219526,0.0,0.0,0.0,0.8194851449672781,0.0,0.8471051887534651,0.0,0.0,0.8396742751780004,0.0,0.0,0.8254512016899154,0.8293785673147234,0.0,0.0,0.0,0.0,0.0,0.0,0.8209416585455469,0.0,0.0,0.8019452932053642,0.0,0.0,0.0,0.0,0.7979470761422912,0.0,0.8060412230478933,0.0,0.0,0.0,0.0,0.0,0.809403610140046,0.0,0.8204241471684325,0.8220420193005377,0.0,0.0,0.0,0.0,0.0,0.0,0.0,0.0,0.0,0.0,0.0,0.8127654783470944,0.8064252582706423,0.8317087803646371,0.8357301420486015,0.0,0.0,0.0,0.0,0.0,0.0,0.0,0.8111599628829218,0.0,0.8324601776078456,0.8120398545710401,0.0,0.0,0.0,0.0,0.8177858300642138,0.8378456335880446,0.8379916059989081,0.7956040046849537,0.0,0.0,0.8284776982661897,0.8010832642273431,0.0,0.8166842613877623,0.0,0.8067917032848101,0.8338205009119875,0.0,0.8281934993718201,0.0,0.8373040080343267,0.8097105479266264,0.0,0.0,0.0,0.8052762252691762,0.8318081806155952,0.0,0.8238408536748502,0.8306587055901411,0.0,0.8270616242802563,0.8299736376869963,0.8113015747532929,0.8003854698403446,0.0,0.0,0.0,0.0,0.0,0.0,0.8239125781032091,0.0,0.8192196818383036,0.8217251535239313,0.8399652900307569,0.0,0.0,0.0,0.8344371387094313,0.0,0.8074375928773206,0.8373194336096826,0.8213365766283854,0.0,0.8422092406389904,0.0,0.8068162343309321,0.0,0.0,0.0,0.0,0.0,0.786354790556578,0.0,0.8247344453460149,0.0,0.0,0.0,0.0,0.0,0.0
0.0,0.7428168746739152,0.701684751820484,0.7002870160673323,0.0,0.0,0.0,0.6936363892546016,0.0,0.727218782727635,0.7220801545248429,0.0,0.7263199297104588,0.7024390533848182,0.0,0.0,0.0,0.7257069493494422,0.0,0.0,0.7217148715099336,0.0,0.0,0.0,0.0,0.0,0.0,0.0,0.0,0.7347440152642839,0.6933710721568734,0.0,0.0,0.7348985821444525,0.6867318969789834,0.69998436303634,0.0,0.7231368016782485,0.0,0.0,0.7354142112193439,0.0,0.7191105421467582,0.0,0.0,0.7166572156848892,0.0,0.0,0.7446789016957738,0.7064290523837453,0.0,0.0,0.0,0.0,0.6933777235604833,0.0,0.7248846446830609,0.0,0.7089612896363793,0.0,0.7317120518020871,0.7205829988287794,0.711500620398853,0.0,0.0,0.0,0.6867998047295929,0.0,0.0,0.7459999487347359,0.0,0.7211635324895418,0.0,0.0,0.0,0.0,0.691519342403581,0.7399039532042456,0.0,0.0,0.0,0.7798409082653607,0.0,0.0,0.0,0.0,0.0,0.6965953895261228,0.0,0.0,0.0,0.0,0.7611131960067218,0.0,0.7112332983869365,0.7264102695700845,0.0,0.7446640642155535,0.0,0.0,0.6953171295728169,0.0,0.0,0.7252269078895183,0.0,0.0,0.0,0.0,0.0,0.0,0.0,0.0,0.0,0.0,0.7396870300403111,0.0,0.7121635136296023,0.0,0.0,0.0,0.7331232864032649,0.0,0.7207795853887298,0.0,0.0,0.740194379778554,0.0,0.7364566539217892,0.0,0.7521037013971963,0.0,0.7007606599993652,0.6925460867352595,0.0,0.0,0.0,0.0,0.0,0.7307092519136075,0.0,0.0,0.7008795053932042,0.0,0.0,0.0,0.7330273014874318,0.0,0.0,0.0,0.0,0.0,0.7070250520433087,0.7319195408560554,0.0,0.0,0.0,0.6953099092989031,0.0,0.0,0.7075402658410154,0.7115849624450734,0.0,0.0,0.7033783944693215,0.0,0.6799046692022651,0.0,0.0,0.7023268369714376,0.7196647187424418,0.0,0.0,0.0,0.0,0.7113995544121151,0.0,0.0,0.0,0.7342729132886973,0.7243047800368734,0.7368965343561567,0.7499725185744845,0.0,0.7523609349060135,0.0,0.0,0.7196359043956343,0.0,0.7411597378815152,0.0,0.7219483965401357,0.0,0.0,0.0,0.0,0.0,0.0,0.7007780107981832,0.0,0.7100424945871674,0.0,0.0,0.7131081902369589,0.0,0.0,0.0,0.0,0.0,0.7137684391247056,0.7141475440386723,0.0,0.6858071605819356,0.7318354418815224,0.0,0.0,0.7486200508493361,0.0,0.0,0.7078122636977299,0.0,0.0,0.0,0.0,0.0,0.0,0.0,0.7658099331066034,0.0,0.7419132704708484,0.0,0.7431310584055524,0.0,0.0,0.0,0.0,0.0,0.0,0.0,0.7152501787570702,0.0,0.7334783024438951,0.6821943335739595,0.7265326183214789,0.0,0.0,0.0,0.0,0.0,0.0,0.0,0.0,0.0,0.7225081225991913,0.7141274223316082,0.0,0.0,0.0,0.6979233353347036,0.7230205843832946,0.7297831289199461,0.687880790196122,0.0,0.0,0.0,0.0,0.0,0.0,0.0,0.0,0.0,0.7132013253237678,0.0,0.7351163808526674,0.0,0.7703494488433889,0.0,0.0,0.7460380381050439,0.6905620389400396,0.0,0.0,0.0,0.0,0.0,0.7228513292508901,0.7178439280602511,0.7238293326498588,0.0,0.7206746023452544,0.0,0.0,0.7052012904683288,0.0,0.0,0.0,0.7507313795760763,0.0,0.7273591358802809,0.0,0.0,0.0,0.0,0.0,0.0,0.0,0.0,0.0,0.7338774088691686,0.7085660300124988,0.7281718700194565,0.0,0.0,0.0,0.0,0.0,0.0,0.0,0.7322232143203725,0.7295394284058065,0.0,0.0,0.7216041236412172,0.0,0.0,0.0,0.0,0.0,0.7243992034271665,0.6999183925973272,0.7480823787207572,0.736100177623975,0.7503194803883819,0.0,0.0,0.7276750622756201,0.0,0.7210882308725123,0.0,0.0,0.0,0.0,0.72732664929071,0.0,0.0,0.7368697049542771,0.0,0.0,0.0,0.7046635286001957,0.6831792201083084,0.0,0.0,0.0,0.7392965248175555,0.0,0.0,0.0,0.7302186134470849,0.7035137784499559,0.0,0.0,0.7151124780301957,0.7342259276286657,0.7017500241812438,0.0,0.0,0.0,0.0,0.7251824799120853,0.0,0.7114767880094756,0.7306649714871701,0.0,0.0,0.0,0.0,0.0,0.74698826704547,0.0,0.0,0.7322957942486527,0.0,0.7219502593273629,0.7262299327827711,0.0,0.0,0.0,0.0,0.0,0.0,0.0,0.6929828615183146,0.0,0.0,0.0,0.0,0.0,0.0,0.7332583402840255,0.7360432390506882,0.6877036335204392,0.7043614149161898,0.0,0.0,0.7134016010752389,0.7614434267691024,0.0,0.0,0.0,0.7538813267761716,0.7238130257098667,0.0,0.723333685935916,0.0,0.0,0.7505992108357249,0.0,0.0,0.0,0.0,0.0,0.0,0.0,0.0,0.0,0.0,0.0,0.0,0.0,0.0,0.0,0.7370066604993466,0.7141978134675244,0.7354239635682848,0.7057617123219767,0.7392255505816746,0.0,0.705660386029929,0.0,0.7219378088840139,0.0,0.0,0.0,0.6914465286319222,0.0,0.0,0.0,0.0,0.0,0.7245572715031441,0.0,0.0,0.0,0.7247520215997271,0.0,0.6986839845788648,0.7004662775315474,0.0,0.0,0.0,0.6860658187531434,0.0,0.0,0.0,0.6788330811260221,0.7124428238341504,0.0,0.734847899126434,0.7396234654861367,0.0,0.7253456939904708,0.7476486777457907,0.0,0.0,0.0,0.0,0.0,0.7635431718102942,0.703270341403231,0.7130792331556287,0.0,0.0,0.0,0.0,0.0,0.0,0.0,0.7555414006648111,0.6975462356870609,0.7017154490567168,0.7123338406005971,0.0,0.0,0.0,0.0,0.0,0.7217185292616776,0.0,0.7469359384419146,0.7321726447298128,0.0,0.72722191943248,0.0,0.7314372988275665,0.0,0.0,0.6961757457668263,0.7236579012267911,0.0,0.7456827103574596,0.0,0.7419670477274217,0.0,0.6977421160178331,0.0,0.0,0.0,0.0,0.0,0.0,0.0,0.738173442819164,0.7122599684605208,0.0,0.710601350617291,0.0,0.0,0.0,0.0,0.7057857396481146,0.7305791109530865,0.7314629564309302,0.0,0.0,0.6895931068905111,0.0,0.0,0.0,0.0,0.0,0.0,0.0,0.0,0.7425086872275485,0.716410295679416,0.0,0.0,0.0,0.0,0.7087103992809705,0.7125392871917668,0.0,0.0,0.0,0.0,0.0,0.6944311408362976,0.0,0.0,0.0,0.0,0.7390153492115904,0.0,0.0,0.7025826263960426,0.0,0.0,0.7310179412417038,0.6944861843121803,0.0,0.0,0.0,0.7062697895395544,0.7339584780926907,0.0,0.0,0.0,0.7349309441514555,0.7237466826404434,0.0,0.0,0.6995652080627731,0.0,0.7034610457430478,0.0,0.697815721063106,0.7287157691548121,0.7257695334135137,0.0,0.718902224144949,0.0,0.0,0.7222559761833156,0.0,0.0,0.6908067562093918,0.0,0.0,0.0,0.734645913893096,0.7147669739110969,0.6992701957695069,0.0,0.6875779390331839,0.0,0.0,0.0,0.7251253727341969,0.0,0.0,0.0,0.0,0.0,0.7436619460506374,0.0,0.6768597648637719,0.0,0.7101304690701904,0.7106529567045843,0.0,0.0,0.0,0.0,0.7219777283865655,0.7113778218982075,0.6855564132931977,0.0,0.0,0.7102260749750459,0.0,0.7037826752362248,0.0,0.0,0.0,0.0,0.6935512557131412,0.7019497428129862,0.0,0.0,0.0,0.0,0.0,0.0,0.7052443714518863,0.0,0.0,0.0,0.0,0.7191801849988925,0.0,0.7254910310931815,0.0,0.7081748081435782,0.0,0.7144910813935401,0.7361499836340617,0.7323551012092514,0.0,0.0,0.0,0.0,0.0,0.0,0.0,0.0,0.7288434950603909,0.0,0.0,0.0,0.7375259215695555,0.0,0.0,0.7108357355025342,0.6762282432784997,0.0,0.0,0.706397715715198,0.0,0.0,0.0,0.0,0.0,0.0,0.0,0.0,0.7339960250794937,0.7051393822514442,0.7514733859801646,0.0,0.0,0.0,0.0,0.0,0.7242380898042153,0.0,0.7496191431045242,0.0,0.0,0.0,0.0,0.0,0.0,0.0,0.7171789519157131,0.698304654713721,0.0,0.0,0.7442071326082693,0.0,0.0,0.0,0.0,0.7233478980405744,0.7099371997277442,0.0,0.7722948922429133,0.0,0.0,0.7435064466532526,0.0,0.7029756718771252,0.0,0.0,0.0,0.7097170153949528,0.0,0.7399491292676518,0.7332557303575098,0.0,0.7177072220531854,0.7215603361536762,0.7098053543807824,0.0,0.7249553795735114,0.6904300919767545,0.7133004608092604,0.0,0.0,0.0,0.0,0.0,0.0,0.7143985740178281,0.0,0.0,0.7041450436378007,0.0,0.7056241739119077,0.7383423100053316,0.0,0.73137628558901,0.6921783996616814,0.0,0.725403292856484,0.6891088597613371,0.6788215998734707,0.7451040475178696,0.729454772723498,0.7231195595102993,0.7470037220444609,0.7164223095335455,0.7120911395793245,0.7462504094185034,0.7689755863524251,0.0,0.7183797572473173,0.0,0.7262722637364334,0.0,0.0,0.0,0.7136471102399694,0.0,0.0,0.7108274350570677,0.0,0.0,0.0,0.6968444102428533,0.7164319923626797,0.0,0.7433391782247737,0.0,0.0,0.7222336530677209,0.0,0.0,0.0,0.0,0.0,0.0,0.7352254531113706,0.0,0.0,0.0,0.0,0.6887974563394397,0.0,0.7359439629972726,0.0,0.7133915246952548,0.0,0.7345125304689357,0.7108929294714594,0.0,0.74759641719322,0.0,0.0,0.0,0.0,0.0,0.0,0.7437904990065298,0.7232563846177942,0.0,0.0,0.7297870697556926,0.7416808992722657,0.73146706517677,0.0,0.0,0.0,0.0,0.7192062533328522,0.0,0.0,0.0,0.7292371655568366,0.0,0.0,0.7537104865539394,0.0,0.0,0.7314253427351045,0.7279730808469264,0.0,0.7330766122289369,0.0,0.7552451287907963,0.708743587480423,0.7258552008304886,0.0,0.0,0.0,0.0,0.0,0.0,0.0,0.7315613219941857,0.6989690463823826,0.0,0.0,0.714582482678934,0.0,0.7208891923045675,0.0,0.7203425622219146,0.7296653864315404,0.0,0.7227595756492586,0.7114636935269689,0.0,0.0,0.0,0.0,0.0,0.0,0.0,0.7531229981924004,0.7262775381739214,0.0,0.7294494238862851,0.0,0.0,0.7180876336900268,0.0,0.0,0.0,0.0,0.0,0.0,0.0,0.7071585066692662,0.7127757234149132,0.7230971242990487,0.0,0.0,0.0,0.7085660198896433,0.0,0.7359331472581451,0.0,0.7160778120964035,0.0,0.0,0.7441350335558525,0.0,0.7365234536975943,0.732402656856864,0.0,0.0,0.7202871483136073,0.0,0.0,0.7223526582663977,0.0,0.0,0.0,0.0,0.7085790210149868,0.0,0.7468447405921113,0.7164485845808002,0.7096128981405797,0.7348340497064881,0.6893002054019647,0.0,0.0,0.0,0.0,0.6987216724647087,0.7518984946233966,0.7063590462603427,0.0,0.6804586120495393,0.0,0.0,0.744488665523686,0.70408459585936,0.0,0.7186315870445453,0.7132460498240493,0.0,0.7078570236231977,0.7528296391053032,0.0,0.0,0.0,0.0,0.7182412259267585,0.7396000361871753,0.7332228173649362,0.7330622083366489,0.7084562125054652,0.0,0.0,0.0,0.0,0.0,0.0,0.0,0.7627479200769756,0.0,0.0,0.0,0.7106577634908547,0.700121292988133,0.0,0.0,0.7327055979801964,0.0,0.7377510108381935,0.0,0.0,0.0,0.0,0.707992453820185,0.0,0.0,0.0,0.0,0.7460754243787939,0.7096663151129694,0.7077381547359314,0.0,0.0,0.0,0.6816746789685169,0.0,0.7082712321564094,0.7102718467442826,0.7139199446507407,0.0,0.7216980481106718,0.71581266073935,0.0,0.0,0.0,0.6928495562367556,0.7096126452741467,0.0,0.0,0.0,0.0,0.0,0.7011744084380159,0.7422340049829473,0.0,0.7648913308091813,0.0
0.9229845070867013,0.9171385831212371,0.9257093624971284,0.0,0.0,0.0,0.0,0.0,0.9364782089237844,0.0,0.9288229793885443,0.0,0.8985544278780742,0.0,0.0,0.0,0.0,0.9531834244994271,0.0,0.0,0.9363676268657802,0.9311716173691301,0.9380908651593312,0.0,0.9117869720807494,0.0,0.0,0.0,0.9324520533773598,0.0,0.0,0.92900050730778,0.0,0.9292123450047662,0.0,0.0,0.0,0.0,0.0,0.0,0.0,0.9250242172701155,0.0,0.0,0.0,0.0,0.9232924870144377,0.0,0.9468696673626313,0.0,0.9171505813211864,0.0,0.0,0.0,0.0,0.0,0.0,0.9010168810612711,0.9333723537172035,0.0,0.0,0.0,0.0,0.9154803190107789,0.0,0.0,0.9147406629050047,0.0,0.9409795073418626,0.9227689672259146,0.0,0.0,0.0,0.9008694921762883,0.0,0.0,0.9427290011936464,0.8909383510109758,0.0,0.9029166239012928,0.0,0.89329157169442,0.9444361011860333,0.0,0.0,0.0,0.9198712035903934,0.9175257013604068,0.0,0.9281167691568212,0.9237682192928448,0.9352429803188638,0.9576692404163667,0.9034591646123294,0.0,0.0,0.0,0.9333899820703783,0.0,0.0,0.0,0.0,0.9477604247262963,0.0,0.0,0.9436365808196912,0.0,0.0,0.0,0.0,0.9045429959931255,0.0,0.9271894384551472,0.0,0.0,0.0,0.9364836265481331,0.0,0.0,0.9185181697902897,0.0,0.0,0.9493078306626338,0.9233285910764802,0.0,0.0,0.0,0.0,0.0,0.0,0.0,0.9128134306165457,0.0,0.0,0.9135516680350858,0.0,0.0,0.0,0.9124029855710278,0.0,0.9364953941254357,0.0,0.0,0.0,0.0,0.9099664191959644,0.0,0.0,0.9203446385351663,0.9158665098642212,0.9253805022859987,0.9394504823555799,0.9084234636654375,0.9084052582222315,0.892272945669248,0.0,0.0,0.0,0.0,0.9236207929218484,0.0,0.9242826276602164,0.9097248869309251,0.0,0.0,0.0,0.0,0.9502750659220304,0.0,0.923652393539975,0.0,0.0,0.0,0.0,0.0,0.8886541663399292,0.0,0.9334770341276395,0.9096144627273122,0.0,0.0,0.9268295778118252,0.0,0.0,0.0,0.0,0.0,0.8982040551292254,0.9163601936305601,0.9359026625271694,0.0,0.0,0.0,0.0,0.0,0.9265367371202133,0.9140200288645274,0.0,0.0,0.0,0.9065898561027148,0.9006877019795918,0.0,0.0,0.0,0.9344597785435346,0.8861241770992889,0.9261163278696787,0.0,0.0,0.0,0.0,0.9084304699645303,0.9174180576861323,0.0,0.0,0.0,0.0,0.0,0.0,0.0,0.9338649406416937,0.0,0.9386066511987747,0.0,0.903407571847809,0.9475284366207349,0.8968247880413882,0.9287146241900485,0.0,0.0,0.9191897670514788,0.0,0.9248606745236041,0.0,0.9245700610062166,0.9173122278832387,0.930522670955216,0.9282923553566578,0.0,0.9261287291363612,0.0,0.8980648055246039,0.0,0.0,0.0,0.0,0.0,0.0,0.0,0.0,0.0,0.0,0.9093212572924896,0.0,0.9449874241709214,0.0,0.8942317730839807,0.0,0.0,0.0,0.0,0.0,0.0,0.0,0.0,0.0,0.9372846042420372,0.9022169965938803,0.0,0.0,0.0,0.0,0.0,0.9360308533823757,0.0,0.0,0.9240949368576644,0.9142226396485049,0.0,0.0,0.9055651326726936,0.9119874458259967,0.0,0.0,0.0,0.0,0.9278158650360714,0.0,0.955914332110803,0.9229192542569032,0.0,0.0,0.9247846819355064,0.9749656058482599,0.0,0.937334643951167,0.9491326199217386,0.0,0.0,0.0,0.940203348970443,0.9584078026587355,0.0,0.9135953673000436,0.8907995016079688,0.0,0.0,0.936745730671974,0.0,0.0,0.0,0.0,0.0,0.0,0.0,0.0,0.912021976695888,0.0,0.0,0.9238156514860755,0.0,0.0,0.0,0.0,0.0,0.0,0.9175243956182279,0.0,0.9095563579197516,0.9228923793065444,0.0,0.9055857306780811,0.9284731604137616,0.0,0.0,0.9142517561781893,0.0,0.0,0.9303232515615946,0.9169785539193913,0.0,0.0,0.951486214455046,0.9527825489545237,0.0,0.0,0.0,0.0,0.0,0.9641862093065082,0.0,0.0,0.9081116711466014,0.0,0.0,0.0,0.0,0.0,0.9264788730766849,0.0,0.0,0.8984498070533022,0.8950998696218656,0.9484471711841177,0.0,0.960734604431983,0.0,0.967462128159901,0.9317255857983736,0.9169124472760005,0.0,0.0,0.0,0.0,0.0,0.0,0.9144320881335809,0.0,0.9240962783804835,0.0,0.9247782340367109,0.9111260914549978,0.0,0.9408955983896825,0.0,0.9076728849880181,0.0,0.0,0.9329218065064048,0.9255720083687804,0.0,0.9358223851655301,0.0,0.0,0.0,0.0,0.9096420249143308,0.9619322588026762,0.9236330399069739,0.0,0.0,0.9226487869115766,0.9090872285085461,0.0,0.9134955626076586,0.0,0.0,0.0,0.9361243028250091,0.9203585457793935,0.0,0.9406788611349219,0.0,0.9271812196241966,0.0,0.9253256549075743,0.9381891650371823,0.0,0.0,0.9219289014344609,0.0,0.0,0.9515655193334349,0.0,0.0,0.0,0.9161593285604342,0.0,0.0,0.896262919186794,0.9309950345257346,0.9290322113393071,0.9567394151956206,0.0,0.0,0.9289265566219372,0.9038320366530754,0.9327444839075942,0.0,0.0,0.0,0.0,0.0,0.0,0.0,0.0,0.0,0.9367032559114579,0.9447550507615472,0.0,0.947166800159134,0.9314703095839764,0.0,0.9250197874624282,0.0,0.0,0.0,0.0,0.9269155498348892,0.0,0.9176681987912866,0.0,0.0,0.0,0.0,0.8887104598902241,0.9421596947487855,0.0,0.0,0.9026195425775122,0.9299695351008684,0.0,0.0,0.0,0.0,0.9132477612038178,0.0,0.0,0.0,0.9705919521665823,0.0,0.0,0.0,0.0,0.0,0.0,0.0,0.0,0.0,0.0,0.9389893065634222,0.9200092063942904,0.0,0.9169959898779652,0.0,0.0,0.0,0.905492553946801,0.0,0.9390290906957073,0.0,0.0,0.0,0.9396892506888208,0.9351202239350288,0.0,0.9065833788322005,0.0,0.9292958629548494,0.9067934490641683,0.0,0.0,0.939987641559388,0.0,0.9458549355867879,0.9178017616261246,0.9206808580812166,0.0,0.8996972626115307,0.0,0.9080553223857407,0.9185425520095969,0.9584540090368305,0.9364243424813136,0.0,0.0,0.0,0.0,0.9335058247669922,0.0,0.0,0.0,0.0,0.0,0.0,0.0,0.0,0.9078730476079286,0.9206083288433379,0.0,0.0,0.0,0.9122877372019511,0.9447862500434064,0.0,0.0,0.0,0.9285008982530292,0.0,0.9738625693326438,0.0,0.8915215833698765,0.0,0.0,0.0,0.0,0.9004399106064684,0.0,0.9466186819556036,0.9109876738049133,0.0,0.0,0.0,0.0,0.9265374490078953,0.9213950893412346,0.9376408534432901,0.9067062093724167,0.0,0.0,0.8936012042451895,0.0,0.0,0.0,0.9162350184188915,0.0,0.9125294660646764,0.0,0.0,0.0,0.0,0.0,0.0,0.9146346662385085,0.0,0.9362415796821616,0.0,0.0,0.9300246317799621,0.0,0.0,0.9302391159590574,0.0,0.0,0.0,0.9354469668208809,0.9219580741606569,0.0,0.0,0.0,0.0,0.8959327019504387,0.0,0.9374346976212732,0.0,0.0,0.9235582602131612,0.0,0.0,0.0,0.9040144004439966,0.0,0.0,0.0,0.0,0.0,0.0,0.0,0.0,0.0,0.0,0.9295979802045949,0.9012981367817361,0.9448490107648169,0.0,0.9477951450508271,0.0,0.0,0.0,0.9082787424446337,0.0,0.922601016141308,0.0,0.0,0.0,0.9260130796427232,0.9315010389927711,0.0,0.0,0.0,0.0,0.0,0.0,0.0,0.9255669654747867,0.0,0.9309090299726864,0.0,0.0,0.9589201358285907,0.9378144734119135,0.0,0.9240829135715873,0.0,0.904373088513064,0.0,0.9231706079130019,0.0,0.0,0.0,0.0,0.0,0.0,0.0,0.0,0.0,0.880663296874105,0.9563478559759344,0.0,0.9065859938828809,0.0,0.0,0.0,0.0,0.9310314146019653,0.0,0.922628117685065,0.9193696666693224,0.9263899618508544,0.0,0.0,0.0,0.956669170554038,0.0,0.9260983676841986,0.0,0.9214526637346324,0.0,0.0,0.0,0.0,0.0,0.0,0.0,0.9253236083913238,0.947718056428671,0.0,0.0,0.938835212070964,0.0,0.0,0.9087245746594549,0.9524209034523111,0.0,0.0,0.0,0.9423626690922656,0.8966069088161186,0.0,0.9607626523909804,0.0,0.0,0.9037079213569593,0.0,0.9415041128676824,0.0,0.0,0.0,0.9330871143867648,0.9310394881827038,0.9321703653330466,0.9304366189708708,0.0,0.0,0.9511883123295034,0.9413521106739966,0.9203510749848469,0.0,0.8897226194004149,0.0,0.9104722382771565,0.0,0.0,0.0,0.0,0.0,0.0,0.0,0.0,0.9372484068189194,0.0,0.9328628532901463,0.0,0.0,0.0,0.0,0.0,0.0,0.9223576617296885,0.928005188397655,0.0,0.9361143262868992,0.0,0.0,0.0,0.0,0.0,0.0,0.0,0.0,0.0,0.0,0.9552438760350455,0.0,0.0,0.0,0.9058867504618541,0.0,0.0,0.0,0.9413311573922277,0.0,0.9154824096846962,0.0,0.0,0.0,0.0,0.9033288747415917,0.0,0.0,0.9352377873325715,0.9354518961069095,0.0,0.0,0.0,0.9005401950323155,0.0,0.0,0.0,0.9372709114182516,0.9192633956188059,0.0,0.0,0.0,0.9332041258279861,0.0,0.9261071227285959,0.9044349324422513,0.9394506650145713,0.931723617935711,0.0,0.0,0.923978043088024,0.0,0.9417575681088451,0.8982320631980281,0.0,0.0,0.0,0.0,0.0,0.0,0.9213726034342087,0.0,0.0,0.9587543830538924,0.8908705334106091,0.0,0.0,0.0,0.0,0.9495816977447454,0.0,0.0,0.0,0.0,0.920695286246022,0.0,0.0,0.8902123851253386,0.0,0.0,0.9170604774753317,0.9322680265756133,0.9385887644460201,0.0,0.0,0.958279117308657,0.0,0.959358436148218,0.0,0.0,0.0,0.0,0.913076793953593,0.0,0.0,0.933681555271713,0.0,0.9324806051426565,0.9262610274496061,0.0,0.0,0.0,0.0,0.0,0.0,0.0,0.9278156213361942,0.0,0.0,0.0,0.0,0.0,0.9361556376955131,0.0,0.9397652596239704,0.0,0.0,0.926840108340905,0.9676877202594167,0.0,0.0,0.0,0.0,0.9459087981636856,0.0,0.9142417289146146,0.9324038329260589,0.0,0.0,0.0,0.0,0.8813490924422348,0.0,0.9404265680561694,0.0,0.0,0.0,0.9183386307626663,0.0,0.0,0.9341218505542933,0.9033144026811858,0.9431701441422203,0.9140123812032227,0.0,0.0,0.0,0.0,0.0,0.0,0.0,0.947849723937393,0.0,0.0,0.0,0.0,0.0,0.0,0.9016644742855066,0.0,0.9385191602817745,0.0,0.0,0.0,0.0,0.9454690921452771,0.0,0.0,0.0,0.0,0.0,0.9214164374626604,0.9162593978703492,0.0,0.9484474039145079,0.0,0.9299429940694983,0.0,0.0,0.9528098425262841,0.9315559853100859,0.8994685248511803,0.0,0.928521472215504,0.0,0.9163955144702903,0.0,0.9275549627938161,0.0,0.0,0.9067600235677704,0.9118053381501222,0.9496947921272658,0.0,0.0,0.0,0.0,0.883506127169898,0.9342237815084191,0.0,0.9039894732950984,0.0,0.0,0.0,0.0,0.0,0.9491251342509704,0.0,0.9573467228304062,0.9540047061049655,0.0,0.9456959350351078,0.0,0.0,0.9677971428504619,0.0,0.0,0.0,0.9321911379576432,0.0,0.0,0.9365767957896876,0.0,0.0,0.0,0.9347288479681197,0.0,0.0,0.9397937824830291,0.0,0.0,0.9393875854377457,0.9226610684824162,0.0,0.0,0.0,0.0,0.9147545888998507,0.0,0.9205271468620759,0.9346725099155351,0.0,0.9426944656407806,0.9250489946270982,0.0,0.0,0.0
0.0,0.0,0.4366203522968616,0.44762339945805424,0.0,0.0,0.4484777949546801,0.0,0.41745789212110385,0.0,0.0,0.0,0.0,0.0,0.44815443662763416,0.0,0.0,0.0,0.4370412303676365,0.0,0.4464140225238666,0.0,0.4529300462520273,0.0,0.4351590674537597,0.0,0.0,0.0,0.0,0.0,0.4360456303856514,0.4490377233822669,0.4904527869406953,0.0,0.4600756296855797,0.4607840553432581,0.0,0.4379184512236734,0.0,0.0,0.4622191610680788,0.44805936536480184,0.0,0.0,0.0,0.0,0.41143702861133474,0.4564136417652054,0.0,0.4454392541337541,0.0,0.45380172179862915,0.44231762407507025,0.0,0.0,0.4839736732575105,0.49043505295031836,0.0,0.4279442949776807,0.0,0.4761645464738113,0.4453265977656026,0.0,0.0,0.0,0.0,0.4389784503380765,0.0,0.0,0.0,0.0,0.0,0.0,0.4846370825283651,0.0,0.0,0.43566974147469323,0.4757081831906217,0.0,0.41899025984748234,0.0,0.0,0.4626665263670412,0.42731926261507747,0.0,0.0,0.4717831108834051,0.44161572402488547,0.0,0.4421642453744944,0.0,0.0,0.0,0.43035164012205873,0.4608590371509301,0.0,0.0,0.45385112200702404,0.4153159689452944,0.44289393108797126,0.4475379336790435,0.42252010515297195,0.44856428635736134,0.0,0.0,0.4770882822715927,0.0,0.0,0.4486699326218834,0.0,0.0,0.0,0.0,0.0,0.0,0.0,0.45213281516306536,0.4404509717143429,0.0,0.4689536933750467,0.44600159207493023,0.0,0.44620039983793114,0.4414067890961805,0.4173400072731044,0.46286750094045187,0.0,0.4423096392731494,0.43137948161157286,0.4554163654723229,0.4241801975056579,0.4394258610821677,0.45316852762137844,0.0,0.40558626350020943,0.0,0.0,0.46092786969420835,0.463396085094479,0.4601616020140543,0.0,0.4382566808730157,0.44833622291548353,0.0,0.45982509511494507,0.45991707265894266,0.0,0.0,0.0,0.0,0.43419094700270144,0.4470937580984402,0.0,0.4330482058954734,0.0,0.0,0.0,0.0,0.47374686092829915,0.0,0.0,0.0,0.0,0.0,0.0,0.0,0.0,0.0,0.44977461490688836,0.0,0.44268766186308145,0.0,0.436878994746909,0.46695160349545595,0.47001877373525786,0.4273200889434532,0.0,0.43483117369808727,0.480045768374818,0.0,0.0,0.0,0.0,0.48206691425926734,0.0,0.0,0.0,0.0,0.0,0.0,0.0,0.0,0.0,0.4377014396247819,0.0,0.45489308405007645,0.0,0.0,0.42243868260484596,0.0,0.0,0.43543279618020836,0.0,0.0,0.0,0.0,0.0,0.0,0.4712273251520524,0.48243524280205907,0.0,0.444058206424829,0.47545618018330865,0.0,0.4534469085412014,0.45934694400001186,0.4454943872686137,0.0,0.0,0.4581271056463083,0.0,0.0,0.4160051121553669,0.0,0.0,0.45505275378076715,0.45862701828549746,0.0,0.0,0.0,0.0,0.0,0.0,0.0,0.0,0.4133134636002349,0.0,0.0,0.4333988606421414,0.0,0.483011639072381,0.0,0.0,0.0,0.0,0.0,0.0,0.0,0.0,0.45047681408732687,0.4559216224849844,0.0,0.0,0.4297384022696937,0.0,0.0,0.0,0.0,0.0,0.0,0.46553745243899175,0.0,0.4293669919638484,0.0,0.0,0.0,0.0,0.0,0.0,0.0,0.0,0.0,0.4865306642541939,0.0,0.0,0.0,0.0,0.45866202700185565,0.4176744604942981,0.4422583530624355,0.0,0.46240239158867924,0.0,0.0,0.44084372332859156,0.0,0.0,0.0,0.0,0.4377428046250152,0.0,0.0,0.0,0.0,0.0,0.47207853872389777,0.0,0.0,0.421239363958582,0.0,0.0,0.0,0.0,0.0,0.41742984210328693,0.4375111480457804,0.0,0.0,0.0,0.43947260265828547,0.0,0.0,0.0,0.0,0.0,0.0,0.42499944384596816,0.46892166156501613,0.4735069662008663,0.0,0.0,0.4880789350295985,0.43641419158007105,0.0,0.0,0.4218682521538543,0.45994367093541705,0.0,0.0,0.0,0.45731027353027703,0.4880378212709994,0.40665018156321775,0.0,0.0,0.0,0.0,0.0,0.0,0.43131455072491837,0.0,0.0,0.0,0.0,0.4500399887491643,0.4504068071431969,0.4654786559733982,0.0,0.0,0.45190502447058584,0.0,0.0,0.0,0.48058431038447275,0.0,0.0,0.44152099594465744,0.0,0.4524193575420015,0.0,0.4336429646882406,0.0,0.0,0.4412994948831988,0.470424942478231,0.0,0.0,0.0,0.4551697816072027,0.47146910009720244,0.0,0.4657550939189567,0.41218275611611477,0.48017380519115005,0.4409390535573495,0.0,0.0,0.49201181702092006,0.4570042021371839,0.4402764465460844,0.0,0.0,0.4381904137638821,0.4664762249456044,0.0,0.0,0.0,0.0,0.0,0.43931408778180553,0.0,0.46408741477813176,0.0,0.0,0.0,0.4509924833499538,0.0,0.45501946708121577,0.44015785548689385,0.4463012083006252,0.0,0.4539287944374289,0.4476929422112313,0.0,0.46078750863735674,0.0,0.4667913973466744,0.0,0.4948514753112132,0.0,0.0,0.4472246165840052,0.0,0.4824207389001302,0.43179875262417394,0.0,0.41164710631255813,0.4416281444284474,0.0,0.0,0.0,0.45377905352783393,0.0,0.0,0.0,0.0,0.0,0.0,0.4262622813919792,0.0,0.0,0.0,0.44917263711256467,0.0,0.46722458982216636,0.0,0.0,0.43299362326630825,0.0,0.47098711971377694,0.0,0.44687500995846857,0.0,0.43836910771581256,0.0,0.0,0.0,0.0,0.0,0.4614694733585363,0.4517253789498857,0.0,0.0,0.0,0.0,0.0,0.0,0.4527416899921312,0.0,0.40877155552216965,0.44152405096204494,0.0,0.0,0.0,0.0,0.0,0.0,0.0,0.4838088858226825,0.43022643977732367,0.44206020409288704,0.4475695710021341,0.0,0.0,0.43720013787320994,0.4384846829840581,0.0,0.4697115434702954,0.0,0.4872959254215695,0.0,0.0,0.44209372374481964,0.0,0.0,0.0,0.0,0.0,0.0,0.0,0.43702915955131183,0.41404530129005573,0.39196148984165136,0.4241600246100616,0.0,0.0,0.0,0.0,0.0,0.0,0.0,0.4320755062556436,0.4507978020435826,0.46375360902468116,0.0,0.0,0.0,0.0,0.4520786246977738,0.0,0.0,0.484028581685518,0.0,0.0,0.0,0.44983684762997084,0.0,0.4832460598738332,0.0,0.43105449005279256,0.0,0.0,0.0,0.0,0.0,0.0,0.0,0.0,0.0,0.469970888429744,0.0,0.0,0.0,0.0,0.4516712660921419,0.0,0.0,0.0,0.0,0.0,0.0,0.0,0.0,0.4757014351496494,0.0,0.0,0.0,0.0,0.0,0.0,0.45234519634887377,0.0,0.0,0.0,0.44653356500399355,0.0,0.0,0.0,0.0,0.0,0.0,0.5044992111459664,0.0,0.0,0.4273822199713034,0.0,0.0,0.4818218532380463,0.41922839098919573,0.4334070409335994,0.0,0.0,0.0,0.0,0.0,0.444064273323747,0.0,0.0,0.0,0.0,0.47343515492741445,0.4837072938044235,0.0,0.0,0.0,0.0,0.0,0.46867723712839815,0.40196856934512276,0.4203285441958562,0.0,0.0,0.0,0.47246064538841925,0.0,0.44162931575707964,0.0,0.4438327850172937,0.46717714362099383,0.0,0.0,0.0,0.4301655228192503,0.42334292547932634,0.0,0.0,0.44475309390421647,0.4569131110597671,0.0,0.0,0.0,0.45233282712638007,0.0,0.4669187373257057,0.0,0.0,0.0,0.0,0.45123006544278843,0.47933213666648933,0.0,0.4222038080335653,0.0,0.0,0.0,0.4232340736926361,0.0,0.0,0.4570583632201523,0.0,0.0,0.0,0.0,0.43660787070428847,0.47454592631155057,0.44010599654102145,0.43537297183379015,0.0,0.0,0.4441573914960814,0.0,0.0,0.425275972220046,0.0,0.0,0.0,0.0,0.0,0.0,0.4757225698060214,0.4822842982445344,0.47810446923701605,0.4414830351137748,0.0,0.0,0.4722005440966646,0.4783154139515171,0.0,0.0,0.0,0.0,0.0,0.0,0.0,0.0,0.4583788819743466,0.0,0.0,0.0,0.0,0.0,0.4828023170992871,0.0,0.46841907481108697,0.0,0.0,0.0,0.40278853190111347,0.0,0.0,0.46039834024194115,0.0,0.42221293025261564,0.4552547344483549,0.0,0.0,0.0,0.44145050814348774,0.0,0.0,0.0,0.0,0.0,0.4453723915341395,0.0,0.0,0.0,0.0,0.0,0.4642999757425077,0.0,0.0,0.47065534444728996,0.0,0.0,0.0,0.44141816383971055,0.0,0.0,0.0,0.40877103061771497,0.0,0.0,0.0,0.0,0.4790746246763788,0.0,0.0,0.0,0.0,0.47544200572993606,0.0,0.4886865440452102,0.4456325721160174,0.0,0.0,0.0,0.0,0.45825566401059015,0.0,0.4438736138931205,0.4414135047846535,0.0,0.0,0.0,0.484014701226776,0.4646013941232364,0.0,0.46108989009087703,0.4404232158555195,0.0,0.0,0.4593331740878091,0.4329694536714104,0.0,0.0,0.449912853205208,0.0,0.0,0.4507521338020233,0.0,0.4531837335291314,0.44994487542325756,0.4690478281462092,0.43351020969524706,0.0,0.5020177413761697,0.4641877719592636,0.43133997875564706,0.0,0.4752936321593633,0.4297341300381559,0.47683586934895733,0.0,0.0,0.0,0.0,0.0,0.0,0.0,0.0,0.0,0.0,0.4518454223580435,0.44331611519797504,0.4263104998451315,0.4566556133563285,0.0,0.4511881666301662,0.0,0.4576636122334258,0.46102257533969965,0.0,0.0,0.0,0.0,0.0,0.0,0.44217870862319264,0.0,0.0,0.455627790389806,0.4488523931284365,0.0,0.0,0.46616167311607065,0.4290713976178291,0.4470813486810264,0.0,0.0,0.4366422869724312,0.0,0.4721200046770491,0.0,0.0,0.4654355074438826,0.417810611186755,0.0,0.0,0.0,0.0,0.0,0.4622431841785549,0.44722150538333494,0.44619581346483445,0.0,0.46087823460029803,0.44824357235382567,0.0,0.0,0.0,0.0,0.0,0.45658875202667026,0.0,0.0,0.0,0.48851772352120265,0.4552351870077122,0.47194626577417403,0.0,0.4798320279789936,0.4308995885623407,0.0,0.0,0.44399665985695747,0.0,0.4794410132016582,0.47075533943485853,0.44765300584752343,0.43368465483018964,0.0,0.4471018688312835,0.0,0.0,0.0,0.0,0.0,0.4744149175330289,0.0,0.4682615718315152,0.46247188060570726,0.0,0.0,0.4645231339411315,0.0,0.47796591434883723,0.0,0.0,0.0,0.0,0.4311289245843358,0.0,0.0,0.43099404773239997,0.0,0.0,0.0,0.0,0.0,0.4547371775892234,0.44579447508433967,0.0,0.0,0.0,0.0,0.0,0.0,0.4196400624462765,0.0,0.0,0.44696858246134885,0.0,0.438758408276753,0.4239784033668496,0.0,0.0,0.0,0.4360085032499336,0.0,0.4820634279960134,0.0,0.0,0.0,0.0,0.4687143512959767,0.4786639984798174,0.0,0.4728726530081669,0.0,0.0,0.0,0.0,0.4663773518051143,0.4622672145625594,0.0,0.46644562270732165,0.0,0.0,0.0,0.0,0.0,0.0,0.44220638667420165,0.47494581869657276,0.45110678814189986,0.0,0.47439547618612055,0.4580246200387669,0.0,0.46232524045415246,0.0,0.4356031542619394,0.0,0.4445606412422026,0.0,0.466988361212888,0.45624761249951207,0.4714927452112166,0.0,0.47041550478033045,0.4876342855769878,0.47095039666270894,0.42355785216048353,0.0,0.46711223553333353,0.42301280187770535,0.0,0.0,0.4334248768711247,0.4285357122840046,0.4889410496203297,0.0,0.4661501733882021,0.0,0.0,0.0,0.0,0.0,0.0,0.0,0.4674927209368982,0.44576840876101576,0.45448320114709495,0.0,0.0,0.44319080986196335,0.0,0.0,0.0,0.0,0.46465729408774,0.0,0.0,0.4700310752316065,0.0,0.0,0.43355851180373606,0.0,0.0,0.0,0.4714227871027451,0.0,0.0,0.0,0.4620820959234839,0.0,0.0,0.0,0.47198329392456023,0.0,0.4438571962475099,0.0,0.0,0.0,0.0,0.5017143557167476,0.47362811743671096,0.43968478529448934,0.0,0.4577842643859283,0.48645378711969267,0.0,0.47658010335997697,0.4345959906594351,0.0,0.5050057094248821,0.0,0.0,0.0
0.6729837124216501,0.0,0.0,0.0,0.0,0.0,0.0,0.0,0.0,0.0,0.0,0.6855318044195204,0.6656568836523602,0.0,0.0,0.0,0.6581523050633088,0.0,0.0,0.0,0.0,0.0,0.6867361700701158,0.0,0.7078778222141714,0.0,0.0,0.0,0.6513901472740896,0.0,0.0,0.0,0.0,0.0,0.0,0.0,0.0,0.6979581249031176,0.7223679140929182,0.0,0.0,0.6452626006491026,0.6827629627363574,0.0,0.0,0.0,0.0,0.0,0.655670463861022,0.0,0.0,0.676729855012469,0.0,0.6891922465664405,0.0,0.0,0.6839822576084721,0.0,0.0,0.0,0.0,0.6756761991301162,0.6577970452285702,0.0,0.6794744607451039,0.0,0.6882408509265637,0.0,0.0,0.7003432339144466,0.0,0.0,0.0,0.6941801870012572,0.0,0.0,0.6956309058581768,0.0,0.0,0.0,0.0,0.6786079962978596,0.0,0.0,0.0,0.6819470784006455,0.6700801990960821,0.73396763254021,0.0,0.0,0.0,0.0,0.6650118911934593,0.0,0.0,0.0,0.0,0.6994532202002239,0.0,0.0,0.0,0.0,0.674271404383445,0.6965010705822019,0.0,0.7125201396268028,0.6995152050595073,0.0,0.662581318213666,0.0,0.6804853463201651,0.0,0.6795176711764187,0.0,0.7107616569642288,0.0,0.0,0.0,0.0,0.6532942604615065,0.0,0.0,0.6624897433101483,0.0,0.0,0.6680216401287664,0.0,0.0,0.0,0.0,0.718793715273738,0.6629855352932351,0.6905546393525752,0.67539267016324,0.0,0.0,0.0,0.0,0.0,0.0,0.0,0.0,0.0,0.7113219753446203,0.6648004316803781,0.6266586840358653,0.0,0.0,0.682472774603494,0.6938931625775667,0.0,0.0,0.0,0.6716693831332746,0.0,0.0,0.6968206288033704,0.0,0.6497192436045262,0.707639265084495,0.0,0.0,0.0,0.0,0.6936512576933297,0.0,0.6827893126795774,0.0,0.0,0.0,0.6808754500242359,0.0,0.0,0.0,0.6780424468556404,0.0,0.0,0.0,0.0,0.0,0.7032304014594652,0.6844023009661993,0.0,0.0,0.7118584255755581,0.7012261209392886,0.6808681568295758,0.0,0.6951348835062543,0.0,0.0,0.0,0.0,0.0,0.0,0.689804907978271,0.0,0.6854007579397804,0.0,0.655272975551659,0.0,0.6879847347581061,0.0,0.0,0.0,0.6637650013110464,0.6740343469684706,0.0,0.689313782838605,0.6708441525394772,0.6678230416858771,0.6902021388558967,0.0,0.0,0.0,0.0,0.0,0.0,0.0,0.0,0.0,0.0,0.0,0.6732372614396476,0.6780711348479094,0.7167653600820874,0.0,0.6812994100154321,0.0,0.7104250771470502,0.0,0.7002980965981608,0.0,0.6900112217474179,0.0,0.703914011510794,0.7062732155458843,0.0,0.0,0.6716461463751916,0.6756357625389053,0.0,0.673277392670276,0.0,0.6606739113275624,0.0,0.6974647677515231,0.0,0.0,0.6622551969652011,0.703818167742673,0.0,0.6594691845553935,0.6700788668200255,0.6865427253199037,0.692171951765722,0.6505468679196666,0.0,0.7202435397228565,0.6924993896149828,0.6561250989511251,0.0,0.0,0.0,0.0,0.0,0.0,0.0,0.0,0.6798806978696641,0.0,0.0,0.0,0.0,0.0,0.0,0.0,0.0,0.0,0.0,0.0,0.695942189545577,0.0,0.6767020385747301,0.0,0.0,0.0,0.7086157175652869,0.0,0.6825988447535286,0.0,0.6841089852351643,0.0,0.0,0.0,0.0,0.0,0.6746693339075776,0.6791279703550039,0.6718594870377531,0.0,0.6987677989401834,0.6749093345732415,0.0,0.0,0.67674367632314,0.6804632471953966,0.6721089709143541,0.0,0.0,0.6768211308990564,0.0,0.0,0.0,0.0,0.0,0.0,0.0,0.0,0.0,0.7254578047738216,0.6821909456852673,0.0,0.0,0.0,0.0,0.700040627847078,0.0,0.6553185600255219,0.0,0.6555528929015111,0.0,0.712693861801396,0.0,0.0,0.0,0.6925560228369939,0.0,0.656427694972186,0.0,0.0,0.0,0.0,0.0,0.0,0.0,0.7022147027111794,0.6607918856317865,0.7095676083686749,0.0,0.6578784855734277,0.0,0.0,0.6874173034457007,0.0,0.0,0.0,0.0,0.0,0.0,0.0,0.6646615387923395,0.6603567464642642,0.740985007062138,0.6822413058527267,0.0,0.0,0.0,0.6744993671763857,0.0,0.6785923291182564,0.6432582882363129,0.0,0.0,0.7233648378015212,0.0,0.6946261028700922,0.6781338556008719,0.0,0.6948410906426677,0.7022923106282106,0.6933508687548307,0.0,0.6685761959480878,0.0,0.0,0.6647581294597387,0.7078038266030005,0.6696319481006824,0.0,0.0,0.6608462125743677,0.0,0.0,0.6835371887148269,0.6908132782738836,0.0,0.0,0.6546430261402367,0.0,0.0,0.708102170571461,0.6692498980858879,0.0,0.0,0.0,0.0,0.0,0.0,0.0,0.0,0.7078794181040077,0.6895157937885695,0.0,0.7025418416180366,0.0,0.0,0.0,0.0,0.0,0.0,0.0,0.0,0.0,0.0,0.6719880516142349,0.0,0.0,0.0,0.656131945596105,0.7252352485826454,0.0,0.7064475164416596,0.0,0.0,0.0,0.0,0.0,0.0,0.0,0.0,0.0,0.0,0.0,0.0,0.0,0.0,0.0,0.7264800324593867,0.6566079909403248,0.0,0.0,0.0,0.0,0.6978189709092845,0.7000238736203491,0.0,0.0,0.0,0.0,0.6587935086375262,0.0,0.0,0.0,0.0,0.6957679245765217,0.0,0.0,0.6884814274580223,0.0,0.7120937067562716,0.0,0.0,0.678218321615407,0.0,0.6852576227858741,0.0,0.0,0.0,0.6849989674959635,0.0,0.0,0.0,0.0,0.0,0.0,0.0,0.0,0.0,0.678954017001104,0.6785042818003875,0.6838528184881653,0.0,0.0,0.0,0.0,0.0,0.0,0.0,0.0,0.6892205439793515,0.7172825990310046,0.6877119602668524,0.688045035465781,0.0,0.0,0.6759049374669516,0.6446577393934491,0.0,0.0,0.7096230713373624,0.6840193198177711,0.6806315305393008,0.6986183425485127,0.0,0.0,0.0,0.686750164281357,0.0,0.6952155297639382,0.0,0.660151231402056,0.6661058374741046,0.6653537960317237,0.0,0.0,0.0,0.0,0.0,0.686080853931569,0.0,0.0,0.0,0.0,0.7048036433747582,0.0,0.0,0.0,0.0,0.7005862140613398,0.0,0.0,0.0,0.694550754320991,0.0,0.0,0.0,0.0,0.0,0.0,0.6748002757427694,0.0,0.0,0.0,0.6765630208331498,0.0,0.7102717695244087,0.6739182467746954,0.7046815878289285,0.0,0.7208194531297291,0.6981474468602308,0.6956498878354704,0.0,0.7000572465924086,0.0,0.0,0.0,0.6887297891131202,0.0,0.0,0.0,0.0,0.6697408643708819,0.0,0.0,0.0,0.658647178625344,0.6676492826012415,0.0,0.6910301489650533,0.7234062125973447,0.0,0.709324095112098,0.0,0.0,0.0,0.0,0.0,0.0,0.0,0.0,0.7026980947803829,0.687396530991317,0.0,0.0,0.7106508539914992,0.0,0.7133671830658838,0.6816463597402068,0.7063543250612953,0.6671367299470344,0.0,0.6823891628591506,0.6790949937698091,0.0,0.0,0.6878309656315866,0.0,0.0,0.0,0.7075784022191968,0.6866226654851496,0.0,0.0,0.0,0.0,0.0,0.6996810371653459,0.0,0.6591423126497822,0.7198813350265525,0.687546481822908,0.6931170223394022,0.7000829883786799,0.6900238235505733,0.6774062126022368,0.0,0.0,0.0,0.6923990555767691,0.6938104864034942,0.0,0.0,0.7174651424008403,0.0,0.0,0.0,0.0,0.0,0.733126451722944,0.0,0.0,0.69667746954593,0.0,0.6958177604150064,0.0,0.0,0.7114042536023018,0.0,0.0,0.0,0.0,0.0,0.0,0.0,0.6690994522021624,0.6992636510749212,0.0,0.0,0.0,0.0,0.6960191761782591,0.0,0.0,0.0,0.0,0.6992769582545469,0.0,0.7116240328376052,0.6650550082261666,0.0,0.0,0.6934949895103715,0.0,0.0,0.6605407381573078,0.0,0.681202207666062,0.6785674022297324,0.0,0.0,0.0,0.6792398666717873,0.0,0.6391549757230987,0.0,0.6846966003682261,0.0,0.0,0.0,0.6580067370689613,0.0,0.0,0.0,0.0,0.6591145578756246,0.6720011931222489,0.0,0.0,0.0,0.0,0.6651085641177439,0.0,0.6654554963897416,0.0,0.7030570766838184,0.0,0.0,0.6644405308939159,0.6970714474362723,0.6698463393738733,0.0,0.7168265066188664,0.0,0.0,0.0,0.0,0.6874539371077968,0.0,0.6820772115919476,0.0,0.693606143625373,0.0,0.6671900202479503,0.6777516736047283,0.7165843222536477,0.7163197525748888,0.6781225740100173,0.6762161305280491,0.6995714123317208,0.700330918146444,0.6726928058467485,0.0,0.0,0.0,0.6838066719412099,0.0,0.0,0.6726362336432974,0.0,0.0,0.0,0.0,0.0,0.0,0.0,0.0,0.0,0.6596632633253112,0.7023325042204893,0.7334118036282105,0.677967923048526,0.7075592383204615,0.6718792834958781,0.678484944432419,0.0,0.6629420198198931,0.0,0.0,0.0,0.0,0.0,0.0,0.0,0.6534666545940985,0.0,0.0,0.0,0.0,0.6900043098996063,0.6780500276955629,0.0,0.0,0.6862069776883334,0.0,0.0,0.6797191733633668,0.6744551330499201,0.662779543110055,0.0,0.0,0.0,0.0,0.658959395881921,0.0,0.6473032967826793,0.0,0.0,0.6807497059411531,0.7043789413955686,0.7393852361460966,0.0,0.0,0.690435449761518,0.6910761569153004,0.6913988415705877,0.0,0.683051013842171,0.6931797123189447,0.6987444763485935,0.0,0.0,0.7134879391985962,0.6723647225940894,0.0,0.7135138585077704,0.0,0.6702796002117735,0.0,0.0,0.0,0.6421312623954273,0.6868139004870016,0.0,0.6841420804407452,0.6755934714380248,0.6773388846083923,0.6501592609351611,0.0,0.0,0.0,0.0,0.6434808038810261,0.0,0.6838280219579816,0.0,0.6901576069169874,0.0,0.6476698406686848,0.6984200847057812,0.0,0.0,0.0,0.0,0.0,0.0,0.0,0.6738222496067523,0.6373797191044377,0.0,0.0,0.0,0.6977966405894921,0.0,0.6696428689147004,0.0,0.0,0.6733735803377515,0.0,0.6875531402357021,0.0,0.7066960538384043,0.0,0.0,0.0,0.6793294095146782,0.0,0.0,0.6712797149319036,0.0,0.0,0.6913957672317489,0.0,0.0,0.0,0.0,0.0,0.0,0.0,0.6874843221722946,0.0,0.0,0.0,0.0,0.0,0.0,0.6991025556159004,0.6651903913508975,0.0,0.0,0.0,0.6393614170834773,0.0,0.0,0.0,0.0,0.0,0.0,0.0,0.6695098838301479,0.0,0.6597266658351093,0.0,0.0,0.0,0.6895993123981354,0.6660923250250967,0.6641694960379344,0.0,0.6860034682772781,0.0,0.0,0.0,0.684405163766303,0.0,0.0,0.0,0.0,0.6691027258995286,0.0,0.0,0.0,0.6774196289295289,0.0,0.6900356816939791,0.0,0.0,0.709280033462687,0.0,0.0,0.0,0.6617790973749107,0.0,0.7030197935605881,0.0,0.6779853270821217,0.0,0.6841987063378182,0.0,0.6975713331492077,0.677312582327572,0.0,0.0,0.0,0.0,0.0,0.0,0.0,0.0,0.0,0.6549391686697523,0.0,0.0,0.0,0.6800804588205313,0.6826103864955839,0.6751436530822472,0.0,0.0,0.0,0.0,0.6786062041560502,0.0,0.0,0.0,0.7177805684799593,0.674703891235396,0.0,0.0,0.0,0.6753539116709706,0.0,0.0,0.7269627669884131,0.0,0.0,0.6638720172794291,0.0,0.0,0.0,0.6814562836312203,0.6960967087466919,0.6916860222584099,0.0,0.0,0.0,0.0,0.6625221993558109,0.0,0.7074121100394952,0.0,0.0,0.0,0.0,0.68895362280535,0.0,0.6650677384042548,0.6943651130372493,0.0,0.6811450115208577,0.6965795896110608,0.0,0.6703471182635123,0.0,0.0,0.0,0.0,0.0,0.6962045858813436
0.0,0.0,0.5848598081893863,0.0,0.6618431906008434,0.0,0.0,0.0,0.0,0.0,0.5986093863930023,0.6655725757878215,0.6156247752715887,0.0,0.6150095340129116,0.6439492718843931,0.0,0.561254647710957,0.0,0.0,0.0,0.6422640115702829,0.0,0.6406241762310348,0.0,0.0,0.0,0.0,0.6102370798104806,0.0,0.0,0.655709543159555,0.5848484323155775,0.0,0.0,0.6221153818041197,0.0,0.6181791942770454,0.0,0.0,0.6107034860847674,0.6241101576633875,0.0,0.0,0.0,0.0,0.0,0.0,0.5852066417552237,0.0,0.6075553301932706,0.5928258170101104,0.6179123458223127,0.0,0.628377240181508,0.6213087566213461,0.5722289052482895,0.652326825462088,0.0,0.0,0.5819882091604677,0.0,0.5660115094790596,0.6003449530839764,0.6602975041682739,0.0,0.5960613179146761,0.0,0.0,0.6486386549046157,0.0,0.0,0.6564831959943687,0.6230234030815838,0.0,0.0,0.6741933588143322,0.0,0.0,0.6223113949019942,0.6521921711552925,0.0,0.0,0.0,0.0,0.0,0.0,0.0,0.0,0.6461532528327609,0.0,0.0,0.0,0.6043531386110397,0.0,0.0,0.0,0.6292678280296148,0.0,0.0,0.6127831961385204,0.0,0.0,0.0,0.0,0.6211319219183659,0.0,0.0,0.6007785960212507,0.6681187969328732,0.6065116231107022,0.0,0.6237095685667217,0.0,0.5879529399243115,0.6378310724820391,0.5974342418010956,0.0,0.6781974857828548,0.0,0.0,0.646437654632695,0.5816444749673139,0.0,0.6132228651000345,0.6437487003415105,0.0,0.0,0.0,0.0,0.5685195962669727,0.5946637817680491,0.6633781957798124,0.0,0.6079436342825018,0.0,0.0,0.5954179163637731,0.0,0.6741834627445897,0.0,0.0,0.6008552149967119,0.0,0.0,0.0,0.0,0.6117736625679352,0.6194770507256515,0.6229998078737587,0.0,0.0,0.0,0.5633149337271461,0.5991063715793075,0.0,0.0,0.0,0.0,0.5939797563646749,0.613152190622782,0.6584896900709016,0.0,0.0,0.0,0.0,0.0,0.5891131705852479,0.0,0.0,0.674650597158284,0.0,0.0,0.0,0.0,0.0,0.0,0.0,0.6044240001218686,0.0,0.0,0.0,0.0,0.0,0.6069073050826399,0.6195411005779281,0.574590857288335,0.0,0.5726698654980195,0.0,0.0,0.0,0.5900322623458858,0.6134026787152168,0.0,0.6378260178439388,0.0,0.0,0.0,0.0,0.0,0.5765222511415341,0.6542064810389322,0.0,0.6543616748400558,0.6290970587909626,0.0,0.0,0.6124565848069666,0.6148918835584047,0.0,0.0,0.5635588503856425,0.0,0.6009868640251361,0.0,0.6194344470156743,0.0,0.0,0.0,0.0,0.0,0.6284849973682181,0.0,0.638016871291803,0.0,0.0,0.5765783713081939,0.5899376735617454,0.6393836579430882,0.0,0.5694873595908785,0.0,0.6224122360458595,0.0,0.6088855057526911,0.6436544838425919,0.0,0.0,0.0,0.5931137288350993,0.0,0.6220673035767315,0.0,0.0,0.6255563018212784,0.0,0.0,0.0,0.0,0.0,0.0,0.0,0.0,0.620026973938213,0.0,0.0,0.6061538263867761,0.0,0.6158990276560656,0.6328408042655743,0.6543859527277683,0.624631213631948,0.6537927724336091,0.0,0.6507797051010766,0.0,0.0,0.0,0.6531251260793905,0.0,0.0,0.0,0.0,0.6343596147382766,0.0,0.6224567945524572,0.0,0.574381858203817,0.0,0.0,0.0,0.6466470346307445,0.0,0.0,0.6461023229400276,0.0,0.6541404893166008,0.0,0.0,0.6315024645203521,0.5787472784983633,0.0,0.5845027969120339,0.6307519490240113,0.5838181293450785,0.5871186982342221,0.5607759627050536,0.0,0.6280139113735409,0.0,0.0,0.6325243782407038,0.0,0.0,0.0,0.0,0.5433492237507911,0.0,0.0,0.0,0.6103447128476344,0.0,0.5912762836720776,0.0,0.0,0.0,0.0,0.5837097932877228,0.6525645734752406,0.0,0.0,0.0,0.0,0.0,0.0,0.0,0.0,0.0,0.0,0.6051334204690435,0.0,0.5695403536100291,0.0,0.5710796328321838,0.0,0.0,0.0,0.0,0.0,0.6283942875959091,0.0,0.0,0.5566703126254495,0.0,0.0,0.0,0.6074780490625317,0.0,0.6212807465344958,0.0,0.0,0.0,0.6030250953378153,0.0,0.0,0.0,0.0,0.0,0.0,0.0,0.0,0.6505875036111095,0.0,0.6032126059501624,0.0,0.6028415475691605,0.0,0.0,0.0,0.6182400081758163,0.0,0.0,0.0,0.0,0.0,0.0,0.0,0.0,0.0,0.0,0.606384694047841,0.5731613432679116,0.0,0.6683442521502223,0.0,0.0,0.0,0.6043329650496,0.0,0.0,0.0,0.6039891959105158,0.0,0.5985137819308485,0.6318913737238697,0.0,0.6195480306179038,0.0,0.0,0.6776016587166981,0.6170312236831711,0.5456038752134416,0.0,0.0,0.0,0.6191395627659323,0.0,0.0,0.5940796837758021,0.0,0.0,0.6618581796455146,0.0,0.0,0.0,0.6085190744358093,0.0,0.0,0.0,0.0,0.602278640277789,0.6822780915536379,0.0,0.5931474957398825,0.620298869551214,0.0,0.0,0.0,0.0,0.6103496804298202,0.6473986187040949,0.619451082808586,0.0,0.0,0.0,0.664783260480407,0.6104186714087527,0.600014424347276,0.0,0.0,0.6453521682213255,0.0,0.0,0.0,0.0,0.0,0.0,0.0,0.0,0.0,0.6343289921879804,0.0,0.0,0.6185540491460877,0.0,0.0,0.0,0.0,0.659824537440415,0.6747930312891552,0.0,0.0,0.0,0.5896920573788431,0.0,0.5648747972552959,0.0,0.0,0.581294344733721,0.6192102659099828,0.0,0.0,0.6272135056364978,0.0,0.5750472185486282,0.5817383645982175,0.6067822776527726,0.0,0.6075370770648825,0.6125146665510119,0.0,0.0,0.0,0.0,0.0,0.0,0.0,0.0,0.6121709910571285,0.0,0.58788489300053,0.6183151066236934,0.0,0.6193002477369274,0.0,0.6471428787749284,0.5926033385211075,0.0,0.0,0.0,0.0,0.5809985355233369,0.5830401949778439,0.0,0.5983131843532167,0.6306857923628323,0.5740277597511119,0.593440269279923,0.5727144168485849,0.0,0.6563147060351217,0.0,0.6234970737905039,0.6747376786470262,0.0,0.6527327906967606,0.0,0.6417730064538893,0.0,0.6656103468366289,0.5926693170052691,0.5867012393546781,0.6291523721087124,0.0,0.0,0.6318830168128082,0.0,0.0,0.0,0.0,0.6560840644051849,0.0,0.0,0.0,0.0,0.0,0.0,0.0,0.58581970273926,0.0,0.5735368587130836,0.6491467620944716,0.0,0.5791311686503292,0.0,0.0,0.6033245074883165,0.0,0.0,0.5713791226852911,0.0,0.5728958980235057,0.0,0.0,0.0,0.0,0.5750088731792168,0.0,0.0,0.6146414463487546,0.0,0.0,0.574921133424105,0.625306204489217,0.6381810560773296,0.5649057071362416,0.0,0.0,0.0,0.6656660665128774,0.0,0.6085365618793733,0.0,0.0,0.0,0.0,0.0,0.55064325036735,0.6026136328560057,0.0,0.0,0.0,0.5917512046090811,0.0,0.0,0.607634520362255,0.0,0.5891405614943782,0.0,0.0,0.6323508553133711,0.0,0.0,0.0,0.0,0.0,0.551320837478206,0.0,0.0,0.0,0.0,0.6255154294401116,0.6078598930293865,0.0,0.0,0.0,0.5759969949414832,0.6103046956196304,0.0,0.0,0.0,0.0,0.0,0.0,0.5861145136256557,0.64222216646166,0.6251647455918988,0.0,0.6512408497754139,0.0,0.6267119616262808,0.0,0.0,0.5999176888586165,0.6346503969459656,0.6485911741034608,0.663072305311149,0.6538014686585323,0.0,0.5907861357928487,0.5636529208164697,0.6216296441243654,0.0,0.0,0.0,0.6455506999955104,0.6286653526988063,0.0,0.6035934573837675,0.6596169183648064,0.0,0.0,0.6129620769153096,0.0,0.6224348645682377,0.0,0.0,0.0,0.0,0.0,0.0,0.0,0.0,0.0,0.0,0.5748968440466085,0.6145127808462097,0.0,0.0,0.0,0.0,0.0,0.0,0.6097954012512043,0.0,0.0,0.5863727649933387,0.664279631407017,0.624737810550315,0.0,0.0,0.0,0.0,0.0,0.0,0.582952485220946,0.6298683095884859,0.0,0.0,0.6110244032050088,0.0,0.6127712271168688,0.6150370214170172,0.610955344457543,0.0,0.0,0.5891508160675977,0.5706601012298615,0.0,0.0,0.0,0.0,0.0,0.0,0.0,0.6012261682927215,0.6652458888702033,0.0,0.0,0.0,0.0,0.0,0.6485624927628458,0.6451176565917527,0.6672678075042793,0.0,0.0,0.0,0.0,0.6204389621126326,0.0,0.5663761679879508,0.6492239067359654,0.0,0.0,0.0,0.0,0.6251206926141055,0.0,0.0,0.0,0.0,0.6252356828815977,0.6740703177314626,0.6741632258484462,0.0,0.0,0.0,0.0,0.6091028225163184,0.6567973953421726,0.0,0.0,0.5867189671526369,0.5639663002547924,0.0,0.0,0.0,0.6182476944396446,0.0,0.0,0.0,0.0,0.0,0.0,0.5870223630643266,0.0,0.0,0.5862944538026492,0.0,0.5993330047550763,0.5723847142832522,0.0,0.6313722744016261,0.0,0.5995652528464303,0.6632900790457775,0.0,0.0,0.5953677118592553,0.0,0.0,0.0,0.0,0.6063742648931805,0.0,0.0,0.0,0.0,0.6004196755187892,0.0,0.6208945948238449,0.0,0.0,0.0,0.0,0.0,0.0,0.624225879208069,0.6541785494731482,0.6050202928222348,0.6389144345419878,0.6771504795335266,0.0,0.0,0.0,0.0,0.0,0.0,0.0,0.0,0.0,0.0,0.5973170021658479,0.0,0.0,0.0,0.5431216265548988,0.0,0.5872037194781263,0.0,0.5931334109381741,0.6010126987135808,0.6867862172603335,0.0,0.6623244203193811,0.0,0.0,0.629310301635176,0.6664716188197894,0.0,0.5947398773350505,0.0,0.5914854445790765,0.0,0.6551475881939557,0.0,0.0,0.0,0.0,0.0,0.0,0.6205536940655074,0.0,0.0,0.0,0.0,0.0,0.0,0.6338230268694854,0.5780275399668977,0.0,0.5828254962864069,0.5765804668616649,0.5975239595042657,0.0,0.0,0.0,0.6499528614871836,0.5964296275715094,0.0,0.6381950676810765,0.0,0.0,0.6429771655725134,0.0,0.0,0.6004244610135469,0.0,0.6490424486778165,0.6216211726204774,0.6306592198473038,0.0,0.6084949999339777,0.0,0.0,0.0,0.6496849113164589,0.6418949400797251,0.0,0.6023143224185205,0.5964452301507872,0.0,0.0,0.0,0.0,0.0,0.0,0.0,0.0,0.6012150097897219,0.6331923144155709,0.0,0.0,0.6068486716782366,0.0,0.0,0.0,0.0,0.0,0.0,0.0,0.600306786601477,0.0,0.5817405065417255,0.0,0.0,0.0,0.6310992976624241,0.0,0.0,0.0,0.0,0.5676436322466982,0.6038757738483618,0.0,0.0,0.5940724571432338,0.0,0.6597644017091799,0.0,0.0,0.0,0.6264135011933222,0.6462907401106734,0.0,0.0,0.0,0.0,0.0,0.6065554697262259,0.5744280186730759,0.6072503398762801,0.5772457353266083,0.0,0.6390717976453416,0.0,0.0,0.0,0.0,0.0,0.6184943511428952,0.0,0.6451708431036848,0.0,0.0,0.5931053837301661,0.0,0.5851696768482813,0.0,0.5727274119226272,0.0,0.5880554167090726,0.0,0.6460975906592462,0.0,0.6254928309178562,0.0,0.0,0.0,0.0,0.582043242482946,0.5894429692521859,0.6203736907811332,0.6336478771780434,0.5755533554065723,0.0,0.0,0.0,0.6039305647569552,0.0,0.0,0.5606231000547999,0.0,0.0,0.6134923308532694,0.0,0.6571202419812494,0.0,0.0,0.6433381117844967,0.6005031612837034,0.0,0.6202786367588591,0.0,0.6502633916015644,0.6436286293821779,0.0,0.0,0.0,0.0,0.6249282347282277,0.0,0.0,0.0,0.0,0.0,0.0,0.6114617593158364,0.6068938066858701,0.0,0.0,0.0,0.6340483522301051,0.0,0.6383836352984272,0.0,0.6679391974608144,0.0,0.6048658918511371,0.0,0.0,0.6080126253203278,0.0,0.6000556109230631,0.0,0.6170771660089869,0.0,0.0
0.0,0.8284272439897127,0.0,0.0,0.0,0.0,0.0,0.8308478901098872,0.0,0.0,0.8958389410445036,0.0,0.0,0.0,0.0,0.8211043424994899,0.0,0.8464210267133536,0.0,0.8541402494279227,0.0,0.8703756737929252,0.0,0.0,0.0,0.0,0.0,0.0,0.0,0.0,0.0,0.0,0.0,0.9178194244526456,0.8458092649609156,0.0,0.0,0.0,0.8350355297882486,0.0,0.8591518483804569,0.8260576853791284,0.0,0.0,0.0,0.0,0.0,0.0,0.0,0.8423350764621135,0.8793198813537301,0.0,0.0,0.8585265212005302,0.8648219027690442,0.8523231200607624,0.8674352453483741,0.0,0.0,0.0,0.8838337259025785,0.826119587552259,0.0,0.8575784543194971,0.0,0.0,0.8417698142870798,0.0,0.0,0.8418989198372933,0.0,0.8260090914621504,0.0,0.8511289727531752,0.0,0.0,0.0,0.827583887963586,0.0,0.8497812296436331,0.0,0.8297849927028645,0.0,0.0,0.0,0.0,0.843745745276206,0.8436575986428216,0.0,0.0,0.8174723361814571,0.0,0.0,0.0,0.7767539653407504,0.0,0.0,0.0,0.0,0.8116501667396786,0.8527263895483225,0.0,0.0,0.0,0.8493222927747024,0.8980895630216377,0.0,0.0,0.0,0.0,0.0,0.0,0.8470190700761399,0.0,0.8395895275400005,0.0,0.0,0.0,0.0,0.862182564390972,0.840538277437465,0.0,0.0,0.0,0.0,0.0,0.0,0.0,0.0,0.0,0.0,0.8547151028745944,0.0,0.0,0.0,0.0,0.8216525098196176,0.8478876746942186,0.8094675905023484,0.0,0.0,0.0,0.834042950960287,0.0,0.0,0.0,0.849136937616456,0.0,0.8289587870017144,0.0,0.0,0.8815698680040875,0.0,0.0,0.0,0.0,0.8515429784604164,0.0,0.0,0.0,0.0,0.0,0.0,0.0,0.0,0.0,0.0,0.9120764242058443,0.813705613392992,0.0,0.0,0.0,0.0,0.8549641065020458,0.0,0.0,0.0,0.0,0.0,0.0,0.8483023438315415,0.0,0.0,0.0,0.0,0.8624277253638688,0.828894306490132,0.8360734387609747,0.8507143510883428,0.0,0.0,0.0,0.8436140930594388,0.8117050661842475,0.0,0.8713644225975612,0.851343574952953,0.8301644414768572,0.0,0.0,0.8421267119820925,0.0,0.0,0.0,0.0,0.0,0.8440283211181228,0.8383517482871972,0.8789267010795782,0.0,0.0,0.0,0.8446728376254208,0.0,0.0,0.8218734223065366,0.0,0.0,0.0,0.0,0.7973447876966225,0.0,0.0,0.0,0.0,0.8433035729192904,0.8188972336720004,0.8863922010092641,0.0,0.0,0.0,0.8590024614401829,0.0,0.8667966558848473,0.0,0.9020451740545351,0.0,0.0,0.0,0.0,0.8633574777457699,0.0,0.0,0.0,0.0,0.0,0.0,0.0,0.0,0.0,0.0,0.0,0.8373705159861973,0.8476502241870755,0.8624690475550888,0.0,0.8383492131477898,0.8597045080995714,0.8485583767911579,0.0,0.0,0.8274954328407068,0.8829056664432988,0.0,0.8360378106272747,0.0,0.0,0.0,0.8108543705578727,0.0,0.0,0.0,0.8121237752612398,0.0,0.0,0.0,0.8476765859129993,0.0,0.0,0.0,0.0,0.0,0.0,0.0,0.0,0.0,0.0,0.8327561227611586,0.0,0.0,0.0,0.8615431217531271,0.0,0.0,0.0,0.0,0.9037053257648712,0.0,0.0,0.0,0.0,0.8437120058166677,0.8855634952691641,0.0,0.8136571250989167,0.8735034350404647,0.0,0.0,0.0,0.0,0.0,0.8183299700223643,0.8448807411713243,0.0,0.0,0.0,0.0,0.0,0.8802963717585277,0.0,0.0,0.8430138323597719,0.0,0.0,0.0,0.0,0.0,0.0,0.0,0.8619280526994149,0.0,0.0,0.0,0.0,0.0,0.0,0.0,0.0,0.0,0.0,0.0,0.0,0.0,0.0,0.8774134026211148,0.0,0.8442736936114043,0.8581806866423752,0.8725296862106721,0.8489951371897801,0.8609410955998369,0.0,0.0,0.8601136891023402,0.0,0.8273295104823073,0.8340605241461454,0.8267502967158953,0.8322669733157128,0.0,0.0,0.0,0.0,0.8240172621657772,0.8666928028363241,0.0,0.8726732015357579,0.0,0.0,0.8380708581130105,0.8502791161932489,0.8428332991524816,0.0,0.8687454614559313,0.8600843409327448,0.0,0.0,0.8656243686480302,0.0,0.0,0.0,0.9074807652131885,0.0,0.0,0.0,0.0,0.8558553147615368,0.0,0.8605908775294908,0.0,0.0,0.8287420281507444,0.0,0.0,0.0,0.0,0.0,0.8675046344196304,0.0,0.8396232439251734,0.8200535739695904,0.0,0.9021088133045488,0.0,0.0,0.8327508863898695,0.0,0.0,0.0,0.0,0.0,0.0,0.8553213847304106,0.790862017248483,0.8738117644979659,0.0,0.0,0.0,0.0,0.8439101596093843,0.0,0.0,0.0,0.0,0.0,0.0,0.0,0.0,0.0,0.0,0.8413205191512272,0.0,0.0,0.0,0.0,0.0,0.0,0.0,0.0,0.0,0.0,0.8029658552965346,0.0,0.8237480244032079,0.0,0.0,0.0,0.8272050305810957,0.0,0.8380499761967282,0.0,0.0,0.0,0.8407473569450457,0.0,0.0,0.0,0.0,0.0,0.0,0.0,0.0,0.0,0.0,0.0,0.0,0.0,0.0,0.8195352217038033,0.8499215771456611,0.0,0.8263353472819188,0.0,0.8901556468800981,0.0,0.0,0.0,0.8179774072153846,0.0,0.8616418169636224,0.8469400920759276,0.0,0.0,0.0,0.0,0.0,0.0,0.8145141200841363,0.0,0.0,0.0,0.0,0.0,0.0,0.8938378562316879,0.0,0.0,0.7864226980948815,0.0,0.8146291024812825,0.0,0.8437171699631925,0.0,0.0,0.0,0.0,0.0,0.8373308481993562,0.8644716645911298,0.8312864632701706,0.0,0.8618237180743761,0.0,0.8756205137739508,0.0,0.0,0.852027120260467,0.855039537094402,0.8352386053833427,0.0,0.0,0.0,0.0,0.0,0.0,0.0,0.8441590990856028,0.8153467457556577,0.0,0.8180884410666822,0.0,0.0,0.8206890147939511,0.0,0.8804084143252863,0.0,0.0,0.0,0.0,0.0,0.0,0.0,0.0,0.8562958916429187,0.0,0.0,0.0,0.8200411656743042,0.0,0.0,0.8999065405026089,0.0,0.8617528095872756,0.0,0.857108441016828,0.0,0.0,0.0,0.8662921886598813,0.0,0.8687634545507747,0.8585914252731754,0.0,0.8343679159322979,0.0,0.0,0.0,0.0,0.0,0.0,0.0,0.8715923051725485,0.0,0.819842193398353,0.0,0.0,0.0,0.8394805809407142,0.0,0.0,0.8779335915729887,0.8498547000424719,0.0,0.8765202554944939,0.0,0.0,0.8584512490188017,0.0,0.0,0.0,0.819456022927528,0.0,0.8763020306163011,0.8537465605557776,0.0,0.0,0.8677800612668001,0.8672691329881241,0.8610240937875249,0.0,0.0,0.0,0.0,0.8328919481074243,0.0,0.0,0.0,0.8442931649401552,0.8374644110832745,0.0,0.0,0.8587573355137964,0.0,0.0,0.8644595669610535,0.0,0.0,0.0,0.0,0.8431906416247155,0.0,0.0,0.0,0.8523625197139991,0.0,0.0,0.0,0.0,0.8442984361978291,0.0,0.0,0.0,0.0,0.0,0.8344740699005228,0.8532262260561378,0.8352430052424151,0.865351746032695,0.0,0.8392750718851804,0.0,0.8331004607567338,0.0,0.0,0.0,0.0,0.0,0.0,0.0,0.8356690124544975,0.8854317597752042,0.0,0.8197671858472665,0.850435260068847,0.0,0.8319812957166566,0.8692677464904666,0.873541357809297,0.0,0.8214403101969034,0.0,0.8632722926296573,0.0,0.0,0.8534010663368757,0.0,0.0,0.8874822142322238,0.0,0.8724142746358294,0.0,0.0,0.0,0.8411141282173389,0.0,0.8391784099578654,0.8567230521951282,0.0,0.0,0.8624010470477599,0.8419859941743314,0.0,0.0,0.0,0.0,0.0,0.805526270932557,0.8751803070352119,0.830013584953881,0.0,0.0,0.0,0.0,0.8106262758026919,0.0,0.0,0.0,0.8294207459791602,0.0,0.0,0.0,0.0,0.0,0.0,0.8730414230778818,0.0,0.0,0.0,0.0,0.0,0.0,0.0,0.8722499323886918,0.0,0.0,0.8594098252707194,0.0,0.8100983309702904,0.0,0.0,0.8767678228557545,0.0,0.8463423016868408,0.8597729951990329,0.0,0.0,0.8831205747461934,0.0,0.8351506837277162,0.0,0.8336285393430425,0.0,0.0,0.8280407368151681,0.0,0.8242782687866655,0.8323289862112005,0.0,0.0,0.8620085163801499,0.0,0.7890713679650345,0.8329778885381124,0.0,0.0,0.0,0.0,0.0,0.0,0.0,0.8567485031379958,0.868401939846956,0.0,0.8565817589103468,0.0,0.0,0.0,0.0,0.0,0.0,0.8504726401386541,0.0,0.0,0.0,0.0,0.8258016241003927,0.827412593987795,0.0,0.0,0.8202025506523332,0.8754257698758301,0.0,0.0,0.8430792456066806,0.0,0.0,0.8093227535147797,0.8384109303094552,0.8771508232527568,0.0,0.8399609324248735,0.8588400946639992,0.0,0.0,0.0,0.0,0.0,0.0,0.0,0.0,0.0,0.8768330949323496,0.0,0.8151669350192963,0.0,0.8579054768940837,0.0,0.0,0.0,0.8572528317005723,0.8736002844683217,0.8380051235797966,0.0,0.8558281780934717,0.0,0.0,0.8517455036527318,0.0,0.0,0.8444014649641074,0.0,0.0,0.0,0.0,0.8626408177024951,0.8560933679307116,0.8639228879858989,0.862467341989777,0.8301905225207049,0.0,0.0,0.0,0.0,0.0,0.0,0.8006224369223005,0.0,0.8899273818370692,0.0,0.0,0.0,0.8810973679678185,0.0,0.8310533065501531,0.0,0.0,0.0,0.8585394420140625,0.8570723119521239,0.0,0.8750010026731547,0.0,0.0,0.8603339989242034,0.0,0.8324647348652187,0.0,0.0,0.875511157823341,0.0,0.8537305958492486,0.8649321629986275,0.8539850643664673,0.0,0.8407886180239427,0.0,0.0,0.0,0.0,0.8650523979979661,0.0,0.8356251051390922,0.894459913360279,0.0,0.0,0.0,0.0,0.0,0.8520806861992125,0.0,0.8994734703193843,0.0,0.8668317958932455,0.0,0.0,0.8389461516048152,0.0,0.0,0.0,0.0,0.8582105912354439,0.0,0.0,0.826383920551645,0.0,0.8474380324706547,0.0,0.0,0.0,0.0,0.0,0.0,0.0,0.0,0.8540811268894091,0.0,0.809572939477854,0.0,0.8589662740755812,0.8322919934503781,0.0,0.0,0.0,0.0,0.855015693094823,0.0,0.8339660586445918,0.0,0.0,0.0,0.0,0.0,0.8352503914202977,0.0,0.8410056616557753,0.8227912683582875,0.8633637775286142,0.8089913263357392,0.8489089365173107,0.0,0.8004037850238113,0.0,0.0,0.0,0.8653540019164245,0.0,0.8696498547279543,0.0,0.8178098499159387,0.0,0.866441624685877,0.8611823871471831,0.8321621718998872,0.0,0.8239108331837622,0.0,0.0,0.0,0.0,0.0,0.0,0.8149094891226607,0.8307707035532392,0.8971164471489032,0.8599919264234166,0.8559608499118606,0.8807363547176825,0.8316523916315097,0.0,0.0,0.8438332031616691,0.8403785748229438,0.0,0.0,0.8444128502857696,0.0,0.8640752870715523,0.8774855941101485,0.0,0.0,0.0,0.8377818075876218,0.0,0.0,0.8697108885936559,0.0,0.8471554020196178,0.0,0.0,0.0,0.0,0.8456166433485923,0.8247065371709852,0.0,0.0,0.0,0.0,0.8209827593691478,0.0,0.8466078309838616,0.891388941162836,0.0,0.0,0.0,0.8566356912111839,0.8550300932221453,0.0,0.842455251997924,0.0,0.0,0.0,0.8663896782048217,0.8386804749377029,0.8817626329662981,0.0,0.8668175883312518,0.8438251077584705,0.0,0.8036377226533346,0.0
0.0,0.0,0.0,0.0,0.6841031736904661,0.6492939901420324,0.0,0.0,0.0,0.0,0.6095273206643894,0.6263071896195952,0.0,0.6461641973793665,0.6389175906176009,0.0,0.0,0.0,0.0,0.6527622565216956,0.0,0.0,0.6124921624507492,0.0,0.0,0.0,0.0,0.0,0.0,0.5997158780492008,0.0,0.0,0.0,0.6024345959905019,0.6493308801418,0.0,0.0,0.0,0.0,0.0,0.0,0.0,0.6354091911165036,0.6360637310430898,0.0,0.0,0.6313241590804867,0.6304918051509038,0.5923715628861436,0.0,0.0,0.0,0.6315118474861909,0.0,0.0,0.6472967150995791,0.6066215512622861,0.0,0.6076455401372536,0.0,0.6034464893661478,0.0,0.0,0.6249630411715822,0.0,0.0,0.0,0.0,0.6102033834334218,0.5856336019567315,0.0,0.0,0.0,0.5832408026227509,0.6488523378458513,0.0,0.0,0.0,0.0,0.0,0.6493181641406714,0.615540974883936,0.0,0.0,0.0,0.0,0.0,0.6153476117628928,0.0,0.0,0.0,0.0,0.6238148432584901,0.0,0.0,0.0,0.0,0.6233094810185675,0.0,0.0,0.6261763286800638,0.0,0.0,0.0,0.0,0.6070597633181178,0.0,0.0,0.6260854322637552,0.0,0.0,0.0,0.6053465062959716,0.0,0.5932984399037381,0.0,0.6367826716718661,0.0,0.0,0.0,0.6237332186835556,0.0,0.5933088843088746,0.6184570759606594,0.0,0.0,0.0,0.633121288696431,0.6431578431723219,0.6541486633611521,0.6426369416729484,0.0,0.6534686967566004,0.0,0.6244989971707745,0.0,0.0,0.5823300551627615,0.0,0.0,0.0,0.6466375557288707,0.0,0.0,0.0,0.0,0.0,0.0,0.6165586734656568,0.0,0.0,0.6211914167669729,0.0,0.6134270833771869,0.0,0.6348615089984215,0.0,0.0,0.0,0.6222507426620654,0.0,0.6220470479202833,0.0,0.0,0.0,0.6669394527881084,0.0,0.0,0.632021244548334,0.0,0.0,0.0,0.0,0.0,0.6111377545181578,0.0,0.0,0.0,0.0,0.0,0.6205221009342466,0.0,0.0,0.0,0.6368489082219582,0.6244944061809306,0.567166262393061,0.0,0.6010252442575685,0.6386896042425674,0.654693856434253,0.6309078806696493,0.0,0.6566697781313197,0.0,0.6094834014499543,0.0,0.0,0.0,0.0,0.6473961937034779,0.0,0.626769932955945,0.0,0.6703830702854278,0.0,0.6072363467036392,0.0,0.633868816874492,0.0,0.0,0.6498569545067672,0.6524390936943111,0.0,0.6186915276539545,0.6182797379085032,0.0,0.0,0.0,0.6593680122954098,0.0,0.0,0.0,0.0,0.0,0.6343436290893694,0.5810536462520373,0.5581186410376505,0.5996606147273451,0.6115718430274627,0.0,0.6461197838466424,0.0,0.6136932264932194,0.0,0.5907195270224289,0.6215609242987845,0.0,0.6433691244854994,0.0,0.5760284957037343,0.0,0.0,0.0,0.0,0.0,0.0,0.6831108895618384,0.0,0.5977010583065907,0.6688383448459629,0.0,0.0,0.0,0.6156616852473922,0.0,0.0,0.6522747282340142,0.0,0.0,0.0,0.6319198852172657,0.6856287024150053,0.0,0.6419959023038067,0.6710250222878883,0.0,0.0,0.0,0.0,0.6131450474725344,0.0,0.621171322114925,0.0,0.6359612766054588,0.0,0.0,0.6135906703656653,0.6221530708334594,0.0,0.0,0.0,0.0,0.0,0.0,0.0,0.0,0.6452550830313102,0.0,0.0,0.0,0.0,0.6359221458142573,0.0,0.0,0.0,0.6213149202113966,0.0,0.6273350112044349,0.0,0.0,0.0,0.6244471612853352,0.0,0.0,0.0,0.0,0.6441346848496663,0.0,0.0,0.0,0.0,0.0,0.0,0.6768385971106264,0.66546515770435,0.0,0.0,0.0,0.0,0.0,0.6033875640714778,0.0,0.0,0.0,0.0,0.6406568816376945,0.6237059404573172,0.0,0.0,0.0,0.0,0.6077162033152256,0.0,0.0,0.6624118453145967,0.0,0.0,0.0,0.0,0.0,0.0,0.0,0.6016379812821596,0.6301410063573089,0.0,0.6379346532818029,0.0,0.0,0.0,0.0,0.0,0.0,0.0,0.6508203246276536,0.0,0.0,0.6346759212338039,0.0,0.636622044760517,0.0,0.6168807817899118,0.5972981169647887,0.6656968612719208,0.0,0.0,0.6240753361510555,0.6489169481270042,0.0,0.0,0.6546778960724973,0.0,0.0,0.6784675973188588,0.6626191456007009,0.0,0.0,0.6162558888434682,0.6414738514744158,0.0,0.6086881899805898,0.0,0.5972544591897272,0.0,0.0,0.6235892260300183,0.0,0.0,0.6025915256178541,0.0,0.0,0.6380192444135817,0.0,0.6263488525349705,0.6080195636598403,0.6305419305301759,0.6219996052137422,0.0,0.0,0.5841068700900977,0.0,0.0,0.6093861441881685,0.0,0.0,0.0,0.0,0.0,0.0,0.6248489186185396,0.0,0.0,0.6003700351306367,0.6515326446586821,0.615865239130093,0.6276203681688187,0.6108368388948259,0.0,0.0,0.6609067808962991,0.0,0.6388366604678312,0.6518503717098897,0.0,0.0,0.6740080426796156,0.0,0.6200081444250708,0.0,0.0,0.6081594248253525,0.0,0.0,0.0,0.0,0.0,0.6395389351603148,0.0,0.6173392264060232,0.0,0.0,0.0,0.0,0.6667698183559273,0.0,0.0,0.0,0.0,0.6263276073428844,0.0,0.656170607137746,0.64034397804041,0.6400495533684202,0.0,0.6203703455996634,0.0,0.0,0.6667176671047789,0.6597471299396677,0.6075648105111462,0.0,0.0,0.6408390204320692,0.0,0.6380120928021463,0.0,0.6095438934102577,0.0,0.6158112550191314,0.6331508079562356,0.6413356998523451,0.0,0.0,0.5880080601269434,0.0,0.6157092139645555,0.0,0.0,0.0,0.6337187221241457,0.0,0.0,0.0,0.0,0.0,0.0,0.0,0.6077483994220618,0.6347091835517507,0.0,0.6033059513131988,0.0,0.0,0.6379409745158141,0.0,0.0,0.6222004857262051,0.0,0.0,0.0,0.0,0.6671675085516486,0.6725284619503226,0.0,0.0,0.0,0.0,0.0,0.6412738805847407,0.0,0.6393492626805575,0.0,0.6253117705715611,0.6271104737592732,0.0,0.0,0.0,0.0,0.0,0.0,0.0,0.0,0.0,0.0,0.0,0.0,0.0,0.0,0.0,0.6037782195841305,0.0,0.0,0.0,0.0,0.0,0.0,0.6155023485079516,0.64973564179095,0.0,0.6226925585558141,0.0,0.0,0.0,0.0,0.0,0.0,0.0,0.6932320254200024,0.0,0.0,0.5781539469762531,0.0,0.6521780548278743,0.0,0.0,0.0,0.6443800390498139,0.0,0.6466337566832252,0.0,0.0,0.0,0.0,0.6547411551286875,0.6636394755865341,0.6101398672381244,0.0,0.6034002235506607,0.6347206133267188,0.0,0.0,0.6426618787944983,0.0,0.6351637396867108,0.0,0.0,0.0,0.0,0.0,0.6027677439879867,0.687063559035936,0.6671995446408288,0.0,0.6389989136749284,0.0,0.6427479534401214,0.0,0.0,0.0,0.0,0.0,0.0,0.0,0.0,0.0,0.0,0.0,0.6222326214918422,0.6197387772879904,0.0,0.0,0.0,0.625683726366748,0.6319072467873308,0.0,0.0,0.6374797805245035,0.5945459173514848,0.6395981599209389,0.0,0.0,0.0,0.0,0.0,0.0,0.6369340936083223,0.6156589383749613,0.0,0.6299262259845284,0.6395393305088533,0.5948754821187693,0.0,0.0,0.5950491553031505,0.6157179988962271,0.6412392202366319,0.0,0.0,0.0,0.0,0.5520244076112005,0.5997992923726617,0.5898569950749591,0.0,0.6601258733397254,0.0,0.6049796633396346,0.6028291573558593,0.0,0.0,0.6539708840807037,0.6920194598575549,0.0,0.6231509704137292,0.0,0.6530695841395098,0.0,0.0,0.0,0.6301718299537418,0.6194156294200928,0.0,0.621609582623059,0.0,0.0,0.6142786787857372,0.5888160621737516,0.0,0.0,0.0,0.0,0.0,0.6472956007302273,0.6486196994261796,0.6232048667735433,0.6280828331326251,0.0,0.0,0.0,0.6280015313846178,0.6425377999189168,0.0,0.6520710945247917,0.6251944688082038,0.0,0.0,0.5821945152623972,0.0,0.0,0.613121502146449,0.0,0.0,0.6314226512263417,0.0,0.0,0.0,0.0,0.6136899362467452,0.6478995799120119,0.0,0.0,0.0,0.0,0.0,0.0,0.0,0.0,0.0,0.6683291086269866,0.0,0.0,0.0,0.0,0.0,0.0,0.0,0.0,0.6253130385076358,0.6530262006319058,0.0,0.0,0.0,0.0,0.637185537853046,0.0,0.0,0.0,0.0,0.6054935209542686,0.0,0.6378451853027715,0.0,0.6056768843667888,0.5911851312176963,0.6270495342291129,0.0,0.5748811051702151,0.0,0.0,0.5961566875706228,0.0,0.5960921005841541,0.0,0.0,0.6200013257561614,0.6322160183513206,0.6401819213803369,0.6405119007287516,0.0,0.0,0.0,0.6270815045029889,0.616430683910571,0.657058574246608,0.0,0.0,0.6411260690069386,0.0,0.0,0.621167527867741,0.0,0.6586454401607299,0.5923404682187855,0.668621448035312,0.61894670904293,0.0,0.0,0.0,0.0,0.0,0.6237393777666105,0.0,0.6649006007521708,0.0,0.0,0.5974219578530746,0.0,0.0,0.0,0.5929675880757596,0.0,0.0,0.6292427891779383,0.0,0.6213782653470722,0.652952780307685,0.0,0.6116813278686875,0.0,0.0,0.0,0.6304127114462115,0.6246603370483886,0.6544131250196722,0.0,0.0,0.0,0.0,0.0,0.0,0.60755996226471,0.6583928029885825,0.0,0.6143080894885947,0.0,0.6154774529751011,0.6360781257473952,0.0,0.0,0.6288240285326874,0.6092903194861763,0.0,0.5843282899218254,0.0,0.0,0.0,0.6680015382809338,0.0,0.0,0.0,0.0,0.0,0.5927198973336657,0.0,0.0,0.0,0.6133061801819286,0.6047141204986293,0.0,0.0,0.0,0.0,0.0,0.6192049960268715,0.0,0.6157851660147375,0.0,0.0,0.667105172646094,0.6235177779662017,0.0,0.0,0.0,0.0,0.0,0.0,0.0,0.0,0.0,0.0,0.6193702646209931,0.6598425662762365,0.0,0.0,0.0,0.6313709690685613,0.0,0.6515960894402983,0.0,0.0,0.5800796511468943,0.0,0.5943637715072311,0.0,0.0,0.0,0.6363046601711879,0.0,0.6476048109209882,0.571797832973338,0.0,0.0,0.6317582922741569,0.0,0.6183043122440155,0.0,0.0,0.0,0.6493472067644672,0.0,0.0,0.0,0.0,0.0,0.0,0.0,0.0,0.6704507305681944,0.0,0.6159594730459259,0.0,0.0,0.0,0.0,0.0,0.6308092594778665,0.0,0.0,0.6353001290505561,0.6357062971796739,0.5952438282142514,0.0,0.0,0.0,0.0,0.0,0.6206129352719617,0.0,0.0,0.0,0.6483159260398236,0.0,0.0,0.0,0.5646169633684284,0.0,0.6564394376519579,0.0,0.0,0.0,0.65340065363211,0.0,0.610828843048072,0.6572500962222628,0.660340351983653,0.6422940516844933,0.0,0.0,0.6398343726478857,0.0,0.0,0.0,0.0,0.6407472115989495,0.6294553561178046,0.6438280591401974,0.5929355857120477,0.0,0.6294716666098296,0.0,0.6401809601641152,0.0,0.0,0.0,0.6392057719116194,0.6201734169515898,0.6575341434346083,0.622989269022856,0.0,0.0,0.0,0.0,0.6214866149683006,0.0,0.6633758639896515,0.616337932178301,0.0,0.623395866868609,0.0,0.0,0.0,0.6121976608869251,0.0,0.0,0.0,0.0,0.642086100755548,0.0,0.0,0.6120508645903907,0.0,0.5942706257131436,0.6086674820307776,0.0,0.6368190113947043,0.0,0.0,0.0,0.616897588200584,0.6718638377634313,0.0,0.6415175874425053,0.6098534194853801,0.0,0.5803254949022311,0.0,0.0,0.0,0.0,0.6364271703750268,0.6761812612516296,0.5982178312218035,0.0,0.0,0.0,0.6135182265240521,0.6392115518768338,0.0,0.0,0.0,0.5887128954020159,0.0,0.0,0.0,0.6560382780519365,0.6106223322021462,0.0,0.0,0.6477363040842248,0.6337882235488627
0.0,0.34990140624889376,0.0,0.0,0.0,0.0,0.0,0.29896316435083037,0.0,0.0,0.3258856119865271,0.0,0.35412985443313943,0.3280329357218786,0.0,0.0,0.0,0.31386744629083646,0.30393421978683693,0.3039437427121767,0.33001731447033195,0.0,0.0,0.0,0.0,0.3159492554742219,0.3212476201852332,0.0,0.28798631858121615,0.3158862856867881,0.0,0.3546367213395666,0.0,0.3160563912331236,0.0,0.3531736053923676,0.0,0.0,0.33799189553476044,0.0,0.0,0.0,0.0,0.35741557495133114,0.0,0.29231238823945505,0.0,0.3421614443019478,0.3011303117117374,0.251845022651067,0.0,0.315147787889597,0.0,0.0,0.0,0.3293792875997491,0.0,0.0,0.3313463311801789,0.0,0.0,0.3117340963046046,0.30758190029509236,0.0,0.3312380742916228,0.0,0.30362915789621603,0.27914056063732795,0.0,0.0,0.0,0.0,0.0,0.33065460216545794,0.0,0.0,0.3248477974068457,0.0,0.0,0.0,0.0,0.0,0.0,0.0,0.0,0.0,0.2842221610752643,0.34116140211981255,0.31981625622157195,0.0,0.33509225715643803,0.0,0.0,0.0,0.0,0.0,0.0,0.0,0.0,0.0,0.0,0.0,0.0,0.0,0.0,0.3204534185918966,0.0,0.0,0.3146963139081515,0.0,0.3011031035332362,0.0,0.0,0.0,0.0,0.0,0.0,0.0,0.0,0.0,0.0,0.0,0.3055535776496108,0.3298948536561363,0.0,0.32149684676985085,0.0,0.3445047011536623,0.3043841914794973,0.0,0.0,0.0,0.0,0.0,0.0,0.0,0.0,0.33382840826290094,0.0,0.0,0.0,0.33946595227573384,0.3067040910260945,0.0,0.0,0.3378320636097576,0.0,0.0,0.0,0.2767942978959341,0.0,0.0,0.0,0.28506540076842635,0.3326648247711946,0.31356874923301253,0.0,0.0,0.0,0.31909130807198965,0.3313020123104682,0.0,0.2997105037456103,0.0,0.351908081785954,0.0,0.0,0.32675527292211587,0.0,0.0,0.333686764236439,0.0,0.32577026043222085,0.30766768828393537,0.3047429217848742,0.3096884212512468,0.30492707933897145,0.0,0.3136825951056236,0.0,0.0,0.0,0.30755984342181675,0.35284228159256686,0.3238183496329028,0.30063447666887955,0.0,0.0,0.314967768536346,0.34944573320908784,0.0,0.0,0.3264513887101692,0.3059201072187785,0.3212660049732695,0.0,0.3395375835379579,0.0,0.0,0.0,0.0,0.3289697481102947,0.0,0.0,0.0,0.0,0.32588087918883935,0.0,0.28209431805493024,0.35368320694715166,0.0,0.0,0.3057312287793903,0.0,0.31035035505649095,0.0,0.0,0.0,0.0,0.33611866527440803,0.34709131603217974,0.0,0.0,0.0,0.0,0.3270765772858531,0.2983764246583886,0.0,0.0,0.0,0.3569896437473968,0.3026845453417193,0.0,0.0,0.0,0.0,0.33295507681030556,0.0,0.31469113933404397,0.0,0.32014112635436803,0.0,0.0,0.3252625070684741,0.3277050187716422,0.0,0.0,0.0,0.0,0.3436790227085275,0.3370248977971238,0.0,0.0,0.0,0.0,0.0,0.32754409163595,0.0,0.0,0.315843501494575,0.3023100605248428,0.0,0.0,0.0,0.0,0.0,0.0,0.0,0.0,0.0,0.0,0.0,0.0,0.30997207614449507,0.0,0.0,0.0,0.0,0.32303410273096805,0.0,0.0,0.34709099033234936,0.0,0.0,0.0,0.30397239907450796,0.0,0.0,0.34797916678966423,0.3177877410106029,0.3502665943753172,0.3049292818640706,0.0,0.0,0.31928341499419477,0.0,0.3243229204641774,0.0,0.34633043059609075,0.288203348065197,0.0,0.30704195961273145,0.31679707489785996,0.0,0.2748663020622082,0.2871441786245231,0.0,0.30282129864763446,0.0,0.2838712098175795,0.0,0.0,0.0,0.0,0.3184927390898251,0.0,0.0,0.3278984219926413,0.0,0.0,0.0,0.0,0.0,0.0,0.0,0.0,0.3350198376597933,0.34859217636223266,0.0,0.2911173131917497,0.31979619208483534,0.0,0.3312874285413597,0.0,0.35851822559457164,0.0,0.0,0.0,0.3289583023093682,0.0,0.0,0.0,0.0,0.3197720239961646,0.3009459807920595,0.0,0.31802576647119424,0.0,0.0,0.3058439891713731,0.0,0.0,0.0,0.0,0.0,0.0,0.0,0.0,0.31259967241015657,0.3089270880124403,0.0,0.3354592809071614,0.33930467738503356,0.3458908829611737,0.34330740967446555,0.3139928204369027,0.0,0.3014522020695751,0.0,0.0,0.31269301460855664,0.29672602154157873,0.3339122581793881,0.34553800812147534,0.0,0.0,0.0,0.31269527902292965,0.36634668693132705,0.3128702392378343,0.3608918216314393,0.0,0.3395855629899107,0.33580037745722224,0.0,0.36634099130083275,0.31710867037587437,0.0,0.0,0.3154693106231654,0.0,0.3029293434968072,0.3141284780107648,0.0,0.0,0.0,0.3315679196098727,0.0,0.0,0.31014741204798707,0.0,0.343313566167911,0.30658291715248814,0.0,0.3108521439016485,0.0,0.31181041647713104,0.0,0.0,0.0,0.3213503814293804,0.0,0.0,0.0,0.305591587016147,0.3199770852977291,0.0,0.31698034991349033,0.0,0.3069845936557642,0.29098630040207135,0.0,0.0,0.0,0.0,0.0,0.0,0.33230425161716515,0.0,0.33702771805609294,0.3270593677680578,0.0,0.0,0.30393065914712436,0.0,0.32991746960492097,0.0,0.0,0.0,0.0,0.0,0.0,0.0,0.32046459574187236,0.0,0.0,0.0,0.0,0.36076859868095285,0.2836439216839702,0.0,0.0,0.0,0.3326212649325369,0.3221532275999668,0.0,0.0,0.0,0.0,0.34410355387555913,0.0,0.0,0.0,0.3196805448105433,0.0,0.0,0.3061918972816094,0.0,0.32806301559843526,0.0,0.324417051822688,0.34065604376403064,0.0,0.0,0.0,0.29243147650847856,0.3427107224164385,0.0,0.0,0.0,0.0,0.0,0.0,0.0,0.0,0.0,0.0,0.0,0.0,0.34488998448929864,0.0,0.27435613084067295,0.0,0.0,0.3477678235549922,0.0,0.0,0.0,0.0,0.0,0.0,0.0,0.2768500615739911,0.0,0.0,0.0,0.0,0.0,0.2817081795650298,0.0,0.0,0.3512968994213197,0.3284188121216031,0.29051335983607174,0.0,0.0,0.0,0.33069007522119576,0.0,0.33964115999170624,0.0,0.31585188151232907,0.29691344064057923,0.0,0.0,0.0,0.3319419584797071,0.0,0.0,0.0,0.0,0.0,0.0,0.0,0.0,0.0,0.0,0.3297232556928634,0.3385811527167382,0.0,0.0,0.3507498051464656,0.0,0.3221436335669204,0.0,0.0,0.0,0.3224810274656868,0.0,0.0,0.0,0.0,0.0,0.0,0.30883416113473533,0.0,0.0,0.2770974454291191,0.2847488557275292,0.0,0.27289963577831516,0.2916653960869565,0.3236967238592174,0.3136531625214838,0.0,0.35365903666833765,0.29321540304669397,0.0,0.0,0.0,0.0,0.2915521918028873,0.0,0.30992501304541614,0.0,0.3111971979837715,0.0,0.0,0.0,0.35241892730728447,0.3204898162514125,0.29603669719549697,0.0,0.0,0.0,0.0,0.0,0.0,0.0,0.3477198602038155,0.302850999258825,0.3361193691659244,0.3005857533544143,0.27764731932269254,0.3404415405070909,0.0,0.2912579385013478,0.3112988393449705,0.0,0.0,0.3469629935585354,0.0,0.0,0.0,0.0,0.0,0.0,0.284342761390714,0.3042122483139904,0.0,0.0,0.323296774426631,0.3254628936284461,0.0,0.0,0.3534683778855011,0.0,0.30855989765905456,0.0,0.0,0.0,0.0,0.3026294895279331,0.29192591610262053,0.0,0.0,0.0,0.3321456594001857,0.2763571811941132,0.0,0.2718532741940402,0.307218474195933,0.0,0.0,0.329638296348562,0.0,0.31572652932272066,0.2749454406277392,0.0,0.0,0.0,0.28921973111333865,0.31760205204578557,0.339902390462906,0.0,0.0,0.0,0.0,0.0,0.33233344775825086,0.304082574236627,0.32763324266436755,0.3300031769142577,0.0,0.3133015328893764,0.35011253193210967,0.0,0.0,0.0,0.0,0.0,0.0,0.0,0.0,0.0,0.3156081205601156,0.0,0.0,0.31827482717472527,0.0,0.33781389119459626,0.0,0.0,0.26414066739066017,0.0,0.32172874609235713,0.0,0.0,0.0,0.31673930126374533,0.0,0.0,0.0,0.31792163865070716,0.0,0.0,0.0,0.31403166851741265,0.29716915133592464,0.0,0.0,0.0,0.0,0.0,0.0,0.307004685290813,0.0,0.3264276103142217,0.0,0.32528710377418835,0.0,0.0,0.3397407355171699,0.0,0.0,0.0,0.0,0.319711054060501,0.29702825267919597,0.32445544873843063,0.0,0.0,0.0,0.0,0.3062752994499708,0.30464435743179463,0.0,0.31476157733712307,0.30070167255028846,0.0,0.307332876526678,0.0,0.0,0.316307870886568,0.32236921012259784,0.33254070607960234,0.3325787717037932,0.305101648912865,0.0,0.0,0.31554764896004694,0.0,0.0,0.0,0.0,0.0,0.0,0.0,0.31621576149452424,0.3312707184608692,0.3262836727548994,0.0,0.3325564219103934,0.0,0.33551423599213326,0.0,0.29510296417586,0.3532489757494334,0.34252964575238587,0.0,0.0,0.3326804912281215,0.0,0.2806309868494492,0.0,0.0,0.35057824816785454,0.0,0.0,0.0,0.0,0.0,0.0,0.0,0.0,0.29693195561633595,0.3102363502361137,0.33695194970611414,0.0,0.0,0.28456322789136346,0.0,0.3199598947781644,0.33104854053081845,0.0,0.32890032454936136,0.0,0.3051954231975366,0.0,0.0,0.0,0.0,0.0,0.0,0.305165916999272,0.0,0.0,0.0,0.29413880192948666,0.0,0.33052840414751095,0.3094493239755574,0.0,0.3217364316685306,0.35093243963365034,0.0,0.335921477867626,0.0,0.2916189365509525,0.2970897101029409,0.280043760726427,0.0,0.33113500101353693,0.2990527037615905,0.0,0.0,0.0,0.3302958812744008,0.0,0.0,0.0,0.0,0.3270128079235215,0.0,0.0,0.0,0.28236626518706276,0.35982824754827836,0.3024267879137555,0.3372752545942221,0.0,0.0,0.3238503681134028,0.0,0.0,0.0,0.0,0.3032594340353731,0.34563054019181344,0.0,0.28384799302995195,0.0,0.0,0.3128754571762245,0.3199522100856045,0.31719944147339485,0.0,0.0,0.310843248322178,0.29595537440547337,0.0,0.33689200694791654,0.3213807402940623,0.0,0.3244053243431108,0.0,0.0,0.0,0.0,0.0,0.34587921119346016,0.30153959761548904,0.3447472670684043,0.0,0.0,0.32085723068415695,0.32084486240667437,0.3032274905661722,0.0,0.33859780714084076,0.0,0.3248650791525594,0.0,0.0,0.0,0.0,0.0,0.0,0.283661351699608,0.32840705241206297,0.0,0.2858795540495438,0.0,0.0,0.34574500951124404,0.2958370094101874,0.0,0.0,0.0,0.0,0.0,0.0,0.2908731452745591,0.0,0.0,0.0,0.0,0.0,0.0,0.0,0.2865752608607646,0.0,0.0,0.0,0.0,0.0,0.29401486553283745,0.3171698789631024,0.0,0.3354646318236287,0.0,0.0,0.3413237129222336,0.0,0.34335911923039125,0.0,0.3226432789456823,0.0,0.0,0.3280499269480138,0.0,0.0,0.0,0.0,0.3236958996612419,0.0,0.0,0.3014986932664771,0.2816340356326801,0.3364797499158806,0.28090014813619046,0.0,0.0,0.0,0.3045295612647417,0.0,0.0,0.29426360455424744,0.31948714192393796,0.0,0.30617861470438734,0.0,0.24405044022913422,0.3161924821339143,0.31562208701942407,0.297832914088245,0.0,0.0,0.29522227169988524,0.0,0.3658408370586514,0.3089334202843247,0.0,0.0,0.3208125711006878,0.0,0.0,0.0,0.0,0.0,0.3049648589421759,0.0,0.0,0.2985372676307858,0.0,0.0,0.27630669205115255,0.3318742318479911,0.0,0.30523991210995294,0.0,0.0,0.0,0.0,0.0,0.0,0.0,0.0,0.3343003228613385,0.0,0.3414708455023108,0.29805423075894794,0.30983715447720017,0.32519584331142526,0.0,0.0,0.34036068034196804,0.0,0.30409455145030545,0.0,0.0,0.0,0.0,0.0,0.0,0.30594623821294886,0.3239453374923139,0.32342085769301837,0.34165908347282864,0.2904538857030461,0.0,0.0,0.0,0.29181099677103756,0.0,0.0,0.3324505176500478,0.32202038470115846,0.0,0.0
0.501777207405846,0.5187034211831206,0.5034192379803811,0.4975321943536914,0.0,0.0,0.0,0.0,0.0,0.0,0.0,0.5181483172963136,0.0,0.0,0.47407876988489317,0.5034634500627252,0.4970370047467846,0.4752360469802641,0.0,0.45776088191476233,0.0,0.0,0.4915450056770519,0.0,0.0,0.0,0.0,0.0,0.4926984719353214,0.0,0.5307603965039042,0.0,0.49655726008602924,0.4966478739151502,0.0,0.0,0.0,0.4843648982636456,0.0,0.0,0.0,0.0,0.5045394817841359,0.0,0.0,0.0,0.46419175343474134,0.48374952591849635,0.0,0.0,0.0,0.0,0.0,0.0,0.5124766877883913,0.526372564836815,0.4817575143202551,0.0,0.0,0.47777805831962566,0.0,0.4912176276033714,0.0,0.0,0.0,0.0,0.0,0.4838707989928544,0.0,0.4943762543976806,0.0,0.4933768430488116,0.0,0.5108702074155591,0.0,0.0,0.0,0.0,0.4633162552107312,0.0,0.0,0.5129140161221013,0.0,0.0,0.4905177449620203,0.0,0.0,0.47643918757772685,0.4824942737686707,0.5257894338980844,0.0,0.0,0.48107114058026595,0.0,0.501560291269585,0.0,0.0,0.0,0.0,0.0,0.5018287659623077,0.0,0.4852790636889503,0.0,0.0,0.0,0.0,0.0,0.510569817592757,0.0,0.0,0.47890765384159456,0.4664555304219181,0.0,0.5028504711629102,0.0,0.48326856360556053,0.0,0.0,0.49933628591574863,0.507750014775655,0.0,0.4948355726396756,0.5055769313546766,0.0,0.5079764918577035,0.0,0.0,0.0,0.0,0.49493769673786525,0.0,0.5288994913893218,0.0,0.0,0.0,0.0,0.5099262019981291,0.0,0.49765080021134434,0.0,0.4882901835613681,0.47458482987439427,0.0,0.47698087345337087,0.5238112574705215,0.0,0.4754915451369325,0.49044684290989327,0.0,0.49441843514624745,0.0,0.49140745474738273,0.45251961538625424,0.5140278300880554,0.0,0.45743707134501826,0.0,0.0,0.0,0.0,0.0,0.4972078355820158,0.0,0.0,0.0,0.0,0.0,0.0,0.0,0.0,0.0,0.0,0.0,0.0,0.0,0.4866777795160561,0.47108014256119224,0.0,0.0,0.47836077868683546,0.0,0.0,0.5026580438664146,0.0,0.0,0.0,0.0,0.443629723721675,0.0,0.0,0.0,0.0,0.0,0.5079317353850021,0.4850328323070547,0.0,0.0,0.0,0.514641346116208,0.45606830557719036,0.0,0.0,0.0,0.0,0.0,0.0,0.0,0.4792732306611699,0.5052671647077859,0.0,0.0,0.0,0.0,0.0,0.4803615762990329,0.501647047937018,0.0,0.0,0.0,0.5022926973073358,0.5090338521545488,0.4922287338845685,0.45066450224175036,0.4986559545709988,0.0,0.0,0.5011126957448881,0.0,0.0,0.0,0.4626995177494622,0.0,0.0,0.0,0.5038383796899529,0.48557009754075947,0.0,0.527701575744617,0.4737581804654385,0.0,0.4774965589054074,0.5129085047331313,0.0,0.0,0.495714894672083,0.5105173469696201,0.0,0.5359213849992249,0.5289432445327595,0.0,0.0,0.0,0.0,0.4914942635250654,0.47602135136304413,0.0,0.4627237980022405,0.4687369776405193,0.4825975662649377,0.5258161608954054,0.0,0.46457020640401203,0.4649193752623083,0.0,0.46647002099055834,0.0,0.0,0.0,0.48188912638939546,0.0,0.0,0.490052447553612,0.0,0.0,0.5026058525082057,0.0,0.0,0.5090659183270061,0.0,0.0,0.0,0.4983005005091308,0.0,0.0,0.4979823821967568,0.0,0.4892195502586104,0.0,0.0,0.0,0.46843626848956554,0.49570139014687525,0.0,0.0,0.5055453865505278,0.0,0.49056516215140383,0.5128938208178053,0.5189632165566309,0.0,0.0,0.0,0.0,0.4813329483295484,0.4913040182541448,0.0,0.5027059123261736,0.0,0.0,0.0,0.491210514858303,0.0,0.0,0.0,0.0,0.0,0.0,0.4670780984025019,0.0,0.0,0.0,0.0,0.0,0.0,0.0,0.4628095621414676,0.0,0.5261211758951092,0.4790055580611131,0.48100802512998414,0.0,0.0,0.4974129916401978,0.5020099696464067,0.0,0.5007129452906239,0.0,0.0,0.47774806951887194,0.0,0.502464754210786,0.0,0.49934688032796404,0.0,0.0,0.0,0.0,0.0,0.0,0.0,0.0,0.0,0.0,0.49492762351439296,0.0,0.0,0.4637421617734952,0.0,0.0,0.0,0.0,0.4986236923930516,0.4649039836451359,0.0,0.0,0.5009728262689884,0.0,0.0,0.0,0.4733643880802239,0.48672880541300656,0.0,0.0,0.48259677984491745,0.0,0.0,0.49104562710812605,0.0,0.0,0.4875865469593404,0.0,0.5301956774280837,0.5173598588873903,0.0,0.498587423364498,0.4969067923022835,0.0,0.0,0.0,0.0,0.49957927776510463,0.0,0.0,0.4688511281885952,0.0,0.0,0.5187267358261621,0.4798446679588477,0.0,0.0,0.4952091034693242,0.0,0.0,0.0,0.49597430992511743,0.0,0.5024094148113136,0.0,0.450048791317663,0.4791040457706037,0.49543352474007785,0.519193243015454,0.5470182211868475,0.4500556996282939,0.0,0.5274276291330274,0.0,0.0,0.0,0.4918122526340868,0.0,0.0,0.5151698051905159,0.453648323576604,0.0,0.0,0.45906852087804145,0.0,0.0,0.0,0.0,0.0,0.504436462606901,0.5386435424933204,0.5229427292225435,0.0,0.4838479455051937,0.0,0.0,0.0,0.4955481846941573,0.0,0.46755505217294513,0.0,0.0,0.0,0.0,0.0,0.49552208653512975,0.0,0.4985881134272244,0.47356770701951895,0.0,0.0,0.0,0.5072052428054036,0.4715796341421017,0.0,0.5002533035967756,0.0,0.0,0.0,0.5140668222677744,0.0,0.4579964616225475,0.5032202485012269,0.0,0.0,0.0,0.0,0.0,0.0,0.0,0.5029964307903476,0.0,0.0,0.0,0.0,0.4735237521849294,0.0,0.0,0.0,0.0,0.0,0.0,0.0,0.4844377127929447,0.0,0.0,0.4847390388715909,0.4897266893216542,0.4854614869084893,0.0,0.4977040544604202,0.0,0.0,0.4819233077725798,0.0,0.0,0.0,0.45990749173971424,0.4849471215437974,0.0,0.0,0.0,0.5251210536757887,0.4651762376702775,0.46438664078852065,0.496197375351172,0.0,0.0,0.0,0.4804568378663815,0.0,0.486742933341709,0.0,0.0,0.0,0.0,0.0,0.4595058361751886,0.4969578595178972,0.0,0.0,0.49806708977905556,0.5030555510663021,0.0,0.0,0.0,0.0,0.0,0.0,0.0,0.0,0.0,0.5148202495007538,0.0,0.0,0.48717210639264263,0.5121683683661261,0.0,0.0,0.0,0.48236565129568615,0.0,0.0,0.487072026351277,0.0,0.0,0.0,0.0,0.0,0.0,0.0,0.0,0.0,0.0,0.0,0.0,0.48779460319666834,0.48918605004982085,0.0,0.0,0.0,0.0,0.0,0.0,0.4764155927977582,0.0,0.0,0.5117812163677437,0.0,0.5284278970612458,0.0,0.0,0.0,0.0,0.4998257159668537,0.0,0.0,0.486009354074067,0.0,0.4676926427553676,0.0,0.0,0.46491710776922623,0.0,0.0,0.0,0.0,0.5052648013796543,0.0,0.4913163479785387,0.0,0.0,0.0,0.47807595874615955,0.0,0.0,0.0,0.0,0.0,0.0,0.0,0.49322707396067544,0.0,0.0,0.0,0.0,0.0,0.0,0.5079323881599445,0.0,0.0,0.0,0.0,0.4998497315348207,0.0,0.0,0.0,0.4826191031858617,0.0,0.4828129210347819,0.5006333662803987,0.4644074375806002,0.0,0.0,0.522276912379645,0.0,0.4838529437599506,0.0,0.49005801259757603,0.0,0.0,0.0,0.5401569307224605,0.0,0.0,0.4973606982059171,0.4706472988521842,0.0,0.0,0.0,0.0,0.0,0.0,0.0,0.0,0.5084394819141083,0.48369180044279453,0.0,0.0,0.0,0.0,0.5160543950164018,0.5010755819441228,0.0,0.5054503567588763,0.0,0.0,0.0,0.0,0.0,0.5038713100445505,0.0,0.4683800986842785,0.46876443819060476,0.0,0.4838478040527067,0.0,0.5094852845250873,0.0,0.0,0.0,0.47403612056852407,0.0,0.4729851019969912,0.4938347164039258,0.0,0.5036212880289828,0.0,0.0,0.0,0.46356466103216715,0.5196853838559049,0.4963552920343325,0.0,0.47863479993067465,0.0,0.0,0.0,0.0,0.0,0.0,0.0,0.0,0.0,0.0,0.4639950134175461,0.0,0.5075843079097383,0.0,0.0,0.0,0.0,0.5240170203305174,0.0,0.48821267585438566,0.0,0.0,0.0,0.4911268269107571,0.0,0.0,0.0,0.0,0.0,0.0,0.0,0.0,0.4749308570164043,0.0,0.0,0.0,0.0,0.0,0.48859726852200447,0.47930924973719863,0.508281912600171,0.5085583003174857,0.5208488051325627,0.0,0.0,0.0,0.0,0.5206640448207697,0.5054296223990342,0.0,0.514168218299775,0.0,0.48628014256719054,0.49034221368435416,0.0,0.0,0.47791956889814724,0.48878143954517034,0.48748079563816427,0.46490112000194017,0.494862104385575,0.0,0.4841938550012559,0.48005761115042084,0.5058574797617024,0.0,0.0,0.0,0.4951977981140191,0.0,0.0,0.0,0.5231012224587974,0.5168787083990677,0.471180771173672,0.0,0.47593234810657825,0.4650033168913971,0.0,0.0,0.0,0.0,0.0,0.49924560297515214,0.5036779726209555,0.0,0.49886045582272004,0.0,0.5074528530506243,0.5175973914030091,0.46499085031920745,0.5046696527178136,0.0,0.0,0.48898362099360726,0.0,0.48920373997651195,0.0,0.0,0.0,0.0,0.47360352676093537,0.0,0.5327627982242232,0.5072553987147387,0.4964111363303757,0.0,0.0,0.0,0.46078592460182466,0.0,0.4615334276701104,0.46213370677259924,0.5149985154574477,0.0,0.0,0.49966935152548203,0.498079053443795,0.0,0.0,0.0,0.4983788359479083,0.0,0.5148945859081551,0.0,0.4976111969746943,0.0,0.48448134872386156,0.0,0.4974969133112238,0.0,0.0,0.0,0.0,0.5075837306679254,0.0,0.5143887104195334,0.0,0.49591102152157923,0.0,0.5243714461032052,0.4977567036507626,0.4965057483746307,0.0,0.0,0.0,0.0,0.0,0.5063311320745342,0.5088519701944111,0.0,0.49189171309031354,0.0,0.0,0.0,0.0,0.0,0.0,0.0,0.0,0.0,0.0,0.0,0.0,0.0,0.5105162304807802,0.0,0.0,0.0,0.0,0.508978990866984,0.0,0.0,0.0,0.0,0.49567134217717745,0.0,0.0,0.0,0.4935998320871423,0.5126669924594808,0.5201514297741529,0.0,0.0,0.0,0.0,0.0,0.0,0.0,0.0,0.0,0.0,0.46053257992319685,0.5170652326649653,0.0,0.47846778214980235,0.0,0.0,0.0,0.0,0.0,0.0,0.0,0.5159959267674221,0.0,0.0,0.5022108233896414,0.5017486756681229,0.0,0.0,0.4859980415080256,0.5098611380475706,0.0,0.0,0.0,0.516009813518426,0.508460016283918,0.5181969677594782,0.0,0.0,0.0,0.0,0.49010732458188694,0.47901308887062827,0.0,0.4681395130194252,0.0,0.0,0.4987920040210551,0.46068152495580383,0.5037349098265255,0.48672051060145943,0.45333306970446074,0.5026534055572963,0.0,0.0,0.4956866211492631,0.0,0.4428978289793689,0.0,0.0,0.4968816874352449,0.5201692459556592,0.0,0.5162244586001994,0.503952379750366,0.5113660291659778,0.0,0.0,0.0,0.4760853562382452,0.0,0.0,0.5051805723238157,0.0,0.0,0.0,0.5158992519457322,0.49856318016440077,0.0,0.0,0.0,0.0,0.0,0.48442403474675166,0.0,0.0,0.0,0.0,0.0,0.0,0.0,0.48409932421122576,0.0,0.0,0.48989859906146394,0.0,0.0,0.4962876759210983,0.0,0.0,0.0,0.47009221165415993,0.0,0.4871054999539002,0.0,0.4940936976227473,0.499726826710584,0.0,0.0,0.47197797250992896,0.4359343886242093,0.0,0.0,0.0,0.45424166183881454,0.5016736380853424,0.0,0.0,0.0,0.0,0.5174079716191626,0.0,0.0,0.0,0.0,0.4740848863633943,0.0,0.0,0.0,0.0
0.6489732628589404,0.604423895879405,0.6792831041249123,0.6016468543474239,0.0,0.0,0.0,0.0,0.633008912008289,0.0,0.6514485791217812,0.0,0.0,0.0,0.6359819322009412,0.6129888483156283,0.0,0.687479783611993,0.0,0.6499129651122765,0.6329730155434804,0.0,0.0,0.0,0.0,0.0,0.6078767146233786,0.0,0.6732120153316973,0.0,0.0,0.6587434505761658,0.6440565939916447,0.6452289061832372,0.0,0.6477448280549833,0.0,0.69477056227674,0.0,0.0,0.6255334636008963,0.0,0.6433808639697076,0.6584588143766958,0.0,0.682443610357967,0.6942006002629751,0.0,0.6468986094946847,0.0,0.6463017830120633,0.6649346403412789,0.0,0.6545414990077855,0.6361190268143408,0.6468959302000726,0.6237476882119235,0.0,0.0,0.0,0.6393538148978023,0.6632387683034607,0.641756910453459,0.6613048281862345,0.0,0.0,0.0,0.6300211847375785,0.0,0.658973198585929,0.0,0.6320680374247652,0.0,0.6522456049807618,0.0,0.0,0.6497850871673656,0.643710961294684,0.0,0.0,0.0,0.6463328866018314,0.0,0.0,0.6299706640003323,0.637708680126992,0.0,0.0,0.6383704053996383,0.6162673641635598,0.0,0.0,0.0,0.0,0.0,0.659561052056711,0.0,0.0,0.0,0.0,0.0,0.0,0.6415322655691699,0.0,0.0,0.6350122380671871,0.0,0.0,0.6205446735304517,0.0,0.0,0.0,0.0,0.6352430868255573,0.0,0.0,0.6415735836258171,0.0,0.0,0.6618378794326,0.6675944612329402,0.6307516673472443,0.0,0.0,0.6646882775607651,0.644164087791667,0.0,0.0,0.0,0.6458369921480942,0.0,0.0,0.0,0.0,0.0,0.0,0.0,0.6737752395856118,0.0,0.0,0.0,0.620148520743592,0.0,0.6489107521250783,0.6428701739722226,0.6247545404569188,0.0,0.6147595883046361,0.0,0.0,0.0,0.6486613364756039,0.0,0.0,0.6246799401516551,0.0,0.0,0.0,0.623733543160924,0.0,0.0,0.0,0.0,0.0,0.0,0.0,0.0,0.6069552684190378,0.0,0.0,0.0,0.0,0.0,0.0,0.6142591352953055,0.6515725551068603,0.0,0.6320675510055701,0.6135256795894332,0.0,0.626124744820224,0.0,0.0,0.0,0.64043961656064,0.6377303817211728,0.0,0.0,0.0,0.0,0.0,0.0,0.0,0.0,0.0,0.6647119297433279,0.0,0.0,0.0,0.6226162663184778,0.0,0.6385528475899112,0.0,0.6264669944830832,0.6800904281865429,0.0,0.0,0.0,0.6153584588487098,0.0,0.0,0.6586050148595346,0.0,0.0,0.6644969409911559,0.6736982301586066,0.0,0.6353036924709584,0.0,0.0,0.0,0.0,0.0,0.6262097347786394,0.5941834918002922,0.6203708800209848,0.0,0.6586541873667566,0.6522200362654343,0.6626180502598884,0.6350495178103042,0.6713312386446194,0.0,0.0,0.0,0.6522610162858525,0.0,0.6643059005515376,0.0,0.6576387855726336,0.0,0.0,0.0,0.0,0.0,0.0,0.0,0.6316224844360524,0.0,0.6328581617574321,0.6330487973843666,0.0,0.0,0.0,0.633454571135336,0.6582039814481998,0.0,0.0,0.0,0.6545555827687,0.6517120349250518,0.0,0.6334436451895357,0.0,0.0,0.0,0.0,0.0,0.0,0.0,0.0,0.0,0.0,0.0,0.6281607028771757,0.0,0.0,0.6387867729172807,0.6520230217603056,0.6167704237781986,0.0,0.0,0.6133553035449449,0.0,0.0,0.0,0.0,0.0,0.6523975614402365,0.6442029761674386,0.644367064478415,0.0,0.6200019224688442,0.6311931988569852,0.6526345493044761,0.6264165508120844,0.5983629639086697,0.6735461152250876,0.0,0.6324339760357977,0.0,0.0,0.6236533360551569,0.0,0.0,0.6572795303967486,0.0,0.6239719193831931,0.0,0.6256486100606442,0.0,0.6851217857859826,0.0,0.0,0.0,0.6507911172720217,0.0,0.0,0.6447393511266424,0.0,0.6675600100436994,0.6314021271740377,0.6507603101842109,0.0,0.0,0.0,0.0,0.6533480593275505,0.0,0.6595011896230709,0.6177115835093874,0.0,0.6275503294504537,0.0,0.6545808371223361,0.0,0.0,0.0,0.0,0.6488901081731869,0.0,0.6250250112557549,0.0,0.6305152376704697,0.6606459326171198,0.0,0.6079782921632003,0.0,0.6802357645599961,0.0,0.6533015845491977,0.0,0.0,0.0,0.6258462866784316,0.0,0.0,0.6606855257120281,0.6477817985477236,0.6395476221062522,0.0,0.0,0.0,0.0,0.0,0.0,0.6370233588334097,0.6495617309348516,0.0,0.0,0.6387374730202785,0.6274933471643188,0.0,0.6269344971445836,0.0,0.0,0.0,0.0,0.6329103242715741,0.0,0.6461806496669972,0.6706667509683498,0.0,0.6545928846550106,0.0,0.0,0.6430652965638729,0.0,0.6797588568820614,0.0,0.0,0.6236280270740048,0.0,0.6180998111128287,0.0,0.0,0.0,0.630098876785191,0.6647104768220412,0.0,0.0,0.0,0.0,0.0,0.0,0.6405789273350799,0.643967227975804,0.0,0.6180625943887159,0.0,0.0,0.0,0.6422189925008017,0.0,0.6683974429756082,0.6410197041704806,0.0,0.0,0.0,0.6615862915033858,0.6720157607000993,0.6227189957067041,0.0,0.0,0.6483403136369635,0.0,0.0,0.6350631664603483,0.0,0.0,0.0,0.6429895373460319,0.0,0.6855574844840014,0.6482689427223315,0.6391613274309941,0.0,0.0,0.6595330951022914,0.0,0.6018020695813641,0.0,0.0,0.0,0.0,0.0,0.6333006196150429,0.0,0.0,0.6074194075325635,0.6329344606108132,0.6457692614601246,0.6445284119264997,0.0,0.0,0.0,0.0,0.0,0.0,0.0,0.6380509143255116,0.0,0.0,0.0,0.0,0.6079476196400683,0.6336877414468602,0.0,0.0,0.6412531112344806,0.6573522622329593,0.0,0.6471976737183192,0.6461472101366643,0.0,0.0,0.0,0.0,0.0,0.6182930950534379,0.0,0.6237920437421323,0.0,0.0,0.6374480193906562,0.0,0.0,0.0,0.6218239793351915,0.0,0.6751632173912686,0.0,0.0,0.0,0.6677019183793584,0.0,0.0,0.0,0.631701516213429,0.6316318335570166,0.6545815002920994,0.6506567424150862,0.0,0.6458015272229293,0.0,0.6336214349888714,0.0,0.0,0.6623474611743833,0.0,0.652248644636099,0.6434222142528292,0.0,0.0,0.0,0.6294080763510629,0.0,0.0,0.0,0.0,0.0,0.0,0.0,0.0,0.0,0.0,0.0,0.0,0.0,0.0,0.6476260037572674,0.6309795834579396,0.0,0.0,0.0,0.0,0.0,0.0,0.0,0.0,0.0,0.0,0.0,0.0,0.6201626847903811,0.0,0.0,0.0,0.0,0.6200726423343698,0.6387529327967342,0.6287601859209042,0.0,0.0,0.0,0.0,0.0,0.0,0.0,0.627301923982389,0.677470069587896,0.6558062097281772,0.0,0.0,0.6345624744071434,0.0,0.6448125871903616,0.0,0.0,0.0,0.0,0.6671682612229203,0.6265012139060429,0.0,0.0,0.624749575351309,0.0,0.0,0.6417918072506489,0.0,0.5994882354080172,0.6790953429456573,0.0,0.0,0.0,0.0,0.6791993526136547,0.0,0.0,0.0,0.0,0.0,0.6538696565077701,0.6434906396422627,0.0,0.0,0.6629602591823311,0.0,0.0,0.674216136377881,0.6377997988686939,0.0,0.0,0.668097681698473,0.0,0.0,0.0,0.0,0.0,0.6035782648226093,0.0,0.0,0.0,0.0,0.6658853093644836,0.0,0.0,0.0,0.0,0.0,0.6331346118733718,0.0,0.0,0.6647211718982652,0.0,0.0,0.0,0.0,0.6555551822711368,0.0,0.0,0.0,0.0,0.0,0.0,0.0,0.0,0.0,0.0,0.0,0.0,0.0,0.0,0.6564109858341716,0.0,0.6627349648198709,0.0,0.0,0.0,0.6408240925520381,0.6759807481022855,0.0,0.0,0.632628277163347,0.0,0.0,0.6479061091278054,0.0,0.0,0.0,0.0,0.6453703985141409,0.0,0.0,0.0,0.632007095550555,0.6371607704099227,0.0,0.0,0.6727228105149804,0.6211503929388317,0.0,0.6497591315226261,0.0,0.0,0.0,0.644250552602419,0.6325538533727656,0.0,0.0,0.665418328441885,0.0,0.664133708932443,0.6408246839257139,0.6295495926168874,0.0,0.0,0.6414786606537652,0.6063405364736506,0.0,0.0,0.0,0.0,0.0,0.6214272913814866,0.0,0.629504685732535,0.0,0.0,0.6110446105301872,0.0,0.630480440959658,0.0,0.0,0.6460567752335112,0.0,0.0,0.6040119446916005,0.651697125410982,0.0,0.663182255985367,0.0,0.628581723782533,0.0,0.0,0.6225969627967394,0.0,0.0,0.6286089896731725,0.0,0.0,0.0,0.0,0.0,0.0,0.6315731264499483,0.6572235803555476,0.0,0.6581399764297555,0.0,0.6726148130501608,0.0,0.0,0.0,0.0,0.0,0.0,0.0,0.0,0.6546152016944473,0.6403922222775377,0.0,0.0,0.0,0.0,0.6367875701739518,0.0,0.0,0.6179363784550806,0.6373027421815066,0.6673665102442025,0.0,0.6742755817164389,0.6294759259634681,0.6219752612467122,0.0,0.62573695128704,0.6101587193857727,0.6505977874227062,0.6117948946548856,0.6558677934600918,0.631468303486119,0.6453438152306918,0.6521039550963652,0.0,0.0,0.6152461817127621,0.0,0.0,0.0,0.6231666191093089,0.0,0.0,0.0,0.622503729781943,0.6529603416304083,0.0,0.0,0.6384209707746318,0.0,0.6561751555175661,0.0,0.0,0.0,0.0,0.0,0.0,0.0,0.0,0.0,0.0,0.6600172450264294,0.0,0.0,0.0,0.0,0.0,0.6602976743583537,0.664226511062458,0.6461954525253375,0.6446698388619452,0.6591937261212233,0.6690800884134781,0.0,0.0,0.0,0.0,0.0,0.0,0.0,0.0,0.0,0.0,0.0,0.6158502629003497,0.0,0.6347154904096786,0.6346292880670911,0.0,0.0,0.0,0.0,0.0,0.6365809367950446,0.0,0.0,0.0,0.0,0.6489544380981195,0.6239229808375893,0.630174387717837,0.0,0.0,0.6612098554799615,0.6431433023731523,0.6579238279836054,0.6245773506657565,0.6319162248749667,0.6364564205497081,0.6635359847894989,0.6322415187833845,0.0,0.0,0.0,0.0,0.0,0.0,0.0,0.6358032112571034,0.0,0.6371570695503864,0.0,0.6732170805884947,0.0,0.0,0.0,0.0,0.0,0.0,0.6450781893720272,0.0,0.6758132173261165,0.0,0.0,0.0,0.0,0.0,0.6334572871506707,0.617818733527383,0.0,0.6863348301314511,0.0,0.6546307373834158,0.0,0.0,0.0,0.652647686462068,0.6338661745084433,0.0,0.6122666015198763,0.6415375145881046,0.6727182273439994,0.0,0.0,0.0,0.6590442441400377,0.0,0.0,0.0,0.6256827913296131,0.0,0.0,0.0,0.0,0.0,0.0,0.0,0.6700314234433763,0.6186536029500246,0.6350144731837835,0.5834069695950721,0.0,0.0,0.0,0.6337226934497178,0.0,0.0,0.0,0.0,0.0,0.0,0.6318683528132775,0.5922009053826995,0.646050512890881,0.6465509426870066,0.0,0.5980527479802881,0.0,0.6435026749768563,0.0,0.0,0.640126608284365,0.0,0.6443327893056788,0.659124705663461,0.0,0.6148164348855193,0.6492228715914821,0.0,0.6809203493612076,0.6539437684007898,0.6707809337274013,0.0,0.6104230265121366,0.0,0.6151101139924849,0.6342497129091916,0.0,0.0,0.6522517640732491,0.6612726813131443,0.0,0.0,0.0,0.636122833526869,0.6483405411825539,0.0,0.0,0.6359858536946278,0.6352887502658352,0.0,0.6355980408436918,0.6299420820919013,0.0,0.0,0.0,0.6607696286495096,0.6506668092713753,0.0,0.6515334784006217,0.0,0.0,0.6454232193711461,0.0,0.0,0.0,0.0,0.6499336122163158,0.0,0.6411196952698412,0.6546725608180061,0.0,0.0,0.6815173340135137,0.6543285734238554,0.0,0.6241199539820518,0.0,0.0,0.0,0.6287092259387285,0.6674765742028826,0.0,0.6538287626504706,0.6368223339391703,0.659955157178142,0.0,0.628493057103674,0.0,0.0,0.6569787666012303,0.0,0.0,0.6318325641562463,0.0,0.0,0.0,0.0,0.5995639788833308,0.0
0.06553142181352048,0.04945314188725795,0.06671318492052118,0.0,0.0,0.0,0.0,0.0,0.0,0.0,0.0,0.0502484322875322,0.0,0.0,0.0,0.07220477445002518,0.0,0.0,0.0,0.0,0.0,0.0,0.0,0.0,0.056170576421703464,0.0,0.0,0.0,0.042889234850330686,0.0,0.0,0.07714430449930046,0.0,0.0,0.0,0.0,0.0,0.05996538188579506,0.0,0.0,0.0,0.0,0.0438515150242774,0.0,0.0,0.0,0.09111279901173265,0.07295854783748768,0.0,0.0,0.0,0.0,0.0,0.0,0.0,0.0,0.08662105648748233,0.05087770888639318,0.0,0.0,0.0,0.073461084154193,0.045690812085206624,0.0768491032037742,0.0,0.0,0.04985663290287073,0.07809096478414297,0.0,0.07626431189809782,0.0,0.0,0.0,0.04955380771093192,0.0,0.0,0.0,0.0,0.07094882755310183,0.09004673180880811,0.09027115081927332,0.0,0.0,0.0,0.0,0.0,0.0,0.059878401379339696,0.0,0.0,0.0,0.0,0.0802732788811675,0.0,0.0,0.04589482424343075,0.0,0.07144797943394406,0.0,0.0,0.0715627221746314,0.0,0.0,0.0,0.0,0.04576162392134878,0.030614165398018096,0.0,0.0,0.0,0.0,0.0,0.1026281095415474,0.0,0.0,0.0,0.07260892610323301,0.0,0.0,0.046828548526495414,0.0,0.0,0.07540606095011973,0.0,0.052743540194533485,0.0665137176301977,0.06667050445816532,0.0778106580176785,0.0,0.0,0.05359401064230371,0.0,0.0,0.07694414294511086,0.06513472712992385,0.0,0.0,0.0,0.0,0.06583496624603605,0.0,0.0,0.06040802499026158,0.06236924610373525,0.0,0.06272767404585347,0.0,0.0,0.0,0.049859840538451564,0.07381240385911145,0.0,0.07092256969413531,0.08778283203912333,0.08333145341958575,0.0,0.0,0.0,0.0,0.06698213437507916,0.0,0.0,0.0,0.0,0.0,0.0,0.0,0.0,0.05569647083638633,0.0689344925490157,0.0,0.0,0.0,0.0,0.0461831547367445,0.0,0.050167900684883526,0.0,0.04161540963060258,0.0,0.07937283873441349,0.08935212069708465,0.0,0.0,0.07172815209895199,0.0,0.05742532087721357,0.0,0.061765406015634974,0.062458316467840266,0.0,0.0,0.0,0.04086975530716931,0.0,0.04883776621915346,0.0,0.0,0.06219569771196378,0.0,0.09479950711672616,0.07368448627955315,0.0,0.0,0.0,0.0,0.05696437098052306,0.04006227807537356,0.0,0.0,0.0,0.0,0.05894251077262445,0.0,0.0,0.0,0.0,0.0,0.0,0.0,0.06789636908315758,0.0,0.061216607096763936,0.0,0.0,0.08025383976334026,0.06242613177356681,0.0,0.0,0.05738380500384803,0.0,0.0,0.0,0.04894146475476127,0.0,0.0,0.03817423261111888,0.0,0.06746550381924868,0.0510127330430153,0.0,0.0,0.05783715159382779,0.0,0.0,0.09393219095553668,0.07696664902552618,0.07452703026998306,0.0,0.0,0.0,0.0,0.0,0.057614338537178386,0.0,0.0,0.0,0.0,0.08772687864745513,0.09335357857443956,0.0,0.0,0.0,0.0,0.0,0.0,0.0,0.0,0.05239808076142014,0.0,0.0,0.05914554827653445,0.09101510817718812,0.0,0.05436428543194526,0.0,0.05586367761908062,0.0,0.0,0.0,0.0,0.0789963864665547,0.0,0.0,0.0,0.0,0.0,0.10049628239191155,0.05084687671293169,0.05564571239010371,0.0,0.036949166524375354,0.0,0.0,0.0573167614654142,0.09293880877042594,0.02038283828275906,0.06119773408268884,0.08517619065653166,0.036471943792196065,0.0,0.053452347602650566,0.06698400923117126,0.0,0.0,0.04424478807075063,0.05950777763176474,0.0,0.0,0.0754068496419554,0.0,0.0705562395231249,0.0,0.0,0.0,0.0,0.07197018603946086,0.07320438007740832,0.0,0.0,0.0,0.0,0.0,0.0,0.0,0.08299616803957373,0.0,0.0,0.0,0.0,0.08901817819953081,0.0,0.06731423098005916,0.0,0.0,0.0,0.0,0.0,0.0,0.09275366170496224,0.0,0.051144204087958826,0.0,0.0899929001164935,0.0,0.0,0.08013986367807009,0.0,0.0,0.06087265061187122,0.06292211868802541,0.06330731101015898,0.0,0.0,0.0,0.0,0.0,0.0,0.0,0.0,0.0,0.050910368514004746,0.06413784906332606,0.08136256897889207,0.03943125182239844,0.06745146897701307,0.0,0.0,0.09865996075227769,0.0,0.07583738286054173,0.06649669596352047,0.0,0.0,0.06648905740534729,0.0,0.0,0.08073907574098316,0.0,0.04535199163181968,0.06503406431109052,0.08528735852784212,0.05687964293084629,0.0,0.0,0.06876061800495427,0.07905097692267996,0.0,0.06804834651381682,0.07021474252166177,0.0,0.0,0.0,0.0,0.0,0.08766407447127265,0.06713753184784171,0.0,0.04603967273248502,0.05663468264173363,0.08772066194912814,0.04034666286200531,0.04895968185507226,0.0,0.0,0.0,0.05375100912684098,0.0,0.04746984584577563,0.05050990290054363,0.045276189581418214,0.05109719407197726,0.10024963724058994,0.0,0.09235765686737084,0.0,0.0,0.0,0.0,0.0,0.0,0.0,0.0,0.0,0.0,0.0,0.0,0.0,0.0,0.0,0.059220018157582544,0.0,0.06595301389018371,0.0803594478416836,0.0616547040462978,0.04249648336224107,0.06397263327122796,0.059529004795308926,0.08452286185295171,0.052646363444708744,0.0,0.039920972787340844,0.0,0.0,0.0,0.0,0.06013115302748769,0.0,0.06418356544160014,0.0,0.0,0.0,0.0,0.0,0.0,0.0,0.0,0.10290542186263815,0.0,0.0,0.0,0.0,0.0,0.0,0.07996239412725376,0.0,0.08867100086202105,0.0,0.0,0.0,0.0,0.0,0.0,0.0,0.0,0.07264337574492559,0.03082602761908342,0.07957825539343896,0.06971357726608422,0.0,0.0,0.0,0.0,0.0,0.07333903953129897,0.0,0.0,0.05779113362439491,0.05138213243769797,0.0,0.09180127614376968,0.0519594232183506,0.07407307758596543,0.0,0.0,0.0,0.0,0.08162719825330932,0.0847443951716135,0.0,0.033235147926687386,0.05332409156073608,0.0,0.08633739820450999,0.056264395269011766,0.052690057555908734,0.0,0.07093803632890833,0.06095001856245342,0.0,0.04199817931436963,0.0,0.08125920123439516,0.0,0.0,0.0,0.06004082038206923,0.05464869950456454,0.0,0.037667285045865743,0.0,0.05855388265521252,0.0,0.0,0.0,0.0,0.07153166938001762,0.0,0.0,0.0,0.0,0.06850648498797432,0.06422322159865251,0.0,0.0,0.0,0.0,0.06639145967378036,0.0,0.06030932324509112,0.0,0.0,0.058393018580374136,0.0,0.0,0.0,0.0,0.051844718920762214,0.0,0.08314902135444914,0.0,0.0,0.0,0.0,0.04737777605386463,0.0,0.0,0.0,0.06483974256603903,0.0,0.0,0.05783332936294498,0.0,0.0,0.0,0.0,0.0,0.07100248887763541,0.09660864041363394,0.06326764429544755,0.0,0.08117355606847132,0.0,0.07741398454961076,0.0,0.03951062795100705,0.0,0.0,0.10501684938398394,0.0,0.0,0.039844405755899405,0.0,0.061340096752768844,0.06918307671607148,0.0,0.0,0.05255212549209836,0.0,0.0,0.0,0.0,0.0,0.0,0.0,0.0,0.057303099691953824,0.0,0.052341726734015076,0.0,0.07051904988765002,0.0,0.08065072976174809,0.0,0.0,0.08112196212527563,0.0,0.04893998540942461,0.0,0.0,0.0,0.03628523897914454,0.03723371836724904,0.04175348316038032,0.0,0.05219195709702265,0.0,0.05825974057866246,0.0,0.06818264421202005,0.0,0.0,0.0,0.07351427854420539,0.05410065264762172,0.0834304287569688,0.06464231140187685,0.0,0.0,0.08254382866705305,0.0,0.0,0.0899860735363309,0.0,0.060937231935565425,0.06164061192655553,0.06677567265837232,0.0,0.0,0.0,0.07104792374945613,0.0,0.0,0.04711754382544015,0.0,0.0,0.0,0.0,0.07933026275616041,0.0,0.0,0.0,0.0,0.05802777562635747,0.0,0.0,0.08294487834119872,0.0,0.0,0.0,0.0,0.06545587407124813,0.0,0.0,0.06140309788249049,0.0,0.0,0.05272139468086842,0.0,0.0,0.09924434991838135,0.0,0.0176874222133864,0.0,0.0,0.0,0.0,0.07096721929295739,0.0,0.08572705299806908,0.07621782195481712,0.06761840315954655,0.06605382211468959,0.0,0.0,0.0,0.0,0.07946443770363516,0.0,0.0,0.0,0.0,0.0,0.0,0.0,0.08545467208940699,0.09529723330909586,0.0,0.06286331724636626,0.0,0.0,0.0,0.0,0.0734668731933211,0.0,0.0,0.06691037444264039,0.06104965911456884,0.0806968675205112,0.06393507744187309,0.07507613206336974,0.05155200103941418,0.0,0.0,0.0,0.09361600846112474,0.06137816059406486,0.05146594577214349,0.0,0.0,0.050711491153931434,0.0,0.059877384404446066,0.0,0.0,0.0,0.056691284653966056,0.04657500021996631,0.06016443543538068,0.0,0.08661376059824326,0.06141199415674161,0.0,0.042150874265158435,0.0,0.05182849969131774,0.0,0.06832980284435859,0.02577593731282231,0.055852063037580835,0.0,0.07946595759058858,0.055374121299950715,0.06478836317137358,0.0,0.0,0.06617090988000185,0.0,0.08327775976343113,0.05825365805632709,0.0,0.062068314368958134,0.0,0.0,0.055597552261598786,0.052006952016976554,0.04355116858376915,0.0,0.0,0.0,0.0,0.0,0.06340198094073608,0.0,0.0,0.04666055499409384,0.0,0.0,0.0,0.0,0.0,0.0,0.0,0.0,0.0,0.0,0.07753828812833577,0.08257767976658004,0.0,0.0,0.0,0.0,0.0,0.0,0.055938122186272775,0.0,0.0,0.0,0.0,0.0,0.0,0.04495584240328694,0.0,0.0,0.055301057920680935,0.04816409270228831,0.0,0.0,0.0,0.0,0.0,0.0613339763264269,0.0,0.053246730050856846,0.0,0.0,0.0,0.0,0.0,0.0,0.0,0.0,0.0685402439965636,0.057546219916457,0.0,0.0,0.08625486920071826,0.05991963197487419,0.08462093534083671,0.0,0.0,0.0,0.0704496016747631,0.0,0.0,0.06613363813313838,0.0,0.0,0.0,0.0,0.04074208930665152,0.0,0.0,0.0860659840696935,0.0,0.0,0.0,0.0,0.07530631491125818,0.06374992248338468,0.047634787057134254,0.0,0.0,0.0,0.0,0.0,0.0,0.0,0.05009101297137704,0.0,0.07677404624565899,0.06272888951861733,0.0,0.0,0.0,0.0,0.0,0.0,0.0,0.0,0.055784778275954704,0.05552796735758865,0.05226809879298627,0.0,0.0,0.0,0.0,0.0,0.06695786146798785,0.04985694940936134,0.08519639716566287,0.07467354538697864,0.0,0.0,0.0,0.0,0.0,0.0,0.07116003380631054,0.058088320259965937,0.0,0.09811928996888529,0.0,0.0,0.09054314777719943,0.047781911655424676,0.0,0.0,0.0,0.0,0.0,0.0,0.0,0.0,0.05735341482421768,0.09662826257773813,0.0,0.06440661042794736,0.0,0.0,0.0,0.0,0.0,0.0,0.0,0.07251058686864797,0.06163728901745531,0.0,0.0,0.05935976097172151,0.0,0.0,0.0,0.09825228102333416,0.07998294288853301,0.050132156608725095,0.0,0.0,0.0,0.0,0.0,0.0,0.084238504410556,0.0,0.05121698229340767,0.0,0.058121146783232214,0.07313515050172299,0.05483832520867332,0.0,0.0,0.0699883576752592,0.0,0.06888023867667487,0.0,0.0,0.0675098925467374,0.0,0.0,0.0,0.07743731115818699,0.07759771615913892,0.0,0.07567144955758082,0.0,0.0,0.07910782794774236,0.0,0.0,0.0,0.0,0.0640459923062965,0.0,0.0,0.04953684560735976,0.0,0.0,0.06023256137302705,0.0598131631173421,0.0,0.0,0.0,0.059448713553682454,0.0,0.06931251346064024,0.0,0.0,0.0,0.06071012084150518,0.056508655534059975,0.0,0.08254547462057653,0.0,0.0,0.0,0.0,0.0,0.0,0.0,0.04277029745814249,0.0,0.049642440326737605,0.0,0.05290956098518755,0.06633219867690197,0.042112170565601244,0.040598825448048353,0.0,0.0,0.055146250897998524,0.0,0.0,0.0,0.0368923411692352,0.0,0.0,0.058782046372644454,0.0,0.09462350488300722,0.05347135675134532
0.0,0.0,0.0,0.8637371325801555,0.0,0.8668854939099853,0.0,0.0,0.0,0.0,0.8719052870753339,0.8626353811259009,0.8540193741885566,0.0,0.0,0.8665152184076113,0.0,0.0,0.0,0.8640314149967605,0.0,0.0,0.8828645047530814,0.885939380086238,0.0,0.0,0.0,0.883620776062667,0.0,0.0,0.8886854582746719,0.0,0.8851083940185046,0.8815500523464891,0.0,0.0,0.0,0.8903962489258447,0.0,0.0,0.0,0.0,0.8829645101161826,0.0,0.0,0.0,0.8795652732888654,0.0,0.8338315835316711,0.8764243089060382,0.0,0.0,0.8779434052184791,0.0,0.8798200515167041,0.8290900324196123,0.8452857416932145,0.0,0.0,0.0,0.8733956365969288,0.8755572946303581,0.0,0.8571579024714682,0.0,0.0,0.0,0.8753740281161309,0.0,0.0,0.0,0.0,0.0,0.0,0.0,0.0,0.8509525713153056,0.0,0.8690005841390365,0.0,0.0,0.0,0.0,0.0,0.0,0.8714684179490028,0.0,0.0,0.8804664883681429,0.0,0.0,0.0,0.0,0.0,0.0,0.0,0.0,0.835893470129404,0.0,0.0,0.877304392590007,0.0,0.0,0.0,0.0,0.8669226484952477,0.8954278309887292,0.0,0.0,0.0,0.8682745714547521,0.0,0.0,0.0,0.0,0.0,0.8709739729726935,0.0,0.0,0.8930278035303929,0.857242539275562,0.0,0.8918511839912888,0.0,0.0,0.8854466041552661,0.0,0.0,0.0,0.0,0.8670104161773052,0.8846587529608866,0.0,0.0,0.0,0.0,0.0,0.8587739815157504,0.0,0.0,0.0,0.8589099843472201,0.8915928989404515,0.0,0.0,0.8319330208783409,0.0,0.0,0.0,0.8807672277859915,0.0,0.8557547424646388,0.0,0.8790519605973979,0.8791908186373252,0.0,0.8869832661688829,0.0,0.0,0.8670993349158125,0.0,0.0,0.0,0.0,0.0,0.8736256758963845,0.0,0.8904278551632385,0.8399114679819515,0.8583426399766758,0.0,0.0,0.0,0.8902415327669417,0.8788538536188845,0.8793101150870347,0.0,0.0,0.8465866212127123,0.0,0.0,0.869001984716788,0.0,0.8799593621765704,0.8717475932629875,0.0,0.8526114579378286,0.0,0.0,0.0,0.0,0.0,0.0,0.0,0.8645143524171391,0.0,0.8689122429305265,0.8859370133288811,0.8741636239332455,0.8617025103192484,0.0,0.8313839593751436,0.0,0.0,0.0,0.8659586017831081,0.0,0.0,0.8690511019230563,0.0,0.8760653513736278,0.8765271053423773,0.8472615777556035,0.0,0.881165657484047,0.0,0.0,0.0,0.0,0.0,0.0,0.0,0.900800883682383,0.8953461061350981,0.0,0.0,0.8702152576493741,0.8509734571688549,0.8453240450275156,0.0,0.0,0.0,0.0,0.0,0.0,0.8886939955652434,0.8417718395292234,0.9131102727547701,0.8671587168272519,0.8695402200968051,0.8583615511481282,0.9008810578092193,0.8843354547402565,0.0,0.879712165505859,0.8704921523767396,0.0,0.8674928496077209,0.0,0.0,0.0,0.0,0.8909095210736199,0.8749955269084445,0.0,0.0,0.0,0.8778514598302803,0.870982480731745,0.8418956452482216,0.8292680598698814,0.0,0.0,0.0,0.0,0.0,0.0,0.8731163399876137,0.0,0.852195228776648,0.8351831090492472,0.0,0.0,0.0,0.0,0.0,0.0,0.0,0.8523549350095696,0.0,0.0,0.0,0.0,0.0,0.9002842224368427,0.0,0.0,0.0,0.0,0.8867764803854202,0.0,0.0,0.0,0.0,0.0,0.8806210953805302,0.8618947462645739,0.8607503361554001,0.8610001946042667,0.8719162189229376,0.0,0.0,0.8870608409518366,0.0,0.8871891210935382,0.0,0.0,0.8806684325897833,0.0,0.8966700580926078,0.0,0.0,0.8747063971155762,0.0,0.0,0.0,0.0,0.8601571744846372,0.8744992260032368,0.0,0.0,0.8368300690155684,0.8735769389815567,0.0,0.0,0.0,0.8651263855798047,0.0,0.872927639875222,0.0,0.0,0.0,0.0,0.8900448344197948,0.8735011892334077,0.0,0.0,0.0,0.8806183047322339,0.8805150645734474,0.8809922785657166,0.0,0.0,0.8791714251664451,0.0,0.0,0.0,0.8724130237815144,0.9079080363356374,0.8462671394922763,0.854642667898943,0.0,0.0,0.8906476006586043,0.0,0.0,0.0,0.0,0.0,0.0,0.0,0.0,0.0,0.0,0.0,0.0,0.8730347426154592,0.0,0.0,0.8792767649299655,0.8696464960010631,0.8917165687507564,0.0,0.8560882588442357,0.8874435596776908,0.0,0.0,0.8696093278048119,0.0,0.882016716913808,0.0,0.8631883406116775,0.0,0.861791924303721,0.0,0.0,0.879146715472045,0.0,0.0,0.0,0.0,0.8545242415187614,0.0,0.0,0.0,0.8821471328274164,0.0,0.8730307453959726,0.0,0.8558196652933446,0.0,0.0,0.849949697052109,0.0,0.0,0.8978137124820106,0.0,0.0,0.0,0.0,0.0,0.9096703685854054,0.8805296912604442,0.0,0.864606613607458,0.0,0.0,0.8630361389223623,0.0,0.8849648536934732,0.0,0.0,0.8770677813273409,0.0,0.8808501329534354,0.8745180824283926,0.0,0.8308009873340283,0.8368594569099423,0.8836545994803188,0.0,0.0,0.0,0.8866666290074586,0.0,0.9081004245828977,0.0,0.8574556298751369,0.8777719476235685,0.0,0.0,0.0,0.0,0.8527547255357117,0.0,0.8684211878067318,0.0,0.0,0.0,0.865815721370632,0.8772139603225749,0.890806988313919,0.9061921469733116,0.0,0.0,0.8926198720429317,0.8983333555916594,0.8646276757964921,0.8840281238187054,0.0,0.8858864682383072,0.0,0.0,0.0,0.8716966000413271,0.9062450001515532,0.0,0.0,0.0,0.0,0.8265598002240493,0.8879773132472352,0.0,0.8398497590798086,0.0,0.0,0.8555850464054313,0.8783744112925163,0.0,0.8587857048040111,0.0,0.0,0.0,0.8593098643805683,0.0,0.0,0.0,0.0,0.0,0.8723035236178274,0.883384835604811,0.8846196956779583,0.0,0.0,0.8550429595893506,0.0,0.0,0.0,0.8892230256937081,0.8435903128919693,0.8549513359718596,0.0,0.8660756674029803,0.0,0.0,0.0,0.0,0.0,0.8855346790627191,0.842052047712084,0.8872906949420158,0.0,0.0,0.8760102627021217,0.0,0.8598885324984576,0.0,0.0,0.0,0.0,0.0,0.8944224919312244,0.0,0.8904187886429642,0.0,0.0,0.8710225476068153,0.0,0.0,0.0,0.0,0.0,0.885155439470904,0.0,0.8561831153077457,0.87660343354,0.0,0.0,0.8630845124983773,0.0,0.0,0.0,0.0,0.0,0.8532953091766123,0.8764067646795541,0.8797317801281306,0.9029214352639275,0.0,0.0,0.8896779109735833,0.0,0.8866433594859437,0.0,0.9064301032492666,0.0,0.9162623449163102,0.8871107260137535,0.8836993479102135,0.0,0.0,0.0,0.0,0.0,0.8583434816527992,0.0,0.8680393527787439,0.8634857754989396,0.0,0.0,0.0,0.0,0.8518363198268241,0.0,0.0,0.0,0.0,0.898826136753517,0.8814633575224666,0.0,0.8444957275337249,0.8851153137750796,0.0,0.8541560906403101,0.0,0.0,0.8624902809478041,0.0,0.8725866841037493,0.0,0.8628942894486239,0.0,0.8623419882403971,0.8779502259317444,0.0,0.0,0.0,0.0,0.8886726559825447,0.8817400899653618,0.0,0.0,0.0,0.0,0.0,0.0,0.0,0.0,0.0,0.0,0.0,0.0,0.0,0.8657318104249003,0.0,0.0,0.0,0.0,0.0,0.0,0.8779950802852363,0.8840217076275887,0.0,0.8556496251550612,0.0,0.0,0.0,0.0,0.0,0.0,0.8673676188534394,0.8916884126004603,0.0,0.0,0.8657087650308581,0.8864562891349824,0.8568677317819868,0.9034121563665104,0.0,0.0,0.0,0.8576934543922072,0.8687075677433493,0.0,0.0,0.0,0.0,0.0,0.8799105115752337,0.8603126440518822,0.8590590680075627,0.0,0.0,0.0,0.0,0.8825489950311507,0.8522767387080751,0.0,0.0,0.0,0.0,0.0,0.0,0.0,0.0,0.8767043250931865,0.0,0.0,0.8889321877001469,0.8443050610861664,0.8414181012091008,0.9039928537504761,0.0,0.8569606920879258,0.0,0.0,0.8639802690382729,0.0,0.0,0.8984403120867426,0.0,0.0,0.0,0.8528502923137156,0.8589548401662626,0.8690571703193879,0.0,0.0,0.0,0.0,0.892678355929109,0.8519536036318793,0.0,0.0,0.0,0.8826841032237976,0.868293108233141,0.0,0.0,0.0,0.0,0.0,0.85276249755146,0.0,0.8744210766625047,0.0,0.8791717647862399,0.0,0.8880275649662993,0.0,0.0,0.0,0.0,0.0,0.8427839400418915,0.8579539209790182,0.0,0.0,0.0,0.0,0.8792078561480133,0.0,0.0,0.0,0.8663135383265466,0.0,0.0,0.0,0.0,0.0,0.8617945425212924,0.8847136160523835,0.8704495014887254,0.0,0.0,0.0,0.0,0.0,0.0,0.0,0.0,0.0,0.0,0.9085175056019466,0.0,0.0,0.8823826965302973,0.8513107167134798,0.0,0.894913459336253,0.8778725100819155,0.0,0.8761382072223503,0.8612240054571331,0.8759299857121132,0.8639880888924747,0.0,0.0,0.8735101496312102,0.0,0.8936410684180417,0.8717936590513827,0.8708259383866694,0.8837826653120388,0.0,0.858167622212729,0.0,0.8441744475105221,0.0,0.0,0.0,0.0,0.8915405850626724,0.0,0.8781842970334401,0.0,0.0,0.8790762898211383,0.9052514115863846,0.8993364905650089,0.0,0.8821212143926904,0.8589171869088971,0.0,0.0,0.0,0.0,0.0,0.0,0.0,0.0,0.0,0.0,0.8916575033531564,0.0,0.8995745281169039,0.0,0.8376987289848602,0.8892636224600754,0.8718799454837014,0.0,0.0,0.0,0.0,0.0,0.0,0.0,0.0,0.0,0.8656995476046592,0.0,0.0,0.8574670534006464,0.0,0.8856157762893782,0.8754506968678096,0.8515447759491873,0.8701208878677976,0.8842162424661092,0.0,0.0,0.0,0.0,0.8584746384202383,0.0,0.0,0.0,0.8768086821604643,0.0,0.8705924854856358,0.0,0.8787679269001959,0.8814098231418435,0.8808126610773771,0.8512628474599626,0.8487925425454832,0.0,0.0,0.8583491405958761,0.8834712460832801,0.0,0.0,0.0,0.0,0.0,0.8912260528280057,0.0,0.0,0.8773851494485868,0.875054185781918,0.0,0.8969808632165012,0.8704612936881306,0.0,0.0,0.0,0.8903252111831831,0.0,0.0,0.8537830873399369,0.8887456620917951,0.0,0.8496432181687588,0.0,0.0,0.0,0.0,0.0,0.8597342770633737,0.0,0.8877507618671464,0.9028949050454177,0.0,0.0,0.885390267851671,0.0,0.9075639823652855,0.0,0.8835551536917593,0.0,0.863103305266835,0.0,0.0,0.9129969892233649,0.0,0.0,0.0,0.0,0.0,0.0,0.0,0.0,0.877952578956291,0.8662352829460768,0.8618666547518774,0.8752054591552353,0.0,0.0,0.878873040298968,0.0,0.0,0.0,0.0,0.0,0.8641054264211658,0.0,0.8456091607314851,0.0,0.0,0.0,0.0,0.0,0.8668135309196434,0.0,0.0,0.0,0.860244256477834,0.0,0.8775051640186466,0.0,0.891011163789439,0.8977689297927004,0.9059792608931496,0.0,0.0,0.0,0.0,0.8731600542539215,0.0,0.8710152295633078,0.8632004468926963,0.0,0.8624490670602356,0.0,0.8665460355647641,0.0,0.0,0.0,0.9239387731239633,0.0,0.0,0.0,0.8914678170842044,0.8715665564599135,0.0,0.910671961350512,0.8966447661215635,0.0,0.0,0.0,0.8718973015698687,0.0,0.0,0.0,0.0,0.0,0.8621434726330983,0.0,0.0,0.0,0.0,0.0,0.8861691048403538,0.0,0.0,0.0,0.0,0.0,0.0,0.0,0.8930177005726131,0.0,0.0,0.8789505914217814,0.8588711337801622,0.0,0.0,0.8777796288750354,0.0,0.8901360356538078,0.8971780281059253,0.855689733435951,0.0,0.0,0.0,0.0,0.8529230286002897,0.8679974176133961,0.0,0.8842500705811002,0.0,0.8785687733738318,0.8776947358047331,0.876164227735694,0.8580112163553563,0.8537024283338077,0.8553229847474639,0.0,0.0,0.0
0.0,0.9383116793123255,0.9095171107997044,0.8875285925317348,0.89032554282895,0.9189443518323723,0.0,0.0,0.0,0.0,0.8913542721190497,0.0,0.9222114307855025,0.0,0.8695321950846602,0.8659792230830009,0.0,0.0,0.0,0.0,0.0,0.9110494291521761,0.0,0.0,0.8948836990111231,0.0,0.0,0.0,0.0,0.0,0.9007196852715397,0.0,0.8982820905997434,0.895657486079066,0.0,0.8868287880611808,0.0,0.0,0.8994729849207772,0.8986393896688559,0.0,0.0,0.9079304803168586,0.0,0.9133087785869423,0.0,0.0,0.0,0.0,0.0,0.8747301831258093,0.0,0.0,0.0,0.8865075147425214,0.8786156039959956,0.0,0.0,0.9215268872136354,0.0,0.8920935856809871,0.8858121075146452,0.0,0.0,0.8873949182066126,0.0,0.8818400184476495,0.0,0.9161464712278488,0.0,0.0,0.9303826956320979,0.0,0.8717051473903,0.0,0.9128139185908114,0.0,0.9131531448429224,0.0,0.8900039429886014,0.0,0.9290490491755156,0.0,0.0,0.0,0.0,0.9049921466295344,0.8916084765683209,0.0,0.8967092611212144,0.9112601235775829,0.9031022501406095,0.0,0.9018573107715954,0.8921336469745847,0.0,0.0,0.8919310447296492,0.0,0.0,0.9068038889391137,0.0,0.8635354623723552,0.0,0.0,0.9017104982372018,0.0,0.0,0.8783103942962427,0.0,0.0,0.0,0.0,0.0,0.8901854004584743,0.0,0.894782877730654,0.0,0.0,0.8770782660139695,0.0,0.0,0.9140656766548919,0.0,0.0,0.8567429440679416,0.9123274883556113,0.9129873888082849,0.0,0.9222290508059228,0.8813084137761512,0.8690214927082826,0.0,0.0,0.0,0.0,0.0,0.0,0.9102641042562266,0.0,0.0,0.8932183203615398,0.887369644532235,0.0,0.0,0.8722591268448299,0.0,0.8707628193514587,0.9087171468397952,0.890307646627724,0.0,0.9001700620908218,0.0,0.0,0.8964352784538318,0.0,0.0,0.0,0.0,0.0,0.0,0.0,0.0,0.0,0.0,0.9124056776845033,0.0,0.8971367320151347,0.8824996045068705,0.0,0.0,0.0,0.0,0.0,0.9114899751869779,0.0,0.0,0.0,0.0,0.0,0.908596992680738,0.9074123237721011,0.0,0.89095003637862,0.0,0.0,0.8807040539118373,0.9197325324061125,0.0,0.9267994100608962,0.0,0.0,0.8907172272098568,0.9043543146721796,0.0,0.0,0.9056699139454509,0.0,0.0,0.0,0.9082426840768386,0.0,0.0,0.0,0.0,0.0,0.0,0.0,0.0,0.8760788019818416,0.0,0.0,0.8856805846877938,0.0,0.8768912419271793,0.0,0.0,0.0,0.0,0.9006116257134296,0.8865668211332723,0.9233027687365111,0.8834026906953885,0.0,0.8553588881536592,0.883954536922837,0.9196255978112695,0.0,0.9016906293419872,0.8732905935952279,0.0,0.9037502854660344,0.0,0.0,0.0,0.8749295333664233,0.8563210216245913,0.9259638955343842,0.9098387869684943,0.0,0.8814593104543866,0.9145480573345645,0.9023166620573717,0.0,0.0,0.0,0.9005053910108524,0.0,0.916677963059173,0.0,0.0,0.0,0.0,0.0,0.0,0.0,0.0,0.9138553178994512,0.0,0.8785164702218855,0.8884943808116621,0.0,0.0,0.0,0.0,0.0,0.0,0.0,0.920117631817683,0.0,0.0,0.0,0.9182196554654977,0.90946502684353,0.9109638204380964,0.9188564842428483,0.9042320953828479,0.0,0.8865020498984824,0.0,0.0,0.0,0.8925684710113986,0.0,0.9199778586103549,0.8893366054303429,0.0,0.0,0.9090816247279846,0.0,0.9105142346474207,0.898058450365645,0.0,0.8950441977367571,0.9028557267815652,0.9020162698926987,0.8923122561225855,0.9185531184563256,0.9037294597065776,0.894855481998549,0.0,0.0,0.8859081024691929,0.9332957810042252,0.0,0.0,0.0,0.8852666455339736,0.9341478062523143,0.0,0.0,0.0,0.91962069131753,0.0,0.0,0.9097907423724593,0.9083826646369741,0.0,0.0,0.0,0.8860288626533045,0.0,0.0,0.0,0.8873404890939561,0.8730854571209307,0.0,0.8942246225005549,0.9058508904640561,0.0,0.8899212748458687,0.0,0.8894315700076297,0.0,0.8890798864565655,0.0,0.0,0.0,0.0,0.0,0.0,0.0,0.0,0.8995389720160463,0.0,0.0,0.8717449167216873,0.0,0.0,0.0,0.0,0.0,0.0,0.8824845506388008,0.8999028881175899,0.0,0.9167244478270623,0.0,0.0,0.0,0.0,0.9008887850627956,0.0,0.0,0.8560116502921354,0.0,0.0,0.8913676233693603,0.0,0.0,0.8790570247498176,0.9077151406315774,0.0,0.0,0.8778025084483979,0.0,0.0,0.9033929867990739,0.8936296540288,0.0,0.9092155079560812,0.868847503741864,0.8801268443693782,0.0,0.0,0.9028844136727094,0.0,0.0,0.884957926316993,0.0,0.0,0.0,0.9055665607962347,0.8995486783306734,0.0,0.9056226081048981,0.0,0.885171260863816,0.0,0.0,0.0,0.8808666447118202,0.8922032668767628,0.0,0.0,0.0,0.0,0.0,0.9116171323012374,0.0,0.9261962221557901,0.0,0.9121559334085776,0.89775508012088,0.0,0.0,0.9020024056174584,0.8774826081433599,0.0,0.9168560308229321,0.0,0.0,0.0,0.0,0.0,0.0,0.0,0.9155237790100089,0.0,0.9022425891858699,0.0,0.0,0.8798047659619093,0.9377242764527867,0.9058901615743353,0.0,0.9216336942380204,0.0,0.0,0.0,0.9153644445584669,0.8740237225687788,0.0,0.0,0.0,0.0,0.0,0.0,0.9000482006145085,0.9172726789956318,0.0,0.9009252525044659,0.0,0.0,0.0,0.0,0.0,0.893061131102102,0.0,0.0,0.8790669535661911,0.9237404981118781,0.0,0.9192141639964927,0.8992975340520775,0.9123627386478526,0.8958573529478808,0.0,0.0,0.0,0.0,0.9114250085222101,0.8769093024085973,0.0,0.0,0.0,0.0,0.8727081183975693,0.0,0.8589999225718724,0.0,0.0,0.0,0.0,0.0,0.0,0.0,0.0,0.9074946572974211,0.8803641144952978,0.0,0.0,0.8897519449018558,0.9078391184347061,0.9005663375677091,0.915686518451771,0.0,0.8916568596445289,0.0,0.0,0.0,0.0,0.0,0.8830429548802713,0.0,0.9035914676148852,0.9135547250686391,0.0,0.0,0.8987585249135602,0.0,0.8822800567908129,0.0,0.0,0.0,0.9017685674100867,0.0,0.8634071792662176,0.0,0.9040472584454432,0.0,0.0,0.8888794003621158,0.0,0.0,0.0,0.8896743868781445,0.0,0.0,0.9113148513358316,0.0,0.8864782864156365,0.8977470303477956,0.0,0.0,0.0,0.9196819949072442,0.0,0.9178936265348496,0.0,0.0,0.8827451727405883,0.0,0.9047619653269463,0.9145306904244583,0.0,0.0,0.0,0.0,0.0,0.9077753454866448,0.0,0.8835964097123873,0.0,0.8697424373382999,0.0,0.0,0.9016746389195168,0.9097439230171446,0.8969344682803919,0.0,0.0,0.0,0.898382569056913,0.8748193287843868,0.0,0.8942176397392225,0.0,0.8752793136654461,0.0,0.0,0.0,0.0,0.9246214781749351,0.0,0.8950504900918194,0.9185444234849847,0.9008734514719735,0.9164200291730286,0.0,0.8729635639489649,0.0,0.0,0.0,0.9349421003993308,0.0,0.0,0.921619739306623,0.0,0.0,0.0,0.0,0.0,0.0,0.0,0.0,0.0,0.8939658260541552,0.8689588334699448,0.0,0.9166881582891993,0.9168803639924741,0.8603333721646551,0.0,0.0,0.0,0.0,0.8837408568174855,0.0,0.8932967967317093,0.9099512082544255,0.8590481977896007,0.0,0.8952626697925367,0.0,0.0,0.9020903038970598,0.0,0.9341108983596665,0.0,0.0,0.0,0.0,0.9344120973173125,0.9204091615980451,0.0,0.0,0.877174083740569,0.0,0.0,0.0,0.0,0.8897700933680714,0.0,0.0,0.8926843847219165,0.9007832663238339,0.0,0.9171790261691456,0.0,0.0,0.0,0.0,0.0,0.0,0.9023150660984295,0.0,0.0,0.0,0.909898279771668,0.0,0.0,0.907144294898916,0.9005842013851357,0.0,0.8788621144499641,0.8878742433781915,0.8817602673293423,0.0,0.0,0.0,0.0,0.8930913893617695,0.0,0.0,0.9060476927711174,0.0,0.8858633726596529,0.9102351851307852,0.0,0.8903823754073644,0.8731361413710212,0.0,0.0,0.9035233648517337,0.0,0.8999787982954427,0.871095669339633,0.0,0.8928743217683254,0.8851830040748199,0.0,0.0,0.0,0.0,0.0,0.0,0.8677340361431292,0.8882452865769009,0.9161053048956495,0.9079295061543564,0.9060972462426182,0.0,0.9012265618015861,0.0,0.9063278331799693,0.0,0.9059610701022071,0.0,0.0,0.0,0.0,0.8977783069706456,0.0,0.0,0.9062163206668228,0.0,0.912452557310526,0.0,0.0,0.0,0.0,0.9125524155397416,0.0,0.8938631302657163,0.8978675898427572,0.0,0.0,0.0,0.0,0.8923171756225398,0.0,0.0,0.8588800541903991,0.0,0.0,0.0,0.0,0.0,0.9075694587451006,0.9097731179907674,0.8688234010529807,0.0,0.0,0.0,0.9103237626684805,0.8798059677186275,0.0,0.0,0.88702870137928,0.0,0.9066433903960555,0.9196117642527124,0.0,0.0,0.0,0.0,0.904736400703784,0.0,0.8750071106636717,0.9136300109973282,0.9033107352360369,0.0,0.917178324237774,0.0,0.0,0.0,0.0,0.8988798976313734,0.0,0.0,0.0,0.0,0.8942408936312343,0.0,0.0,0.0,0.0,0.0,0.8987453240040852,0.0,0.9119650835206403,0.0,0.9073947873619487,0.9043389715270964,0.8961778484297538,0.9037267207675181,0.8684348621017784,0.8812305027638886,0.0,0.0,0.0,0.0,0.0,0.0,0.0,0.0,0.0,0.0,0.0,0.9200247527863802,0.0,0.8975890284894644,0.9137953062487084,0.8736673793176807,0.0,0.0,0.0,0.9196835031022103,0.0,0.0,0.0,0.9058885231213175,0.8970633833715587,0.0,0.0,0.8635745299462944,0.9162881030317104,0.0,0.0,0.0,0.8957721364071226,0.0,0.8976436242220923,0.8812920739751191,0.0,0.0,0.9035307255668877,0.0,0.9105627308805585,0.0,0.0,0.0,0.0,0.0,0.0,0.0,0.9042829778967589,0.9031571588131725,0.0,0.0,0.8823884038677641,0.0,0.9138833008854064,0.8946297890772019,0.8960694283527593,0.0,0.8943656092176462,0.8982410789711998,0.0,0.8850345071826295,0.0,0.0,0.0,0.0,0.9091063236590721,0.0,0.0,0.8738785420135027,0.0,0.874566159061499,0.0,0.8748270297259267,0.0,0.0,0.0,0.9022105128864268,0.0,0.0,0.877958334682108,0.0,0.8883690823494372,0.8957609701866422,0.927186546974526,0.0,0.0,0.0,0.0,0.0,0.8917865818683175,0.0,0.897231073016112,0.0,0.0,0.9266751940792142,0.888140214392322,0.0,0.8770382764140806,0.9070800332310966,0.8905182945722628,0.9047598324791906,0.0,0.0,0.9193621818550373,0.9387953215067246,0.0,0.0,0.0,0.0,0.8902984781094484,0.0,0.0,0.0,0.0,0.9088649961205892,0.0,0.0,0.0,0.0,0.0,0.8852901035745037,0.8921011106954586,0.0,0.0,0.888257538730076,0.8982305289357577,0.0,0.0,0.0,0.0,0.0,0.9095429868879621,0.9058670221874183,0.9179353049734662,0.8890772354406565,0.8949580593208524,0.8791257333905689,0.898315533633571,0.0,0.0,0.0,0.0,0.8928650860102205,0.0,0.8880213906832819,0.0,0.8649818085526536,0.0,0.0,0.0,0.0,0.8932089214835327,0.0,0.881337378206628,0.8985263994378689,0.0,0.0,0.8872452318306168,0.0,0.0,0.9224042496427006,0.887540146244252,0.8838566109005707,0.0,0.8655078402186297,0.0,0.8886237084165949,0.0,0.0,0.0,0.0,0.9216490408978233,0.0,0.0,0.0,0.0,0.8718980192649188,0.0,0.0,0.0,0.0,0.0,0.0,0.0,0.8716693893867806,0.9062650490497156,0.0,0.0,0.9240868510384272,0.9277154658150885,0.0,0.8823021167054397,0.908228226383809,0.8922251560203787,0.8938925786221124,0.0,0.0,0.0,0.0,0.8856551020621516,0.0,0.9084194655593413,0.0,0.0,0.8813437249028314,0.0,0.0,0.8697595622340877,0.8922476210779211,0.0,0.8874834131076593,0.8798903808554486,0.0,0.8713696828961713,0.0,0.0,0.0,0.0,0.0,0.0
0.0,0.10474929701868213,0.0,0.08845944187218217,0.0,0.0,0.0,0.09996196446554174,0.0,0.0,0.0,0.08958686148312525,0.09716449741893726,0.0,0.0,0.06817147633596267,0.0,0.0,0.0,0.0,0.0994675605464112,0.0,0.09455660076694074,0.0,0.0,0.0,0.0,0.0,0.0,0.0,0.0,0.07437037398314049,0.09724722990048844,0.09342302031570988,0.06954285806509056,0.0,0.0,0.0,0.0,0.0,0.0,0.0,0.0,0.0,0.0,0.0814974731724033,0.07298861409192665,0.0,0.0,0.0,0.087833262368241,0.05187986757951393,0.0,0.0,0.0,0.0,0.07845704758332978,0.0,0.0,0.0,0.0,0.07786922077407156,0.0,0.06069876363620382,0.0,0.0,0.0,0.0,0.0,0.0,0.0,0.06106592916995867,0.07791138113292874,0.11081706758377044,0.0,0.0,0.0,0.04002174882617738,0.09478161684042047,0.0,0.0,0.10358690753428698,0.0,0.08142627690197646,0.0,0.05034825064745221,0.06164575395085331,0.07777646822580943,0.0,0.0,0.09420113996326783,0.0,0.08452397108298977,0.0,0.10071129695040056,0.062084581673005984,0.0,0.10552674195734404,0.0,0.06997175228038317,0.10054098598651046,0.0,0.06581526686616367,0.10347448908930468,0.0,0.1167740110606941,0.0,0.0,0.0,0.0,0.0,0.0,0.0,0.0,0.0,0.0,0.11302903895706667,0.0,0.0,0.0,0.09226083592958573,0.0,0.09631599711362492,0.079328259299872,0.0,0.0,0.0,0.09679178639861331,0.0,0.0,0.0,0.08012875857145366,0.0,0.0,0.07352699359076646,0.0,0.0,0.0,0.0,0.0,0.0,0.10552659494694866,0.0,0.0,0.07504226679071103,0.10028918162896523,0.0,0.0,0.06701442723140838,0.0,0.0,0.0,0.0,0.07638295329396654,0.0,0.09687365626709393,0.0,0.0,0.0,0.0,0.08008492826393475,0.09709326947425204,0.0,0.0,0.0,0.0,0.0,0.0,0.0,0.06171866766872316,0.0,0.0,0.0,0.0,0.0,0.0,0.0,0.08544060964892217,0.09704089319187266,0.07303116940827713,0.0,0.0,0.0,0.0,0.07905027183257707,0.0,0.11695070454437352,0.09357046143834147,0.08978279607560115,0.07182020471430985,0.0,0.0,0.0,0.09727385660536021,0.0,0.06713351681339544,0.0,0.0,0.0,0.0,0.0,0.0,0.0,0.0,0.0,0.09729736998710808,0.0,0.0823326133305933,0.0,0.0,0.0,0.0,0.0,0.0,0.07843585610054171,0.0,0.0,0.0,0.07300628799132644,0.0,0.0,0.0,0.0,0.0,0.09510989464186909,0.0,0.0,0.0,0.0,0.0,0.09133920080750353,0.08946576259999897,0.0,0.0,0.0,0.0,0.11132176776080227,0.0,0.0,0.08523884486027151,0.11139393635457348,0.0,0.0,0.0,0.05723133664429531,0.0,0.08743406726483403,0.0,0.0703367144265637,0.0,0.0,0.0,0.08915528681952035,0.0,0.0,0.1016403057835372,0.0,0.07639154581081464,0.07418962492823329,0.09022884174790219,0.0,0.0,0.0,0.0,0.0,0.11144052774788,0.0,0.0,0.0,0.0,0.0,0.0,0.09757081725485797,0.05918533934586537,0.0633851017325964,0.0,0.0,0.0,0.0,0.06746671918515709,0.0,0.0,0.0,0.0,0.0,0.0,0.0,0.09980844648761535,0.10506506653814399,0.0,0.07419963734160176,0.0,0.0,0.0,0.07934860402115752,0.0,0.09989898091016138,0.10342696458820697,0.0,0.06768490451683587,0.0,0.0,0.09065403180495077,0.0,0.0,0.0,0.0,0.0,0.048325046373222276,0.0,0.0,0.09140638879510887,0.0,0.09239942230212962,0.08082319592297667,0.1016750667081883,0.0,0.0,0.08856128131501266,0.0,0.06779053595468212,0.0,0.0,0.0,0.0,0.0,0.07749919293647034,0.05260577922828557,0.0,0.08337593109848311,0.1191151937325766,0.11623026996315948,0.12488773168722161,0.0,0.12400648390620408,0.0,0.08852083923722646,0.07332371205652596,0.0,0.05959065197696819,0.0,0.0,0.0,0.0,0.11950258330669221,0.0,0.0,0.06882889342758593,0.0,0.08636735939360153,0.0,0.0,0.0,0.10620373311516833,0.0,0.0,0.0,0.0,0.0,0.06033573332731693,0.0,0.06803536950925586,0.0,0.0,0.07142322091537527,0.0,0.0,0.0,0.07675991263975208,0.0,0.0,0.1232552402520145,0.0,0.09915927502552761,0.0,0.0,0.0,0.0,0.0,0.0,0.09477398484694913,0.08149185639459855,0.12726715157789556,0.08861067396296025,0.0,0.0,0.0,0.07609560034927575,0.0,0.07967036375437739,0.0,0.06698835780614892,0.089726981228418,0.0,0.06439159112529766,0.0,0.0,0.0,0.08862410056489936,0.0,0.0,0.10790198120838584,0.08311008453574831,0.0,0.0,0.0,0.06656601093098646,0.0,0.07946197969768352,0.0,0.09953588491284372,0.0,0.08713819109945774,0.07960223530879815,0.0,0.0,0.06944829531103874,0.0,0.0,0.09652105449529487,0.0,0.06875569672665545,0.0,0.0,0.0,0.0,0.0,0.0,0.0,0.05223915713655154,0.0,0.0,0.0,0.09861908865281191,0.0,0.08210481976883911,0.0,0.07588663241711296,0.0,0.062133323556758706,0.0,0.0,0.0,0.0,0.07199917997474582,0.0,0.0,0.0,0.0,0.07442553415864261,0.0,0.0,0.0,0.0,0.08669353473857316,0.0,0.0,0.0,0.0,0.09866083767742989,0.0685320431158936,0.0,0.0,0.08777899866824934,0.0,0.0,0.0,0.0,0.0,0.0,0.10689972048869584,0.07341252644683018,0.0,0.0832041365031487,0.0,0.0,0.10803970439835844,0.0,0.0,0.0,0.07405005114070146,0.0,0.0,0.0,0.0,0.0,0.0,0.0,0.0,0.06994159431905371,0.0,0.10219473519176478,0.0,0.08909878122720771,0.10480595222028206,0.0,0.0,0.0,0.0693032043707417,0.0,0.08619404962209533,0.0,0.08168222526247956,0.06712931986900132,0.07617229872218494,0.0,0.10242221575548638,0.0,0.0,0.11537244831374588,0.0516852673086925,0.12798607311034996,0.0,0.0,0.0,0.0,0.0,0.08581133535160916,0.0,0.10586568936684608,0.0,0.0759446565044545,0.06274133515111859,0.09193500314151441,0.0,0.0,0.0,0.0,0.0,0.0,0.07174236272913476,0.0,0.0,0.0,0.0,0.0532540817771832,0.0,0.0,0.0,0.09420007307133027,0.0,0.0,0.0,0.0,0.08158894773082023,0.0,0.0,0.0,0.0,0.06882885365277425,0.10859284834047728,0.0,0.0,0.0,0.0,0.0,0.0,0.08931972669476268,0.0,0.07270300859125907,0.061651578804673486,0.09083686973797485,0.0,0.0,0.0917905178706536,0.08576166033778991,0.0,0.0786163027360299,0.0,0.0,0.0,0.0,0.0,0.0,0.07216399754590955,0.11572080349837455,0.0,0.0,0.0,0.0,0.09974233695682051,0.0,0.0,0.0,0.0,0.07333821817619807,0.08477297939418468,0.0,0.0,0.0,0.0,0.0,0.0918861218575593,0.0,0.0,0.0,0.0,0.09310686313360897,0.09379030274594699,0.0,0.10489368334254047,0.05622285710721316,0.07088073402438388,0.0788705629021875,0.0,0.0,0.0,0.07124995643439123,0.09879273914392803,0.0,0.0,0.09259099955109776,0.0,0.0,0.045901218267844664,0.09313478346972467,0.0,0.0,0.0,0.0,0.0,0.08153578819067232,0.0,0.0,0.08347135943345682,0.0,0.0,0.0,0.0,0.06838724324652075,0.0,0.0,0.0,0.0,0.0,0.08841886392388035,0.0,0.05430048578925396,0.0,0.0,0.0,0.06692268664658577,0.0,0.0,0.0,0.07065874994622715,0.0,0.0,0.0659031718737709,0.0,0.0,0.0,0.07904182350060758,0.0,0.0,0.06497956532766316,0.08330691863853262,0.09245372288347739,0.0,0.0,0.0,0.09214808128669537,0.08700438729722267,0.0,0.0834342270502249,0.11204450886762271,0.0,0.07167786155259596,0.061771147106616485,0.0,0.073078479810765,0.09497318054848158,0.09298283594780823,0.0,0.0,0.0915752642858434,0.09482092269539712,0.0,0.0811692716406747,0.08658574095096744,0.07046343742125652,0.0,0.0846867637562608,0.0,0.08060137970943275,0.0,0.0,0.0896506932852753,0.0,0.07305500720851295,0.0,0.050245947765874925,0.0,0.0,0.0,0.07590227475410964,0.0,0.0,0.09747425161252715,0.0,0.0,0.10022198033072,0.11134271178291215,0.0,0.0,0.0,0.0,0.0,0.055365272433949196,0.0,0.0,0.0,0.10577377306751069,0.0,0.08987545639867532,0.14343185493543814,0.0,0.0,0.10554966998499457,0.0,0.09054139404558814,0.0,0.0,0.11611857340578313,0.11508972646545516,0.0,0.1102130726468494,0.10772694002479731,0.0,0.0,0.09536343925082837,0.09092577908382923,0.0,0.10458392265511911,0.0,0.0,0.11357108853296402,0.0,0.0,0.11841502379016958,0.0,0.0,0.0,0.0,0.0,0.0,0.09278898572606661,0.0765859452861538,0.0,0.0,0.0,0.0,0.06186093281981518,0.11237743792600138,0.0,0.06030798499812319,0.12328397211852589,0.06801975674428053,0.10276156819473771,0.0,0.10410757996956627,0.08445958364501148,0.0,0.06592493388150443,0.0,0.0,0.0,0.0,0.0,0.0,0.0,0.0,0.0,0.08022709551566677,0.0986129858190157,0.09197399674635102,0.0,0.07707589057941912,0.09957592815540554,0.09280123079091508,0.0,0.1000530462527918,0.09323751225645356,0.0,0.07337452843840012,0.0,0.0,0.08256154025133879,0.0,0.0,0.0,0.0,0.0,0.0701434125612673,0.10176627427162498,0.08640111311537223,0.0,0.06759352202460439,0.0,0.0,0.0,0.0,0.10409248714349106,0.10542399474489068,0.0,0.08581233448293235,0.0,0.0,0.0,0.0,0.0,0.0,0.0934085227223515,0.0,0.06825043087247895,0.0,0.10557605353889042,0.092050419981522,0.0,0.0,0.0,0.0,0.0,0.11425620162857711,0.0,0.0,0.0,0.08900913112403472,0.0,0.09847028032644332,0.0791015297319952,0.0,0.08767002743547694,0.0,0.0,0.0,0.09974680009133507,0.0,0.0,0.09276887565785899,0.0,0.0,0.0,0.0,0.0,0.0,0.06821654324718536,0.0596018698829014,0.07972759684082789,0.0,0.07807621411162913,0.1184045898589642,0.08950922998570705,0.06542474888906549,0.07552111039933188,0.0,0.09182873752957478,0.0,0.0,0.08237525622540126,0.07714625735810828,0.0,0.08575379703150436,0.0,0.0,0.0,0.0,0.0,0.09871605183169095,0.0,0.0,0.08628577941745844,0.0,0.0,0.0,0.0,0.0,0.09557922170837117,0.073805711156607,0.0,0.0,0.09558210477590828,0.0,0.0,0.09141271556598683,0.09809208401830072,0.0,0.0,0.0562870887881697,0.0,0.0951333192817368,0.07487508712596677,0.0,0.0,0.09212108905746964,0.09599980009955493,0.08884204660310137,0.09491063696498973,0.12215106287226067,0.0,0.0,0.0,0.0,0.0,0.0,0.0,0.07467570855053479,0.0,0.0,0.0,0.0,0.07521053926868268,0.0,0.07851367151337721,0.09618303359659543,0.0,0.0,0.09330246705532705,0.0,0.08095627943456582,0.08909860814884224,0.0,0.0,0.07300686445561227,0.07580257709919308,0.0,0.0,0.11569663568458242,0.0,0.0,0.0,0.07089423026769885,0.06915166873870907,0.0,0.0,0.09397933735002224,0.0,0.0,0.0,0.12512439428802263,0.0,0.0,0.0,0.0,0.06706666908869374,0.0,0.0,0.0,0.0,0.0,0.08741753063403661,0.0,0.08396528997100268,0.0,0.08326847404970714,0.0,0.07288185976889199,0.08698482512440807,0.0,0.0,0.0,0.10697505399677221,0.0,0.0,0.10061454843684278,0.0,0.0,0.09279689400421333,0.0,0.0,0.07077313805022747,0.0,0.0,0.06528644150042612,0.10659332113786539,0.06669278756087939,0.0,0.0,0.0,0.0,0.0,0.0,0.0,0.0,0.08703955666940974,0.09797817481201607,0.1342291116956211,0.0,0.0,0.0,0.0,0.0,0.0,0.09059891462245329,0.0,0.09565427261109473,0.0994673947536472,0.0,0.0,0.0
0.0,0.0,0.0,0.0,0.31127815025260863,0.0,0.0,0.3305218231632745,0.0,0.0,0.29303078459969323,0.0,0.3161328973033499,0.0,0.0,0.30495628577604267,0.0,0.0,0.0,0.0,0.0,0.0,0.0,0.0,0.0,0.0,0.0,0.0,0.29771885059397685,0.0,0.0,0.0,0.0,0.3237065393600761,0.0,0.33105443810483515,0.32366041359574316,0.32332383980046464,0.0,0.0,0.3038418186174151,0.0,0.0,0.0,0.0,0.0,0.32202324569309965,0.0,0.3092261600866187,0.0,0.0,0.3219876083210898,0.32712995925186084,0.0,0.3550732920371898,0.0,0.31981174091542863,0.3134382555216431,0.32262664697059346,0.0,0.0,0.33762401988945545,0.0,0.0,0.32052353708440867,0.0,0.3132924431591837,0.0,0.0,0.0,0.0,0.32126957956558144,0.0,0.30601184918331564,0.3245077245378038,0.0,0.26965572382826797,0.3083873166580598,0.0,0.0,0.3152764872930343,0.33307359081568416,0.0,0.0,0.0,0.32450548175287186,0.3253669040463422,0.2969819170602804,0.3483986316482746,0.0,0.3074275421845128,0.0,0.30420911278139207,0.3157071633306652,0.0,0.0,0.0,0.28682757435654194,0.0,0.3232884371172726,0.31096109748019435,0.0,0.3081439227936204,0.0,0.0,0.3169661807271188,0.0,0.0,0.34294714788114294,0.0,0.2957184945756669,0.0,0.0,0.0,0.0,0.0,0.0,0.0,0.0,0.3096285333762409,0.0,0.0,0.0,0.32461688641273045,0.0,0.31585223689291764,0.0,0.0,0.0,0.30339162891652016,0.3419052802162541,0.2875693827474372,0.3098313712336297,0.2921982067304732,0.27931497182250836,0.0,0.0,0.3397760595578113,0.30808691329817506,0.0,0.0,0.35216489268211326,0.0,0.0,0.0,0.344171326559299,0.0,0.0,0.3213569121288323,0.3312140226129962,0.0,0.0,0.0,0.33627091135673215,0.32846933692587804,0.3180085713666031,0.0,0.31330948742201264,0.0,0.0,0.3055790975667185,0.0,0.0,0.3282337346784608,0.0,0.0,0.33495825986530714,0.0,0.34133434298679555,0.3361704168493246,0.0,0.0,0.0,0.0,0.3515321444945027,0.0,0.0,0.0,0.0,0.0,0.0,0.3242575460960058,0.0,0.3338634342687075,0.0,0.0,0.0,0.0,0.0,0.0,0.31385216046469466,0.0,0.29183664387755665,0.0,0.0,0.0,0.28471388739095155,0.32058329389491413,0.0,0.31603134126392923,0.3197414274801328,0.0,0.0,0.0,0.2948559619545118,0.0,0.0,0.31472601987658905,0.3250561940316161,0.0,0.0,0.3065600570181223,0.0,0.0,0.0,0.0,0.0,0.3010010444819117,0.0,0.0,0.0,0.0,0.0,0.0,0.0,0.2959274020898869,0.32697975793171363,0.0,0.3072825960899087,0.30057783796228044,0.0,0.0,0.3266446728216288,0.0,0.0,0.2996040969648063,0.0,0.0,0.0,0.0,0.0,0.0,0.0,0.0,0.3325738638620151,0.3213292454711332,0.0,0.0,0.0,0.0,0.0,0.0,0.33705851144776855,0.0,0.0,0.3161219756439719,0.0,0.30815354404892514,0.0,0.0,0.0,0.3135190880273332,0.0,0.0,0.0,0.0,0.0,0.0,0.0,0.0,0.0,0.0,0.35903183035232134,0.30633920502319817,0.3134718392056895,0.0,0.31670768818407286,0.0,0.3370757358101381,0.0,0.0,0.2990862878091099,0.31333265106713754,0.0,0.0,0.0,0.0,0.0,0.3180579050275429,0.2971461729120346,0.32198115983890374,0.31855681899171,0.0,0.30540063073659945,0.0,0.34307898249016483,0.31761692024930127,0.0,0.0,0.0,0.0,0.30231035567398484,0.3174060783545026,0.0,0.0,0.0,0.0,0.0,0.32042735417673596,0.33968197975388037,0.0,0.0,0.0,0.0,0.0,0.3154380941570937,0.0,0.3432737696663566,0.0,0.0,0.28935617850835105,0.0,0.0,0.0,0.0,0.3044584532856697,0.35091762730873305,0.0,0.0,0.0,0.3220185551904665,0.0,0.0,0.0,0.0,0.31844630617710434,0.0,0.32322462315753697,0.0,0.0,0.0,0.0,0.0,0.0,0.3056244656823475,0.0,0.0,0.3398200674475356,0.0,0.3314425510541511,0.0,0.0,0.3241645343865036,0.3278167971578305,0.0,0.0,0.0,0.3126029564136662,0.32114498923782836,0.3254792610732817,0.0,0.0,0.0,0.29632701604731226,0.27415367797984413,0.327874694300531,0.31791341132939405,0.31412798540866016,0.0,0.2905000114799767,0.3245840711612174,0.3250105059311307,0.0,0.2962620532248729,0.0,0.0,0.3384941768261651,0.3224006781351382,0.0,0.0,0.35184674763399987,0.0,0.0,0.0,0.0,0.3161704417562462,0.32673833287952514,0.0,0.0,0.0,0.0,0.0,0.0,0.0,0.0,0.0,0.0,0.33759335722793027,0.0,0.0,0.0,0.0,0.0,0.0,0.0,0.33422738787724837,0.32492936469926337,0.0,0.0,0.0,0.0,0.3296504715550279,0.3212803491080066,0.0,0.0,0.0,0.31334668603689303,0.0,0.0,0.341427309277792,0.0,0.29944425576278166,0.3097952042192096,0.0,0.0,0.0,0.0,0.0,0.0,0.0,0.0,0.0,0.30091072459615803,0.3396761818774715,0.0,0.3397460452700379,0.30363921037759467,0.2987484778868214,0.0,0.29524773392115905,0.0,0.33035661555185986,0.0,0.0,0.0,0.0,0.0,0.0,0.0,0.3564743196913147,0.0,0.0,0.0,0.0,0.0,0.0,0.0,0.0,0.0,0.0,0.0,0.0,0.0,0.0,0.0,0.3173633502712269,0.34090602548008825,0.30205016381391553,0.30559114294734185,0.0,0.33149844186351807,0.30884838142720894,0.3219743010900849,0.0,0.0,0.0,0.0,0.33376218786251033,0.0,0.3036693851372954,0.27990540429063443,0.0,0.0,0.0,0.0,0.0,0.0,0.34110020507688593,0.0,0.0,0.0,0.3296714550643201,0.0,0.0,0.3306065130034079,0.0,0.0,0.36276575165181146,0.0,0.32249574667571046,0.2993429982395672,0.32077429171497546,0.31902045293137016,0.31848198901833247,0.29743614346457714,0.3128372114301301,0.0,0.0,0.3382757005440771,0.0,0.31649719840538465,0.0,0.30990723987710184,0.0,0.3252893993375665,0.3130689733338039,0.0,0.0,0.0,0.0,0.0,0.2978885658733936,0.0,0.30932615005430325,0.0,0.0,0.2912803672945697,0.0,0.0,0.2910229403125245,0.0,0.309099395835149,0.0,0.0,0.0,0.0,0.0,0.0,0.0,0.2678092959621666,0.3328398909145785,0.32284865252526673,0.0,0.3298014346614519,0.0,0.0,0.0,0.3026427609446981,0.0,0.3290364322979352,0.3291027566526908,0.0,0.0,0.0,0.3259647193343892,0.0,0.0,0.0,0.0,0.0,0.0,0.31665419450921534,0.0,0.0,0.28232504110046663,0.0,0.33459351869600834,0.3193516713265297,0.0,0.0,0.0,0.3269899763826507,0.0,0.0,0.0,0.29555996622022845,0.0,0.30061446163955063,0.0,0.0,0.30935557354066134,0.32191429916541386,0.0,0.30866274853961845,0.0,0.0,0.0,0.0,0.352000427505171,0.0,0.0,0.0,0.0,0.0,0.0,0.0,0.27584723281027457,0.0,0.0,0.0,0.0,0.0,0.0,0.30239215320270074,0.0,0.0,0.0,0.3224952642366795,0.0,0.0,0.0,0.30376542645003796,0.0,0.33412512098565633,0.0,0.0,0.0,0.0,0.3065914752399918,0.0,0.0,0.0,0.0,0.0,0.2991085495236974,0.28333076727621614,0.0,0.0,0.0,0.0,0.3347504107548898,0.0,0.0,0.0,0.0,0.32633400192840367,0.0,0.32830598186180665,0.0,0.0,0.2997020616052438,0.3296004653204922,0.0,0.0,0.34986968860407447,0.0,0.0,0.0,0.0,0.32342515796827553,0.304022911827512,0.0,0.33011908116533045,0.0,0.0,0.34639628285828683,0.3501827030071128,0.0,0.0,0.0,0.0,0.0,0.0,0.0,0.29724198808656904,0.36740538790091815,0.0,0.29758840062315756,0.0,0.29991300602730175,0.0,0.0,0.30541944601857535,0.3590020991369888,0.3148083070754626,0.0,0.3155055150075144,0.3081184332699681,0.3258701431295092,0.3149515636880515,0.30055934270832113,0.0,0.3182192085512542,0.0,0.0,0.31381261769127594,0.3418304591859725,0.31857889526072886,0.0,0.0,0.0,0.0,0.0,0.0,0.0,0.32297910733948504,0.0,0.0,0.0,0.2916680996380537,0.0,0.32978306569500115,0.3121367347408563,0.0,0.0,0.0,0.0,0.31118512076562055,0.33829032993937264,0.0,0.0,0.0,0.32775021483185174,0.0,0.3366727677517528,0.3174813756804796,0.0,0.0,0.0,0.0,0.2729988351419222,0.0,0.0,0.0,0.0,0.0,0.0,0.30951347028471327,0.0,0.0,0.33295343847790676,0.0,0.0,0.0,0.0,0.31368376049664737,0.0,0.0,0.0,0.0,0.0,0.3358870381778834,0.0,0.3249001252774333,0.0,0.3334592862198579,0.33484731801871576,0.3084806573130645,0.32685669270863066,0.30665922559971653,0.29345930284679134,0.3027755638757681,0.0,0.0,0.0,0.32504666388855724,0.0,0.0,0.31968643444743977,0.34424935962646114,0.0,0.0,0.0,0.30765914742002404,0.0,0.0,0.30317631192547906,0.0,0.0,0.0,0.31066007621226727,0.0,0.0,0.0,0.3346656377715303,0.0,0.33998105522975236,0.0,0.0,0.3372108999042814,0.0,0.27988283828140265,0.2910799037058028,0.2850336457749948,0.0,0.3329906636638783,0.3163140103878493,0.0,0.0,0.0,0.0,0.0,0.35110720309232957,0.0,0.0,0.3026445803418106,0.0,0.0,0.3370924074847034,0.0,0.0,0.0,0.0,0.3037536975540413,0.0,0.0,0.30276998675269073,0.0,0.0,0.0,0.0,0.0,0.32155476593583276,0.0,0.3239448763569556,0.0,0.29133488512108074,0.32313083441883295,0.0,0.0,0.0,0.0,0.0,0.0,0.0,0.3334954315971139,0.0,0.3124678119734906,0.0,0.3117055374589691,0.28746074786367204,0.3404241543471016,0.0,0.3254146497426766,0.0,0.0,0.0,0.3351753763370565,0.0,0.0,0.0,0.0,0.0,0.0,0.3358897367014658,0.32473241052876106,0.0,0.0,0.2987975503749286,0.0,0.0,0.0,0.0,0.0,0.0,0.0,0.0,0.0,0.0,0.321030041056584,0.333142461470719,0.29947967533193937,0.302948595694905,0.0,0.35193183801828903,0.0,0.0,0.0,0.0,0.33465629977238354,0.0,0.0,0.0,0.3437955779390091,0.3293143234671608,0.0,0.0,0.0,0.0,0.0,0.0,0.0,0.0,0.0,0.0,0.0,0.0,0.0,0.0,0.3096634065061838,0.3042238251928661,0.0,0.0,0.0,0.0,0.28108502689763487,0.3169332689226427,0.32181406195189854,0.32445146083547194,0.0,0.0,0.0,0.0,0.0,0.315114650628164,0.3244320716882341,0.0,0.0,0.0,0.0,0.0,0.3146412499877942,0.32625526279528844,0.3039922884373061,0.0,0.0,0.0,0.0,0.3154680459407583,0.0,0.0,0.34211585352656537,0.3025367442734318,0.0,0.0,0.0,0.3235160448642518,0.31359797714692933,0.0,0.2906824822261043,0.3229634864401785,0.32310018486634795,0.0,0.33759092592157164,0.0,0.0,0.0,0.0,0.3220614055435979,0.0,0.0,0.32620476641202023,0.34977563699611264,0.0,0.29931764381475023,0.0,0.33969498108671825,0.0,0.0,0.0,0.0,0.33087951329750404,0.31573427707955554,0.0,0.0,0.0,0.0,0.0,0.0,0.3128440187581605,0.0,0.0,0.0,0.0,0.29223217062274326,0.0,0.0,0.30035687861850124,0.0,0.0,0.0,0.0,0.0,0.30576954390820094,0.3360336565272326,0.0,0.0,0.0,0.0,0.31732103185864013,0.0,0.3174522964750672,0.0,0.0,0.0,0.30997303423089273,0.3087562305566778,0.3164781944788249,0.0,0.30667444843461383,0.3253476856788483,0.0,0.0,0.3082422500532137,0.0,0.0,0.317752021618524,0.3248062811731039,0.33118734592912963,0.0
0.0,0.0,0.0,0.3859445204529972,0.0,0.0,0.0,0.37735583361984115,0.0,0.0,0.3839605943173745,0.3977262852843672,0.39951687370411615,0.0,0.0,0.37836877775444483,0.4040969320283924,0.396386764206807,0.4215658512514538,0.0,0.0,0.39274191320213336,0.0,0.0,0.0,0.4167913729503962,0.0,0.0,0.3769781722212762,0.0,0.0,0.0,0.39517932303374326,0.38938983110866876,0.0,0.0,0.0,0.0,0.42414754580336544,0.4351804048968956,0.35483794872135654,0.4003330601324871,0.37905748584873583,0.39578295260516155,0.0,0.40903528747339757,0.0,0.0,0.3619964296728766,0.3743672705015154,0.0,0.3705704512391763,0.0,0.40191077098878747,0.35824296729522237,0.36586605187800125,0.0,0.3999907766261451,0.0,0.0,0.0,0.3744360333892764,0.3737132852108497,0.3928585525435894,0.0,0.0,0.40803616020761796,0.0,0.0,0.0,0.0,0.0,0.0,0.0,0.0,0.0,0.0,0.390979236745014,0.4404605031735097,0.0,0.0,0.0,0.0,0.0,0.0,0.0,0.36586718027060816,0.38429689059457056,0.0,0.0,0.41589971854417607,0.0,0.0,0.0,0.3552995636177563,0.0,0.0,0.0,0.0,0.0,0.3668282531621812,0.0,0.40550364176254855,0.0,0.40329503867550265,0.38119379578488743,0.0,0.0,0.0,0.0,0.0,0.0,0.0,0.4180603105919851,0.3541084844470644,0.0,0.0,0.0,0.41413686035807934,0.3984228505000474,0.36494261731233624,0.0,0.0,0.4014915736059012,0.0,0.3695157458580551,0.0,0.3916558217729623,0.0,0.0,0.0,0.0,0.0,0.0,0.3874541947378941,0.0,0.0,0.3905782341078577,0.38144521046146057,0.0,0.0,0.3780955127030722,0.0,0.39176280514504447,0.3887296789675182,0.3649654325324423,0.42075021227329984,0.3941653937293423,0.0,0.41338554449716625,0.0,0.3616171385311869,0.0,0.0,0.0,0.38632738538306494,0.38813020909135615,0.0,0.382948570210697,0.37739263688619856,0.40689079442518095,0.39791854658772746,0.0,0.0,0.0,0.0,0.3945895833462365,0.38186408689401885,0.32484587457202585,0.0,0.0,0.0,0.0,0.0,0.0,0.0,0.4082844393332162,0.0,0.34801392037469353,0.3930017447788661,0.3511354861468735,0.3819635031831353,0.0,0.0,0.0,0.0,0.0,0.39642587157255804,0.37254896140670685,0.41885252610005913,0.36926688808851293,0.0,0.37648902095056797,0.372304915722059,0.0,0.0,0.0,0.0,0.0,0.0,0.0,0.3859270119393998,0.36740772094712226,0.0,0.0,0.4296117022031623,0.0,0.41473160309953483,0.3436634871439246,0.37648599081630996,0.0,0.0,0.0,0.0,0.0,0.0,0.0,0.4183042802366437,0.0,0.0,0.0,0.0,0.0,0.4476476261748633,0.3651247323419577,0.0,0.38293829740644214,0.3650570284914632,0.0,0.36614718130374585,0.41333475365493777,0.37789302846625356,0.0,0.0,0.4292014418901975,0.4395467467214495,0.37282709420291016,0.0,0.39619934289846953,0.0,0.3637333928950275,0.3944358102337721,0.410163353751057,0.0,0.0,0.0,0.393312442040614,0.0,0.0,0.39735073512004604,0.0,0.0,0.0,0.42977674834574314,0.35816138949604154,0.0,0.0,0.0,0.3877603588566857,0.3805170834537498,0.0,0.0,0.3466734695310612,0.0,0.0,0.3456678387707669,0.0,0.4497943108120677,0.0,0.0,0.0,0.0,0.3178494054188714,0.0,0.3965099785480822,0.0,0.4163933617934191,0.0,0.3631994165625788,0.0,0.0,0.0,0.0,0.0,0.0,0.3590957235395331,0.0,0.38065115036960406,0.0,0.4090535928688925,0.39020915757793534,0.3548147772865977,0.0,0.0,0.0,0.0,0.3789999301725259,0.41818588198104373,0.4045280937238774,0.0,0.0,0.0,0.0,0.0,0.42009382816086394,0.0,0.424088897598939,0.0,0.0,0.3779797726239035,0.0,0.0,0.0,0.0,0.0,0.0,0.41400728980195317,0.0,0.3497787259354289,0.0,0.0,0.0,0.0,0.0,0.0,0.4305920538885796,0.0,0.38745493390652264,0.0,0.0,0.0,0.3748581264065352,0.34265381951687873,0.0,0.40419703931349504,0.0,0.415048538311159,0.0,0.0,0.42285143504617523,0.0,0.0,0.0,0.4072912789154198,0.3762400558516232,0.0,0.0,0.0,0.0,0.0,0.0,0.0,0.0,0.0,0.0,0.0,0.0,0.36385394760097195,0.0,0.0,0.0,0.0,0.0,0.37675166367529184,0.3807162309074338,0.0,0.0,0.3815995445612503,0.0,0.0,0.35761105342803745,0.37604883342767537,0.41144146877192866,0.35109336272550856,0.3593099887199627,0.0,0.42077126845356516,0.0,0.3854193255099052,0.0,0.34632480993480574,0.41027689406759565,0.38687490571414795,0.0,0.0,0.35816364311299254,0.39613442643590796,0.0,0.37365949322732905,0.4196423735937437,0.0,0.0,0.0,0.0,0.0,0.0,0.42067271102779974,0.0,0.0,0.3862187425083772,0.3958544218062615,0.4154426830159564,0.39656042333124264,0.0,0.0,0.0,0.3997950271327685,0.0,0.0,0.0,0.0,0.4096560391513952,0.0,0.0,0.0,0.0,0.0,0.0,0.4303447434028289,0.41248028372004697,0.4132532736299061,0.3891270519951757,0.0,0.0,0.0,0.0,0.0,0.0,0.0,0.4411059125771023,0.0,0.0,0.37296787243606444,0.40866573595161254,0.0,0.0,0.0,0.41570404175860426,0.38321414136935184,0.3924567326898398,0.0,0.0,0.0,0.3471408530708085,0.0,0.4282563342471937,0.0,0.0,0.4117907421956514,0.0,0.0,0.4489234279767208,0.40324575572366267,0.0,0.0,0.0,0.0,0.0,0.0,0.41387426114605097,0.39986234376078494,0.0,0.0,0.0,0.4170040020240997,0.0,0.0,0.0,0.0,0.0,0.35603024485118284,0.43540643539650853,0.39656881985709025,0.38197619624284285,0.0,0.0,0.3720473191440158,0.0,0.0,0.0,0.3837055137819838,0.0,0.0,0.0,0.0,0.0,0.4231538523554426,0.37778206442387974,0.0,0.0,0.0,0.4142065549014707,0.4239201719115799,0.0,0.43434738535521683,0.0,0.3966196081714116,0.3649235160667705,0.0,0.0,0.4245455181469787,0.3389289447702953,0.4013044429753465,0.0,0.4474416172530574,0.3977034296662027,0.0,0.3700595172506493,0.0,0.38900392244973114,0.40845723980966336,0.3530209576975712,0.3656926260674991,0.0,0.0,0.41581569261622264,0.0,0.389353275467761,0.0,0.4072049170176805,0.0,0.397161538208953,0.0,0.0,0.0,0.0,0.0,0.0,0.0,0.0,0.0,0.3696450631866442,0.0,0.4500128451453285,0.41377059094527685,0.0,0.0,0.0,0.41806014350026754,0.0,0.0,0.3603863987842213,0.0,0.4072492082397193,0.41784700243154393,0.0,0.0,0.37249820460905575,0.0,0.3819271908394015,0.3950233323095798,0.0,0.0,0.0,0.380464803490272,0.0,0.4215750812134249,0.0,0.0,0.4406686901215595,0.0,0.0,0.0,0.0,0.3980251440615322,0.0,0.0,0.0,0.0,0.0,0.0,0.3454357993758114,0.0,0.33910610277565423,0.0,0.0,0.0,0.3714872751374767,0.0,0.3543427474435673,0.34587122710382,0.38042632150499284,0.43061601899538215,0.3760674011205032,0.0,0.0,0.39294548035832644,0.0,0.0,0.4191375355148307,0.0,0.40405400448723716,0.0,0.397276387471842,0.0,0.41363426058284697,0.0,0.41271297042296523,0.3948554915247257,0.0,0.0,0.40706326163688633,0.0,0.37509297081381915,0.0,0.0,0.0,0.0,0.3874337940936626,0.0,0.4258149466229396,0.396018824854256,0.0,0.0,0.0,0.38747767878450945,0.419384047548721,0.3947862411921874,0.0,0.3923060574860849,0.0,0.4429140392685809,0.0,0.0,0.0,0.0,0.0,0.41411925673388417,0.0,0.0,0.0,0.3887399805560158,0.3725111210488954,0.0,0.0,0.42738355144434853,0.0,0.0,0.41178423482668175,0.0,0.3790646384194617,0.0,0.0,0.0,0.0,0.3917767769292336,0.0,0.0,0.0,0.37475696280735055,0.4067101839388187,0.0,0.39400696835590243,0.0,0.0,0.37785292248059443,0.35268716329258554,0.38091147204371767,0.0,0.0,0.0,0.4356317178940067,0.0,0.0,0.0,0.37514453629318145,0.0,0.3554019129338824,0.0,0.0,0.3597814202212939,0.38740373005268025,0.35600443184213365,0.0,0.0,0.389880876445055,0.3920157579160742,0.422481547504074,0.4352697285829069,0.0,0.0,0.0,0.3729108649732297,0.3931064661282328,0.0,0.0,0.0,0.3424216508327287,0.0,0.0,0.40535145507056547,0.0,0.0,0.40883345924767045,0.0,0.0,0.0,0.0,0.0,0.42599701607725926,0.0,0.0,0.0,0.0,0.0,0.0,0.4172103851953492,0.36390756076487873,0.0,0.0,0.388654059434427,0.0,0.0,0.39264703607206786,0.3956069147191883,0.0,0.0,0.0,0.0,0.0,0.3610658317069785,0.0,0.0,0.32697894226050456,0.0,0.0,0.3934059480876764,0.3991149206637443,0.0,0.0,0.0,0.4178043007874502,0.0,0.3846155408726179,0.378923688086393,0.0,0.3561908589456964,0.4217863962160392,0.4046510570197336,0.39245468446305803,0.0,0.0,0.0,0.404534971440773,0.0,0.41480330604777177,0.0,0.0,0.3854265363676397,0.38324235214500524,0.0,0.0,0.0,0.32914001894527306,0.3902366628229289,0.0,0.0,0.39867241949123405,0.0,0.0,0.35824977011862963,0.37993504827752067,0.37328942117158437,0.4203154420874645,0.0,0.3801674427665967,0.3759172333982651,0.39234937354687466,0.0,0.0,0.3393874680024665,0.0,0.0,0.0,0.0,0.36985534409411186,0.3956418860869974,0.3499366519517407,0.3896598547285332,0.0,0.0,0.0,0.0,0.4189210133009214,0.0,0.0,0.0,0.0,0.0,0.0,0.0,0.3693393576874812,0.0,0.38748575556005727,0.0,0.4072265743931823,0.0,0.0,0.39704470935852043,0.38679448540425254,0.33531349837229185,0.0,0.3681613056173431,0.3673786729915152,0.411019043570321,0.4207528988510003,0.36068520641417867,0.0,0.0,0.0,0.0,0.0,0.0,0.0,0.37203088128071576,0.39500442458225643,0.0,0.3870448841542852,0.0,0.0,0.0,0.0,0.41399195107096853,0.3606360024426474,0.0,0.0,0.0,0.398221608784435,0.0,0.35990416869211495,0.3742123837543364,0.0,0.0,0.4133997987273323,0.37302220834334354,0.0,0.0,0.3900648796299286,0.4046649416980373,0.3739486608743504,0.39134191655153405,0.40770095013505275,0.0,0.43494751261795295,0.0,0.4071741720517191,0.0,0.0,0.3945505900786458,0.43816876076861483,0.3560417282279214,0.42287034190917516,0.38846817680369927,0.0,0.0,0.38804643221999974,0.0,0.40603976431688993,0.0,0.37103928577467976,0.37702984667196143,0.41013324442664895,0.3895256326637613,0.0,0.0,0.0,0.0,0.0,0.38022826652995895,0.37176992124991387,0.0,0.4285774818220871,0.0,0.0,0.0,0.0,0.0,0.37610870898257226,0.0,0.39755449257894077,0.0,0.414136371081001,0.0,0.4250595451733273,0.0,0.0,0.0,0.0,0.4131123572710923,0.0,0.0,0.0,0.3930025260697081,0.0,0.0,0.4073164123877896,0.0,0.35884664524196425,0.35507980418600843,0.3864061996175087,0.0,0.4055676236269015,0.0,0.0,0.4021191859448021,0.0,0.0,0.42192675193728524,0.0,0.0,0.0,0.0,0.0,0.0,0.0,0.0,0.3997916889371903,0.0,0.0,0.0,0.0,0.3838104921295774,0.41491254533440225,0.0,0.37698089368791715,0.0,0.37820405157725095,0.0,0.0,0.4258778105100738,0.0,0.4031378216910714,0.0,0.0,0.3239111126237045,0.0,0.412286465555791,0.0,0.0,0.36231086635041415,0.4079949321215563,0.0,0.0,0.0,0.3778168579425794,0.0,0.39942282345531166,0.0,0.0,0.41260010725163565,0.4070405763520216,0.0,0.3893764129699771,0.0,0.0,0.0,0.0,0.40607831681737405,0.0,0.3788421152031462,0.0,0.3624804081587689,0.0,0.0,0.36624044138316614,0.0,0.0,0.4243207259132269,0.0,0.0,0.0,0.0,0.359581967504066,0.4366200008248691,0.3926106424988591,0.0,0.0,0.42728144695834663,0.40067810852550584,0.3752863884166134,0.0,0.0,0.0,0.0,0.3593116334747975,0.0,0.0,0.35100196310910514,0.41242887788354926,0.0,0.37915786871161844,0.0,0.0,0.0,0.0,0.4012915862828607,0.35256090114220273,0.0,0.0,0.0
0.0,0.0,0.18047643129244584,0.0,0.0,0.0,0.19431978644651157,0.15307601667538412,0.17820931211417598,0.0,0.19552771755781068,0.2183629372768426,0.0,0.0,0.0,0.20366714354360202,0.0,0.0,0.0,0.22010933291353235,0.0,0.19188874676578455,0.19516873145027674,0.0,0.19479260743177168,0.0,0.0,0.0,0.18344781817849912,0.0,0.21511096786201078,0.21089458286271984,0.0,0.0,0.0,0.1969820948787048,0.0,0.2018900165789944,0.0,0.0,0.17210900609261265,0.0,0.0,0.0,0.18517255026058121,0.0,0.0,0.22270594857633502,0.20524624065252658,0.1893694233855528,0.0,0.0,0.0,0.0,0.18277611412489755,0.2233412179487042,0.0,0.18761779305865042,0.20367535226336034,0.0,0.0,0.0,0.17963816173292085,0.0,0.0,0.0,0.0,0.0,0.0,0.21287784297306453,0.0,0.19585464220941992,0.0,0.19555481110900758,0.20542051126143365,0.0,0.0,0.2080120964908964,0.0,0.0,0.0,0.0,0.21200628782444111,0.0,0.0,0.0,0.0,0.1819047565966577,0.0,0.0,0.0,0.0,0.0,0.2050725456639062,0.0,0.2061262486209542,0.0,0.0,0.0,0.0,0.20394205716826602,0.0,0.20031470641358792,0.0,0.0,0.0,0.17406086410630983,0.0,0.0,0.19818356377700364,0.0,0.0,0.0,0.201261472101147,0.0,0.0,0.0,0.0,0.19740108552095778,0.0,0.21043599371193336,0.18055284362639734,0.0,0.2108757262494682,0.19113997153034892,0.22164582299806493,0.0,0.0,0.19433218414366157,0.2180016971777388,0.1889103621448036,0.19893900249483365,0.20416406651364444,0.0,0.18864917080143373,0.0,0.0,0.1989049018209428,0.19819209223295667,0.0,0.0,0.0,0.19439774100033838,0.0,0.0,0.0,0.0,0.0,0.0,0.215190590675352,0.0,0.1975057816360088,0.0,0.0,0.2372753855757679,0.0,0.0,0.0,0.0,0.21920690542600493,0.0,0.0,0.19436880283360464,0.0,0.19772031088352324,0.20416386016031488,0.18771520146429052,0.19174738414499348,0.0,0.0,0.0,0.0,0.0,0.20741435480857137,0.0,0.0,0.0,0.18783292735100252,0.19353068519424854,0.21135258793640438,0.19403147219302783,0.0,0.0,0.0,0.20308745484134078,0.0,0.0,0.20061017600490821,0.0,0.18917851922462411,0.0,0.0,0.1857680723078793,0.18326331982372754,0.0,0.0,0.19018595169791822,0.0,0.0,0.19500456814447567,0.18913275314635558,0.19263857034895351,0.0,0.0,0.0,0.0,0.0,0.0,0.20265700812315857,0.0,0.0,0.0,0.0,0.17979224025082627,0.2280450819444169,0.0,0.0,0.0,0.0,0.20489229483826507,0.0,0.0,0.0,0.0,0.17803302124030998,0.1857552474657128,0.0,0.22410797765886936,0.2095971170389327,0.0,0.19296192677504348,0.20178407229753997,0.0,0.2015888021426787,0.0,0.20771648245549557,0.0,0.0,0.2068343354044283,0.2077679433109352,0.0,0.22155469051029922,0.22174351642271317,0.19886068412270003,0.0,0.0,0.0,0.19147961540238828,0.0,0.0,0.1815799189918932,0.0,0.0,0.0,0.1881224637324126,0.18908127432853616,0.0,0.21373431860973297,0.0,0.19719039960154902,0.18839379142715218,0.0,0.17828384621471666,0.0,0.0,0.0,0.19800893407002362,0.0,0.0,0.0,0.20879860216055984,0.0,0.21353033732623783,0.0,0.0,0.17755461496908168,0.0,0.0,0.0,0.0,0.0,0.0,0.0,0.0,0.22842930848776227,0.20729440606533517,0.1999514516644102,0.1880467644483675,0.0,0.0,0.2025392948588855,0.0,0.0,0.22138227118874823,0.0,0.22957854126623892,0.0,0.21461824280425673,0.21008468988582743,0.1988979032499954,0.0,0.17655301357836564,0.0,0.0,0.0,0.1858288480217784,0.0,0.23741981752349828,0.0,0.0,0.0,0.17217659065845328,0.0,0.0,0.19818148192058427,0.0,0.0,0.0,0.0,0.0,0.20385102378561895,0.21352788400883532,0.0,0.0,0.19487845606543855,0.20159736662037597,0.21183001295658976,0.18903246880785893,0.21646367936333544,0.0,0.21183044744821092,0.0,0.18083544293448875,0.19786356645279995,0.0,0.0,0.0,0.0,0.0,0.22529667768156367,0.0,0.0,0.0,0.0,0.0,0.0,0.1798975489649657,0.19590791534395754,0.0,0.1810912123628225,0.0,0.0,0.0,0.0,0.0,0.0,0.0,0.1757437223901534,0.20363695885438055,0.0,0.0,0.19852997112977627,0.0,0.17543389830842177,0.0,0.0,0.0,0.0,0.20540965575106374,0.0,0.20955327111798408,0.20417166883732335,0.0,0.0,0.0,0.0,0.0,0.0,0.1998004759181259,0.0,0.19596524256074474,0.21006076205377058,0.0,0.0,0.0,0.16571704904344825,0.21436579185792604,0.18727875946406142,0.21414743420054194,0.0,0.0,0.0,0.2425540327420409,0.0,0.0,0.0,0.0,0.0,0.0,0.0,0.0,0.0,0.0,0.0,0.0,0.0,0.21179455274583092,0.0,0.0,0.2076524642819763,0.1769688829191794,0.21840290189062503,0.0,0.0,0.20632229371530206,0.0,0.0,0.0,0.0,0.0,0.0,0.0,0.0,0.0,0.0,0.21334674382352142,0.0,0.2114199613676911,0.0,0.0,0.0,0.0,0.0,0.19967276186034372,0.1982897748749755,0.20646505596408243,0.0,0.20381587504545653,0.0,0.20243817510576123,0.0,0.18763040660588692,0.0,0.19761072700125384,0.0,0.0,0.0,0.0,0.20390159020803914,0.20760197405382555,0.0,0.0,0.0,0.0,0.0,0.0,0.0,0.21790680001288765,0.0,0.0,0.0,0.20735966662313893,0.0,0.0,0.0,0.0,0.0,0.19149060020197872,0.2163517970926809,0.0,0.0,0.0,0.0,0.0,0.0,0.22219584591494862,0.0,0.206076343323007,0.0,0.2038527350191928,0.0,0.0,0.0,0.0,0.18646772346110288,0.0,0.0,0.0,0.0,0.19522782782645784,0.20363309049033257,0.0,0.2009264874555941,0.1967880177703126,0.20044519244574097,0.0,0.0,0.0,0.21451946951166326,0.0,0.0,0.1902371969409174,0.0,0.0,0.0,0.0,0.0,0.20422772168640435,0.18550683625141084,0.2238716335823488,0.18713590006977612,0.19007185736466145,0.0,0.0,0.0,0.0,0.0,0.1859125647401209,0.0,0.18584937359639409,0.0,0.218744625773841,0.20601638364167973,0.0,0.0,0.0,0.19982743103784234,0.0,0.0,0.0,0.0,0.23349143481236892,0.0,0.0,0.19440245803210712,0.0,0.0,0.0,0.19601975931500598,0.18299657503701675,0.0,0.17616031892012216,0.0,0.18952594139531073,0.0,0.0,0.0,0.1879909820431857,0.0,0.0,0.0,0.0,0.1989350616642447,0.0,0.0,0.0,0.0,0.19975869624672038,0.20690459002174827,0.0,0.199753193130966,0.2037912737294844,0.0,0.1978626459749404,0.1862792134027014,0.20703980875345668,0.2202725490324604,0.22014013273872898,0.0,0.0,0.19780544340438005,0.0,0.0,0.0,0.0,0.19072690583941967,0.0,0.21062440790892564,0.22241021762699514,0.18608197408088784,0.0,0.0,0.0,0.0,0.0,0.0,0.0,0.0,0.0,0.0,0.0,0.0,0.0,0.18660413904028475,0.0,0.0,0.15798231828922962,0.20589550736767956,0.20612914467094381,0.0,0.0,0.0,0.18842968224471213,0.19941041197330978,0.1846054236774572,0.0,0.19406598684781468,0.0,0.0,0.2164913103438237,0.0,0.17511196050273284,0.0,0.0,0.0,0.19710818100028724,0.0,0.0,0.0,0.0,0.0,0.20331408343940918,0.0,0.21445390138552853,0.0,0.2021676836798995,0.19769474442957094,0.0,0.0,0.0,0.0,0.22859937789482995,0.0,0.0,0.0,0.20192894257495717,0.2012772276444908,0.0,0.17905242523508752,0.0,0.19207703704735737,0.17161596588637562,0.2101576499781394,0.0,0.0,0.0,0.1931086441203635,0.0,0.0,0.1821705768222537,0.0,0.18786713566221375,0.0,0.0,0.0,0.0,0.2193499816565592,0.0,0.0,0.0,0.0,0.0,0.19138585778251915,0.1936141987745227,0.1978282077085776,0.0,0.0,0.19865645580124297,0.21265335195221846,0.18716056370786172,0.0,0.2105125445304842,0.16569772897776971,0.19064470334004904,0.0,0.0,0.0,0.0,0.0,0.0,0.19843102595323958,0.0,0.0,0.21442804315463423,0.0,0.0,0.0,0.0,0.2013438959962484,0.0,0.0,0.22100881299073405,0.0,0.0,0.0,0.2173697842904778,0.0,0.0,0.0,0.18209315260196599,0.1966359719901986,0.0,0.0,0.0,0.0,0.0,0.0,0.21332018869490585,0.19713762708688648,0.0,0.19317139703645453,0.0,0.0,0.0,0.0,0.1955300250607724,0.0,0.0,0.0,0.0,0.20581378757626717,0.0,0.19779859993481952,0.0,0.19483333415889206,0.0,0.184771131056368,0.0,0.0,0.20814805821254526,0.0,0.0,0.0,0.0,0.0,0.19897270313036178,0.17117483678166076,0.0,0.0,0.0,0.0,0.0,0.20811307008720498,0.0,0.0,0.1930652026516061,0.20955338657596473,0.0,0.18528214773218513,0.202735730753418,0.20143896941195116,0.0,0.23062629384878483,0.2099627999908433,0.0,0.19909370904250387,0.19526631271634973,0.0,0.2213694088976809,0.0,0.0,0.1947373596990138,0.22159130983696892,0.22482075378654726,0.0,0.0,0.188872875613294,0.0,0.0,0.0,0.17811517478370179,0.0,0.0,0.19848368362949906,0.0,0.0,0.0,0.0,0.17419076564649716,0.20273678736116407,0.0,0.0,0.2062749461932672,0.0,0.18210610259173263,0.0,0.1986956034020079,0.0,0.0,0.0,0.22550195736189416,0.192374364945962,0.0,0.0,0.0,0.0,0.0,0.0,0.0,0.0,0.17466006671779327,0.0,0.20076205658089805,0.17723035067108864,0.0,0.0,0.0,0.2087266582036841,0.0,0.0,0.0,0.0,0.20147109782542685,0.0,0.19089226588425734,0.16892630645061293,0.21572585828994315,0.0,0.0,0.0,0.0,0.0,0.0,0.0,0.0,0.0,0.0,0.22340493017250385,0.0,0.0,0.0,0.0,0.0,0.0,0.18520942204616972,0.21148616907629653,0.0,0.0,0.0,0.0,0.0,0.0,0.0,0.20083770124433326,0.0,0.0,0.0,0.0,0.0,0.0,0.20155567519452022,0.0,0.0,0.0,0.19550780500805434,0.0,0.0,0.0,0.0,0.0,0.0,0.0,0.22519394669184117,0.0,0.19498300848213476,0.0,0.0,0.0,0.0,0.0,0.21048601298817396,0.0,0.0,0.0,0.23131807495579618,0.0,0.20711999642550138,0.0,0.0,0.0,0.0,0.19287461394771277,0.20037512541314925,0.20491071291063395,0.0,0.18231711506421608,0.0,0.0,0.0,0.0,0.0,0.0,0.0,0.0,0.0,0.21824846914117416,0.0,0.20219811903086596,0.17722067900507832,0.16871649792125104,0.0,0.0,0.0,0.0,0.0,0.0,0.0,0.0,0.0,0.0,0.0,0.2143100382409992,0.1904937957320456,0.0,0.19447123923839388,0.0,0.19537655491289774,0.21835041749674644,0.0,0.0,0.19989697028789669,0.0,0.0,0.1954583831535415,0.0,0.0,0.19382850752426317,0.0,0.0,0.20217850324988454,0.0,0.22493262315156365,0.0,0.0,0.18736615295009115,0.1855190597160931,0.0,0.0,0.0,0.1807395401654176,0.19070893319295845,0.20272856448192508,0.0,0.0,0.1579166238595662,0.21415789301531551,0.0,0.0,0.20603993590799807,0.0,0.20258917700654133,0.0,0.0,0.0,0.0,0.0,0.0,0.0,0.0,0.0,0.0,0.18435068617498476,0.21005725701488995,0.0,0.0,0.0,0.0,0.0,0.0,0.0,0.0,0.0,0.19320872161163696,0.21516119744798054,0.0,0.20330652721106024,0.0,0.0,0.0,0.0,0.0,0.20995853146919086,0.0,0.20397060002187858,0.19620004210698913,0.17435796749841345,0.19234515216558626,0.0,0.0,0.21003796362678948,0.0,0.0,0.0,0.0,0.0,0.0,0.19921560869918534,0.0,0.0,0.0
0.0,0.0,0.0,0.3572889550141715,0.33435570161084355,0.0,0.0,0.0,0.0,0.0,0.0,0.0,0.0,0.0,0.0,0.32424055132526236,0.0,0.2887055876847541,0.0,0.0,0.0,0.30833844048013986,0.23855205681357194,0.0,0.32020137865954634,0.0,0.0,0.0,0.3112754213821032,0.0,0.3451108170413654,0.0,0.2852771434616496,0.2867214679630481,0.0,0.0,0.0,0.0,0.0,0.0,0.0,0.0,0.30963416234630387,0.0,0.0,0.29187287888506147,0.0,0.24956996589694025,0.0,0.0,0.3484932133707827,0.2925242512579253,0.0,0.3152374598472424,0.0,0.0,0.0,0.28284733262212985,0.0,0.3242650798502929,0.0,0.3297393061374274,0.3046454696062405,0.30568767565442906,0.0,0.0,0.36859054757412474,0.306674949847051,0.0,0.29192962819478213,0.0,0.0,0.0,0.30450986291083226,0.2992651528599613,0.0,0.30941221094479127,0.3171064249756199,0.0,0.0,0.30798074111749124,0.3158199408570771,0.0,0.3353851548540798,0.0,0.0,0.29071355297999685,0.0,0.0,0.0,0.0,0.0,0.0,0.33676748846128435,0.3303056659833942,0.0,0.0,0.0,0.0,0.0,0.35526947728129304,0.0,0.2979228090539998,0.29096685095037017,0.30829146317133826,0.0,0.0,0.0,0.0,0.0,0.0,0.0,0.2940338213078664,0.0,0.31678954170609774,0.0,0.35026785231278085,0.0,0.32964052133461264,0.0,0.2882737839116992,0.292426617772446,0.0,0.0,0.0,0.0,0.0,0.0,0.0,0.0,0.31176284533654186,0.3610014128465713,0.3463541968162103,0.0,0.2984452116251098,0.31175976401931405,0.0,0.0,0.31903102130391026,0.0,0.0,0.0,0.35604018521358466,0.2844338463902095,0.0,0.3255209546729053,0.0,0.0,0.30328979001360307,0.3229677063099727,0.29998718534063323,0.0,0.0,0.0,0.29943474327928915,0.0,0.0,0.0,0.0,0.2615422264137383,0.0,0.0,0.0,0.3201638847423002,0.27828901380746274,0.310821029654526,0.2970571683016888,0.0,0.3569808659078815,0.0,0.0,0.0,0.0,0.0,0.3153719574886332,0.0,0.0,0.3278421354476643,0.34220189561982306,0.0,0.0,0.0,0.0,0.0,0.2906551374362596,0.2957310847685456,0.30181972705106075,0.0,0.0,0.0,0.3487827325734972,0.0,0.3207133960071707,0.0,0.0,0.31674552604403183,0.0,0.0,0.0,0.2900098264558092,0.3141370118894376,0.28984604043320933,0.0,0.0,0.0,0.0,0.0,0.3159395180670689,0.34024942496085303,0.3379487563829627,0.0,0.29577019860147136,0.31338043113254826,0.0,0.0,0.0,0.0,0.29821369864661756,0.0,0.29962345144095975,0.30899824155765304,0.31419881557306717,0.0,0.0,0.3040312492911662,0.0,0.0,0.2817263593511593,0.0,0.0,0.0,0.3108194800361408,0.0,0.30090704316291184,0.0,0.31468353210608,0.26582801588978433,0.0,0.0,0.0,0.0,0.0,0.0,0.0,0.0,0.0,0.2645318592276655,0.0,0.31609202607729814,0.0,0.0,0.0,0.30525544842129865,0.0,0.2960358322275497,0.2681537513031924,0.0,0.0,0.31547311965773417,0.2688186259562659,0.34953415992428133,0.29871073628292794,0.3288146782363223,0.0,0.0,0.31780870030101666,0.0,0.0,0.0,0.0,0.0,0.0,0.30506170406806143,0.0,0.0,0.0,0.0,0.0,0.0,0.0,0.0,0.0,0.0,0.0,0.3196791762254794,0.0,0.0,0.3194866886771344,0.27345764636680153,0.30043660543197553,0.29421811937668924,0.33914936904723975,0.0,0.29159308593048283,0.0,0.31986677390151036,0.32557353041950265,0.3145996740016707,0.2560007144133035,0.0,0.0,0.0,0.305730741771772,0.3160009657404847,0.3230613614447023,0.0,0.0,0.29297088532892096,0.0,0.3383621329414045,0.0,0.30234551589979564,0.32390316602486596,0.0,0.29125286694632707,0.0,0.0,0.0,0.3462210900971122,0.0,0.0,0.0,0.0,0.0,0.0,0.30028246355398686,0.0,0.0,0.0,0.0,0.3272749241842269,0.3160598143263805,0.3021050767961112,0.0,0.0,0.0,0.29426115627964927,0.3024218386478254,0.0,0.0,0.0,0.28622447419820074,0.0,0.28715493733399977,0.0,0.0,0.0,0.3239152164259375,0.0,0.0,0.0,0.0,0.3111123328240838,0.0,0.0,0.0,0.0,0.0,0.0,0.0,0.0,0.2723758044498994,0.0,0.2979553589591931,0.32004525236948456,0.0,0.0,0.3344489624096448,0.0,0.0,0.3368551678720704,0.0,0.0,0.32224147514609475,0.3146833094619118,0.0,0.0,0.0,0.30671853129904103,0.28652194907436573,0.3163163433281824,0.295826008888756,0.3256349146593876,0.0,0.3159302102836544,0.31634790078798086,0.0,0.0,0.2936871474047677,0.0,0.0,0.3247395226600521,0.2999797922898999,0.0,0.3212764468753302,0.0,0.0,0.0,0.0,0.0,0.34848125378129535,0.0,0.3043804808193893,0.0,0.30209231373328055,0.0,0.0,0.0,0.0,0.0,0.0,0.29249270596414,0.2895092654286425,0.0,0.0,0.0,0.0,0.32005822577211407,0.0,0.0,0.2827690319186643,0.0,0.3187698658992271,0.30652952417042295,0.0,0.3032648501082536,0.0,0.0,0.0,0.0,0.0,0.0,0.0,0.3027847899199035,0.0,0.0,0.0,0.327407852820387,0.274228101499158,0.0,0.0,0.3666678766277734,0.0,0.3324741305169576,0.0,0.0,0.28755571006325237,0.0,0.0,0.0,0.3141611070097102,0.0,0.0,0.32716309934680554,0.0,0.29716285244444324,0.0,0.31655924126350404,0.0,0.0,0.0,0.0,0.0,0.0,0.0,0.0,0.0,0.2987039408187767,0.2780311961377343,0.0,0.2930302955187155,0.30743818375797805,0.0,0.0,0.30506538383616694,0.2853984125913845,0.3088591137071981,0.347414312336782,0.0,0.0,0.0,0.0,0.0,0.0,0.31056654957469915,0.0,0.3093754080611188,0.0,0.0,0.0,0.0,0.0,0.0,0.0,0.0,0.0,0.0,0.0,0.29848807875083894,0.0,0.30334669143715215,0.0,0.0,0.298323082643695,0.0,0.0,0.3195916679284059,0.3011732064331011,0.3486525504750209,0.0,0.3070397345117182,0.0,0.2859935486191194,0.3376930074867508,0.32460147720557325,0.0,0.0,0.2986627882556551,0.0,0.0,0.0,0.3064458846463747,0.3133498978663715,0.0,0.0,0.0,0.33718416086917874,0.0,0.0,0.0,0.0,0.3287731162216927,0.0,0.0,0.0,0.0,0.0,0.0,0.0,0.2726510568974182,0.0,0.0,0.0,0.31552992781008804,0.0,0.0,0.0,0.3485822224442797,0.0,0.0,0.0,0.0,0.34820166071753667,0.0,0.33291358678494654,0.0,0.0,0.3083170579446629,0.29616535115228515,0.0,0.0,0.29975702801508186,0.3045599360938182,0.0,0.34582111782831637,0.0,0.0,0.30474334101129547,0.0,0.0,0.0,0.3199498332204623,0.0,0.0,0.0,0.29886202628428654,0.0,0.3054490022894779,0.0,0.0,0.32162857096321706,0.0,0.0,0.31217590870642997,0.0,0.0,0.3342142448053008,0.0,0.31515069099023146,0.0,0.0,0.31593361785779733,0.28004032891853214,0.0,0.0,0.0,0.0,0.0,0.0,0.30468433403815165,0.3154155696365725,0.3458564419406972,0.3040104285437479,0.3201069671811704,0.0,0.0,0.32802076236370753,0.31153531156247943,0.3163801085026725,0.0,0.0,0.3216537235316071,0.0,0.33364971377935615,0.0,0.0,0.0,0.3124771288841247,0.0,0.0,0.0,0.0,0.0,0.0,0.0,0.0,0.3310054970286309,0.0,0.3350216322069481,0.0,0.32174530113247746,0.2796423465330644,0.2745226267499829,0.0,0.0,0.0,0.34911952794662954,0.0,0.0,0.0,0.29570534113713615,0.34420604067566907,0.29804872931916376,0.0,0.0,0.29762020387093585,0.0,0.0,0.0,0.0,0.0,0.0,0.0,0.0,0.0,0.3050312784729149,0.31796681387191084,0.0,0.0,0.0,0.0,0.0,0.0,0.0,0.0,0.30148106321010815,0.3047412696532711,0.3315795793301225,0.0,0.0,0.2914356890585695,0.3261432187366083,0.3503425822886065,0.33468915615038314,0.32749000733326006,0.3198335009421686,0.3382068134921529,0.0,0.28610730484240393,0.2604803636251144,0.30131324200632664,0.0,0.0,0.0,0.32559668299182737,0.0,0.0,0.0,0.34017831034837787,0.0,0.0,0.0,0.0,0.0,0.0,0.2952994343944699,0.0,0.0,0.32432403454112796,0.0,0.0,0.0,0.2929886661559312,0.0,0.3081539778410456,0.0,0.29892514012265176,0.34707528300848,0.3024751536985527,0.0,0.0,0.0,0.0,0.0,0.3203425913937941,0.0,0.0,0.0,0.299515188488362,0.0,0.0,0.0,0.0,0.3002634357390079,0.3141753813792172,0.0,0.0,0.2818603258919511,0.0,0.0,0.0,0.0,0.3100226552884307,0.0,0.32961509578257164,0.3416802299626986,0.3153991756024812,0.0,0.0,0.3270770748589713,0.0,0.30329659127933883,0.0,0.0,0.0,0.0,0.31577616063238445,0.0,0.30460842601614296,0.0,0.0,0.0,0.0,0.0,0.0,0.3005142171006123,0.0,0.32914531291237814,0.0,0.2980293515143163,0.0,0.0,0.3282920197226643,0.32006699034991504,0.0,0.31656782846201664,0.30124241692500714,0.3029513924767971,0.0,0.0,0.30965728860839714,0.3136552932833817,0.2991137596879721,0.0,0.33618879593801937,0.3138122871248894,0.33958057989256657,0.289504434711822,0.31773151384664267,0.3188526117698183,0.0,0.3382939885755298,0.30459420605905857,0.0,0.3003163460521989,0.0,0.0,0.0,0.0,0.0,0.0,0.0,0.0,0.0,0.0,0.0,0.30423745822526604,0.3194354705916725,0.0,0.27090932882484514,0.0,0.2914176138214774,0.0,0.0,0.31877045712473434,0.0,0.36456707207002637,0.0,0.3030415381524735,0.0,0.0,0.3089388541160345,0.29790561696929824,0.0,0.36433067373162165,0.0,0.3198601366638922,0.2861586452803701,0.29641311759479355,0.28262915063651767,0.0,0.0,0.0,0.0,0.0,0.2904283710650326,0.0,0.29119451107269256,0.0,0.277664526664549,0.3091223316931702,0.0,0.0,0.0,0.0,0.0,0.32750412054754596,0.30542188865227393,0.2953038304426905,0.31994538213855034,0.0,0.0,0.0,0.0,0.0,0.3361131073631271,0.0,0.0,0.33350466860411526,0.0,0.3019544751058537,0.32475154141707374,0.33492922700161887,0.0,0.0,0.0,0.27725990475878376,0.0,0.0,0.0,0.0,0.31479292184580054,0.0,0.0,0.3073921422054681,0.0,0.0,0.0,0.0,0.31554881689925635,0.0,0.3229015271367502,0.0,0.0,0.0,0.34400565372630737,0.0,0.0,0.0,0.3208556852882994,0.0,0.0,0.2925278203758654,0.0,0.0,0.31443290373987653,0.0,0.0,0.0,0.3136029343597728,0.0,0.0,0.0,0.0,0.3192067293926343,0.0,0.29316028889962836,0.0,0.31823161298138997,0.0,0.0,0.0,0.0,0.0,0.29386115602259455,0.0,0.0,0.0,0.0,0.3130335040614457,0.3118517018514572,0.33278680968178287,0.329897677627329,0.0,0.3385968673869753,0.0,0.0,0.0,0.32674299752550856,0.0,0.0,0.0,0.0,0.30516861362778147,0.33848267637149015,0.0,0.3273177370412045,0.0,0.0,0.29766595353655234,0.0,0.0,0.3275177237369389,0.3674202444822552,0.33508862212166785,0.31927671158643134,0.0,0.0,0.2616974635849088,0.3456599535275294,0.3149476264992467,0.30647591977708133,0.3262198970802245,0.0,0.33029570382877954,0.3199145524309078,0.0,0.0,0.30526393791631673,0.0,0.29738698880226216,0.0,0.2756046446950757,0.0,0.30852732945285705,0.0,0.330423544390954,0.0,0.3260249446559935,0.0,0.0,0.3380123688905369,0.27288258102799995,0.3060676461328814,0.25461053000325445,0.0,0.0,0.0,0.0,0.0,0.0,0.0,0.0,0.0,0.2797412297833387,0.0,0.0,0.33165736112754074,0.0,0.0,0.0,0.3448700954286262,0.0,0.0,0.36453151315905036,0.28198458768927703,0.30220802543793945,0.32631653047496045,0.0,0.29821938416586713,0.27181572518925623,0.0,0.0,0.0,0.0,0.0,0.30596299046718867,0.3211559778751017,0.0,0.0
0.4428907645888962,0.4094424369293477,0.0,0.0,0.0,0.3929129534090392,0.4020549971756577,0.38194784947506183,0.39216955120977054,0.0,0.4236192121857306,0.0,0.3846250700843049,0.3827394994108509,0.0,0.0,0.0,0.0,0.0,0.0,0.0,0.4075952571330499,0.40476766499248723,0.0,0.0,0.38205227565184624,0.0,0.3983211200691364,0.41868799718318483,0.38358006326291455,0.0,0.4517413470575973,0.0,0.0,0.0,0.0,0.38910317119951243,0.42685967500970384,0.0,0.0,0.0,0.38555662808863567,0.3999498406133509,0.4005535351752376,0.0,0.0,0.42691211238727217,0.38890911299373676,0.0,0.34988047288948476,0.0,0.0,0.3930861741342325,0.3725665927787,0.40733241222217276,0.0,0.0,0.0,0.0,0.40374150419371824,0.0,0.3967919628175765,0.3727081462508006,0.0,0.0,0.0,0.382423642130248,0.39143394664110454,0.0,0.0,0.0,0.375604569676684,0.0,0.0,0.0,0.37703220682277216,0.40877622946767417,0.3742540847388476,0.0,0.4026092369136048,0.0,0.3945627443231888,0.0,0.0,0.0,0.0,0.3912796479327943,0.0,0.4008497200490397,0.40445881093791836,0.0,0.0,0.37424741972483627,0.41530960213691365,0.38368149281999464,0.0,0.0,0.37807822170261457,0.0,0.0,0.0,0.0,0.4014767545274774,0.0,0.39964367111187443,0.4185787428447688,0.4166451745409374,0.0,0.0,0.0,0.0,0.0,0.4286091944216893,0.0,0.3991275072722309,0.0,0.0,0.0,0.0,0.41112955816573477,0.0,0.0,0.0,0.3980404688549352,0.4273856511248486,0.0,0.0,0.3957208439752715,0.0,0.4082666365593209,0.39773366165644924,0.0,0.0,0.41473807377009275,0.0,0.0,0.0,0.4118675262370613,0.3730911163072485,0.39985449290024716,0.0,0.0,0.0,0.3785454141045381,0.0,0.0,0.0,0.41090626231483096,0.4270339406675364,0.4019127625894531,0.40086056883481574,0.39116819754581345,0.0,0.3999784071032894,0.4027479595108828,0.0,0.0,0.0,0.0,0.4045321469580802,0.4339610591599886,0.0,0.0,0.0,0.0,0.37395863103769483,0.0,0.40392859178786716,0.0,0.41434704438570147,0.4082229515324378,0.0,0.3873162899967697,0.0,0.0,0.41693387370553275,0.0,0.37552456960819636,0.3984307056292215,0.0,0.36844142115493655,0.0,0.0,0.4140952874499418,0.0,0.392042676252487,0.0,0.0,0.35651356420482394,0.4227054440998547,0.0,0.0,0.4127026255690844,0.3793907090506089,0.0,0.0,0.39947122052949646,0.0,0.0,0.0,0.3871022637948135,0.0,0.0,0.0,0.42862662385569295,0.41415246743363116,0.0,0.0,0.0,0.39739917994145757,0.0,0.0,0.0,0.41990439380588523,0.0,0.0,0.0,0.0,0.3666977878217894,0.0,0.39674942083931974,0.3960132578418742,0.414865342950294,0.3918060359883972,0.39432785501529455,0.3781062602597001,0.0,0.4128369124477283,0.0,0.4234448633230058,0.3836436375697054,0.0,0.0,0.0,0.0,0.0,0.0,0.4092882177254718,0.4071503509474394,0.39437199726640976,0.42909098106903437,0.4021511864758825,0.4125044274126147,0.0,0.0,0.0,0.37699411598379046,0.0,0.0,0.0,0.0,0.0,0.3864879500150624,0.0,0.0,0.0,0.0,0.37209277377922223,0.0,0.0,0.40108602378357666,0.0,0.3613474643669915,0.0,0.0,0.3925096797758372,0.0,0.0,0.41891006357306115,0.0,0.0,0.39721930656023496,0.38314070156861946,0.0,0.0,0.0,0.40035248897637904,0.0,0.4121035183752,0.0,0.0,0.0,0.0,0.0,0.0,0.38626521493979027,0.0,0.0,0.40010467448599885,0.0,0.0,0.0,0.0,0.4107729504998238,0.0,0.0,0.0,0.0,0.0,0.41905069413083995,0.0,0.39951246889736863,0.0,0.0,0.0,0.4213868519853539,0.0,0.0,0.0,0.0,0.0,0.3928398809428777,0.0,0.0,0.3798833870368576,0.0,0.3766309448837274,0.0,0.37843669166198235,0.3919955374721179,0.0,0.0,0.41470505613474967,0.0,0.0,0.0,0.0,0.0,0.0,0.40173970084576616,0.37745471668303,0.0,0.0,0.0,0.0,0.0,0.3743977706739118,0.0,0.0,0.0,0.4034061505572046,0.0,0.0,0.0,0.3761889209320701,0.0,0.0,0.38440594296424685,0.39372780733927043,0.3997119896346091,0.0,0.0,0.0,0.4021430544608053,0.0,0.0,0.40575818213050735,0.0,0.364940986799586,0.0,0.0,0.0,0.38385715129408515,0.3662139104119053,0.0,0.0,0.0,0.0,0.406987518245728,0.0,0.0,0.0,0.0,0.0,0.39275171695149264,0.0,0.0,0.389442582996154,0.37158415900324887,0.38342563137912994,0.0,0.4256692154963567,0.0,0.0,0.3991758130413094,0.4077799179554913,0.0,0.0,0.0,0.0,0.40530675303036,0.0,0.0,0.0,0.37407371702718656,0.0,0.0,0.0,0.3867670933085569,0.0,0.0,0.0,0.42576563802294864,0.0,0.0,0.0,0.4117971117189428,0.4046121569859942,0.0,0.38404810906095443,0.3869896459294118,0.0,0.39358870772189236,0.0,0.0,0.3677143159099756,0.0,0.0,0.0,0.4011605523222836,0.404546813350586,0.0,0.0,0.40841382326323483,0.0,0.0,0.0,0.42955910212042475,0.0,0.0,0.4025127679326201,0.0,0.3803638412309096,0.0,0.37276807831245895,0.0,0.421765828127634,0.3995275150154489,0.429191246977616,0.0,0.403062619635133,0.3828148467709738,0.0,0.3835614417706422,0.0,0.0,0.0,0.0,0.3957230253019159,0.0,0.0,0.0,0.385805274892654,0.0,0.0,0.0,0.3988613037966947,0.3938069794208028,0.0,0.0,0.0,0.40380612908710706,0.0,0.0,0.0,0.0,0.41121238957983075,0.0,0.0,0.0,0.0,0.0,0.0,0.0,0.4106663611803535,0.0,0.40111695903371875,0.37513245881167906,0.0,0.0,0.0,0.0,0.0,0.42313249126784935,0.40933599118927516,0.0,0.3930231390850099,0.38388281890104314,0.0,0.0,0.40441954452360074,0.0,0.0,0.39705303327853575,0.4333141190280603,0.0,0.0,0.0,0.0,0.0,0.0,0.3764342627876894,0.0,0.0,0.4252333230753077,0.0,0.3960331011558041,0.38975331624601584,0.41244836307055893,0.40823869475661795,0.4025767882210233,0.0,0.4136861106901452,0.0,0.0,0.0,0.0,0.0,0.0,0.41020946007989106,0.0,0.0,0.3808972577616148,0.0,0.383075685982273,0.0,0.40759248388724306,0.0,0.39572389593126445,0.0,0.0,0.0,0.0,0.0,0.0,0.0,0.0,0.0,0.0,0.0,0.0,0.0,0.0,0.0,0.4045512859957548,0.0,0.0,0.0,0.0,0.0,0.3967286909611983,0.4032068797876378,0.0,0.0,0.0,0.0,0.35886286826683406,0.40277768161947675,0.0,0.0,0.0,0.0,0.0,0.0,0.0,0.4195994958516583,0.0,0.4075148591691271,0.0,0.0,0.0,0.0,0.0,0.380224255963504,0.0,0.0,0.0,0.38847367773402464,0.0,0.4105575239879703,0.38132963771134265,0.0,0.0,0.3807126013753532,0.3874651408437502,0.37078838228389194,0.0,0.0,0.4069767204384187,0.39513276046971674,0.0,0.0,0.0,0.4180101849103229,0.0,0.0,0.3929049327221786,0.4043107443454805,0.0,0.0,0.0,0.0,0.0,0.4026987730859875,0.0,0.0,0.0,0.3712901781686598,0.0,0.0,0.0,0.0,0.0,0.37322759236964154,0.4078060196174977,0.0,0.3999100556241291,0.0,0.3891348345751511,0.40344322471826277,0.0,0.0,0.0,0.0,0.3987233830273498,0.3683480919310874,0.0,0.0,0.0,0.0,0.0,0.0,0.0,0.0,0.42073673305117626,0.3716691396991367,0.3967690891333679,0.4264113987364289,0.0,0.0,0.0,0.36296358477877666,0.0,0.4129834977531742,0.0,0.3959420282232532,0.0,0.0,0.0,0.3903788293824485,0.0,0.41507665701543317,0.3826803898781357,0.0,0.0,0.0,0.41537266171694504,0.0,0.0,0.0,0.0,0.0,0.4142479480501251,0.0,0.3953848537053687,0.0,0.0,0.4007481727707395,0.0,0.39625368317264853,0.0,0.0,0.3863075315432596,0.0,0.0,0.0,0.40158616512225753,0.0,0.3824645864111624,0.0,0.0,0.0,0.0,0.0,0.0,0.41279826684474924,0.0,0.0,0.3971347454592509,0.0,0.0,0.0,0.0,0.0,0.0,0.38028094262711887,0.4276400591208252,0.0,0.0,0.0,0.0,0.37641018326365083,0.0,0.38052813179653877,0.38705644608011386,0.0,0.0,0.0,0.4176840415658171,0.0,0.419074198432489,0.0,0.0,0.0,0.0,0.0,0.0,0.0,0.0,0.0,0.37862353778031255,0.0,0.0,0.0,0.0,0.0,0.37994199493514536,0.3782145214839905,0.4148805911536156,0.3760427509949506,0.0,0.0,0.0,0.0,0.3867565268120701,0.0,0.4256867886764995,0.0,0.0,0.41235493608912804,0.0,0.0,0.3823561002781028,0.3823571104682225,0.0,0.0,0.41644263209094073,0.0,0.0,0.0,0.0,0.39417414179408294,0.0,0.37743416532887974,0.0,0.38490998129191156,0.0,0.0,0.3992753526294459,0.35797552436307606,0.39904215293375506,0.0,0.0,0.0,0.0,0.3697499611978899,0.3972663900363765,0.3923425817778587,0.0,0.0,0.0,0.0,0.40294903809742194,0.3876281980209884,0.0,0.3892579737943825,0.40043816091904716,0.0,0.4002401094576656,0.3660636734400232,0.0,0.0,0.0,0.0,0.0,0.0,0.37516532223181953,0.0,0.0,0.0,0.0,0.35489501083839003,0.3955845172967945,0.0,0.4052076554699844,0.40174260949894747,0.0,0.0,0.4134098842647569,0.41740662285289293,0.39658723329988516,0.3654003240823313,0.0,0.409331383700003,0.0,0.0,0.409517285208797,0.0,0.0,0.0,0.0,0.0,0.4041550027444758,0.0,0.4228555946392805,0.0,0.36684737821153207,0.40261584803287365,0.0,0.0,0.0,0.0,0.0,0.4180676896220475,0.0,0.0,0.0,0.0,0.0,0.0,0.41206255456208946,0.0,0.42302387329648555,0.41084622948235694,0.0,0.4361204300209968,0.39857586044349314,0.3828107912483445,0.0,0.3935442131132992,0.41032285611344116,0.0,0.0,0.37421359667082377,0.0,0.0,0.0,0.4132754313877247,0.4022195532590115,0.0,0.40867312554272756,0.407810095886026,0.0,0.0,0.3659291940383255,0.38579276231531057,0.4055074843049711,0.3929427502024707,0.0,0.0,0.3830282599001946,0.0,0.0,0.0,0.0,0.0,0.0,0.0,0.0,0.36393712674543,0.43448587400037886,0.0,0.425625139161858,0.0,0.0,0.0,0.0,0.0,0.0,0.0,0.4030686189945061,0.39572124605440345,0.0,0.4014541143425099,0.3702732016616728,0.421275266553105,0.0,0.0,0.0,0.39554200219815483,0.37666032950281986,0.40154437365222473,0.41117218294150226,0.4059008899176146,0.0,0.3964768028800948,0.41533859989162075,0.0,0.39768858501940557,0.0,0.37927155782756483,0.3637354405831183,0.0,0.0,0.0,0.0,0.0,0.39438010122943307,0.0,0.0,0.0,0.0,0.3975514458634743,0.40718635370854145,0.41307534831006876,0.0,0.0,0.0,0.4217786108656244,0.0,0.0,0.0,0.0,0.0,0.40141089444185335,0.0,0.0,0.0,0.0,0.399795938427306,0.0,0.0,0.0,0.0,0.38556659821208294,0.0,0.0,0.4096408500604733,0.0,0.37249139218180155,0.0,0.0,0.38498601135062144,0.41605247286688213,0.0,0.0,0.0,0.0,0.0,0.4183127656683203,0.41679314160675857,0.0,0.0,0.0,0.0,0.0,0.0,0.4139457466273294,0.0,0.36010634299741995,0.0,0.0,0.4096967519301966,0.0,0.39398727971400316,0.3886539290685876,0.0,0.0,0.39581640366861043,0.4109759655133671,0.0,0.0,0.0,0.4088441824568777,0.4213086789463275,0.0,0.0,0.0,0.0,0.0,0.4017860361364261,0.3917433327540174,0.0,0.0,0.0,0.0,0.3988931224452129,0.0,0.40363429329218126,0.0,0.0,0.0,0.0,0.0,0.0,0.4235905568711833,0.0,0.0,0.0,0.38736240062803934
0.0,0.0,0.029639430838027867,0.0,0.0,0.0,0.0,0.0,0.0,0.0,0.0,0.053554790187889945,0.0,0.0,0.0,0.04700907747789528,0.0,0.0,0.0,0.0,0.0,0.0,0.05245513675205052,0.0,0.0,0.0,0.0,0.0,0.0,0.0,0.0,0.0,0.010614174878014599,0.0,0.0,0.08077209901207578,0.0,0.03994093707900988,0.0,0.0,0.08070447414883011,0.0,0.013083932227871894,0.0,0.0,0.03165514839988024,0.01859469926186139,0.014709090748065704,0.047211167226331216,0.0,0.018143290160371736,0.0,0.0,0.0,0.0,0.0,0.0,0.0,0.0,0.0,0.0631894033833491,0.0,0.0,0.01659158511207213,0.0,0.0,0.03452030832032067,0.0,0.0,0.034964170901176254,0.0,0.0,0.0,0.0,0.0,0.04476537404605804,0.0,0.0,0.0,0.005549484195695106,0.0,0.013942943686244618,0.0,0.0,0.06643973268659654,0.0,0.0,0.029933978969144594,0.00976686237517595,0.0,0.0,0.0,0.0,0.0,0.039417791315072864,0.0,0.0,0.03999758653105887,0.0,0.0,0.055494223580831906,0.0,0.037096653150604356,0.0,0.03572557487464127,0.0221198042778992,0.0,0.0,0.0,0.0,0.0,0.0,0.0,0.0,0.01864559942843853,0.0,0.0,0.0,0.0,0.04240167784323499,0.0,0.0,0.0308318140510007,0.05372823977242643,0.0,0.03514065095271458,0.0,0.023839276479957615,0.05115307271192479,0.0,0.0,0.05509278910120917,0.06535587656799931,0.0,0.0,0.0,0.0,0.059750734980680495,0.0,0.0,0.0,0.040578042613287096,0.0,0.0,0.0,0.0,0.0,0.0,0.015625551392679942,0.0,0.0,0.03766315900354762,0.0,0.0,0.047922886045281124,0.06570715700254771,0.04381580591919388,0.0,0.03528644782150578,0.0,0.03093517598896486,0.0,0.06423505635866056,0.0,0.0,0.05864005007823847,0.0,0.020360640174365768,0.03120918232046752,0.0,0.07315954586296472,0.0,0.056328229587669455,0.0,0.022650656463201163,0.03594933461872355,0.06354937146941449,0.0,0.0,0.0,0.0,0.0,0.0,0.0,0.037842009411193,0.02282377872058023,0.0,0.0,0.016531860351025347,0.0,0.0,0.06936359239191908,0.0,0.0,0.0,0.06336189103442141,0.0,0.046289958185686965,0.0,0.0,0.012977659312112194,0.0,0.0,0.0,0.05290637243280898,0.0,0.02717956561334788,0.0,0.0512485706709232,0.0,0.0,0.0,0.0,0.0,0.033432320963726836,0.029581454697587325,0.0,0.0,0.0,0.0664113739381535,0.0,0.0,0.0,0.0,0.0,0.0,0.0,0.020493081305835128,0.010656905331720267,0.05706844257438134,0.0,0.0,0.0,0.0,0.0,0.06579843835764763,0.025642663110724974,0.0,0.0315721696161204,0.0,0.0,0.018307290245766283,0.0,0.0,0.01955098327716154,0.0,0.033944240844395616,0.0,0.0,0.0,0.0,0.0,0.03756091669238088,0.05470819385552341,0.04555402498890376,0.021902936231449302,0.0,0.02962646331128824,0.03476498269819247,0.0,0.04077758303957082,0.0,0.0,0.0,0.0,0.0,0.0,0.0,0.0,0.0,0.0,0.0,0.010218360551159595,0.0,0.018467054939263948,0.0,0.03514177291281531,0.0,0.0,0.0,0.0,0.0,0.0,0.0,0.0,0.0,0.05467547702482327,0.028153442963261898,0.0,0.007110375600501407,0.0,0.0,0.0,0.034396485903070595,0.037259433338696746,0.0,0.0,0.007416158806691191,0.072113731178445,0.01534381778050356,0.0,0.0,0.06665108621387032,0.0,0.0,0.013450910006107786,0.0,0.023292003455925307,0.06576732091105283,0.030242282781138618,0.0,0.04065634114627148,0.0,0.0,0.0,0.03913454356735868,0.0,0.0,0.02132048669996019,0.0,0.0,0.0,0.0,0.0,0.0,0.0,0.0,0.05177936058423304,0.0,0.04029617843290344,0.0,0.04610396758368026,0.029252614292977333,0.05798633286310083,0.040950985205372735,0.0,0.0,0.0,0.0,0.022266628561193675,0.0,0.0,0.0,0.05869166949838166,0.0,0.04835135943841331,0.0,0.05140132331885519,0.02641258761202408,0.0,0.0,0.0,0.0,0.004206071762570235,0.05465573207002729,0.0,0.045981982366390776,0.0,0.0,0.04923933792242337,0.0,0.0,0.0535989728984422,0.0,0.03530621501538944,0.0,0.0,0.017401612100063187,0.0,0.0,0.0,0.02596562692110106,0.0,0.03499979836122226,0.0003782231586674279,0.0,0.0,0.02907915322729013,0.0,0.02825521528303772,0.0,0.0,0.0,0.0,0.0,0.04134568154951912,0.040613128391408355,0.0,0.03089546800581742,0.03922044864559709,0.0,0.04522789270102587,0.0,0.0584778403178341,0.0,0.05120423852116239,0.0,0.08841883136975805,0.0,0.02314781141863242,0.0,0.0,0.0,0.0,0.0,0.0,0.0,0.0,0.0,0.0,0.04373076846128683,0.06178969526525942,0.04062881163392079,0.0,0.0,0.0,0.0,0.0,0.0,0.0,0.00830107822740929,0.03328990259266484,0.0,0.0,0.0,0.0,0.0,0.0,0.0,0.0,0.0,0.0,0.03203468334968436,0.04213059680054383,0.0,0.0,0.0,0.043398830162871035,0.0,0.042289819206527295,0.0,0.03594655864682308,0.0,0.04361396078237309,0.0,0.0,0.0,0.0,0.0,0.023507930413979847,0.04542878534783483,0.018824890260511946,0.020788253129483424,0.030256914816036054,0.0,0.0,0.0,0.0,0.0,0.06395577159907913,0.04536331163484062,0.0,0.0,0.0,0.0,0.0,0.008369074093562343,0.0,0.0,0.0,0.052088355181126575,0.0,0.0,0.0,0.0,0.0,0.0,0.0,0.0,0.0,0.0403229053743583,0.0,0.0,0.0,0.0,0.06471144134840137,0.0,0.0,0.0,0.03533333790494579,0.025987281252308595,0.026028696031742207,0.0,0.047768874693942455,0.052713144087332874,0.0,0.0,0.03970562113848701,0.003998221088614102,0.0,0.0,0.0,0.05954046500796941,0.00762902208043666,0.0,0.02565416166138686,0.0,0.04097783976430321,0.0,0.03623113262410087,0.0,0.022195805987044216,0.0,0.0410936528537466,0.0,0.0039944253525565,0.0,0.0,0.0,0.0,0.0,0.030824529589875263,0.0,0.0,0.0,0.0,0.0,0.0,0.0,0.0,0.0,0.05223416909997068,0.0,0.0,0.0,0.0,0.0,0.0,0.0,0.030847799276971042,0.0,0.0,0.0,0.0,0.0,0.0,0.03601019585201339,0.0,0.0,0.0,0.0,0.0,0.027248366728285303,0.0,0.01859163986155121,0.0,0.04137354543890019,0.0,0.052935557124851484,0.04057912409825258,0.0,0.029215067165836207,0.0,0.0358472772478142,0.0,0.0,0.0283414883840125,0.040912283402975924,0.0,0.0,0.0,0.0646593396064349,0.0,0.0,0.0,0.008308313512846622,0.0,0.014319186286158898,0.001267702222806662,0.0542369040135405,0.0,0.06955040346847091,0.0,0.04476770476190408,0.04459827026750175,0.0,0.04700366019990545,0.0,0.0,0.0,0.0,0.0,0.017658514432353417,0.0,0.0,0.0,0.0,0.005507613238323959,0.0,0.0,0.0,0.0,0.03856223792764913,0.05145169819334789,0.05998997616118992,0.0,0.0,0.04235966123638541,0.0,0.054412437152342376,0.0,0.0,0.03110299658485978,0.0,0.03945525412080189,0.0,0.060883535335562594,0.0,0.0,0.05274537030562993,0.0,0.0,0.0,0.0004849521652607084,0.0561260591133179,0.0,0.0,0.0,0.0,0.0,0.0,0.017343331539367124,0.0356219956964304,0.0,0.04158991572722811,0.0,0.029007306209955473,0.047858035516373125,0.0,0.06661574162510549,0.06890465804460097,0.0,0.03813893935106404,0.03596310930483314,0.0,0.0,0.0,0.0,0.05629869735888488,0.03756214592397257,0.0497435728596084,0.0,0.0,0.0,0.0,0.0346281792556318,0.0,0.018552464655600828,0.0,0.0,0.0,0.0,0.010284191079883322,0.0,0.021823506234964048,0.021839791404566072,0.0,0.01047573372780063,0.0,0.04598379294070741,0.0517972803951721,0.04329146901048807,0.0,0.02379630870261492,0.04640534793734103,0.0,0.009280712846903991,0.0,0.0,0.0,0.06227760611396972,0.0,0.05885934640184162,0.010008247305282113,0.0332806375508185,0.0,0.0,0.0,0.0,0.0,0.0,0.05630846375722036,0.0,0.0,0.0,0.0,0.0,0.0,0.0,0.0,0.0,0.0,0.0,0.04269768221086979,0.0,0.0,0.0,0.050793376752206056,0.0,0.0,0.02896338178051628,0.04955198346815537,0.0,0.04100649640215632,0.0,0.0,0.0,0.0,0.0,0.0,0.0,0.04901488934931596,0.06604499511510249,0.03905788840800674,0.06030195879766869,0.06301380077119856,0.015510968283219082,0.0,0.0,0.0,0.05507305499596001,0.05591776965807692,0.0,0.04681032501730638,0.02319505069900988,0.052309923977034246,0.04327479870419125,0.0,0.028157841633305078,0.05102915696956747,0.0,0.0,0.0,0.0,0.0,0.0,0.015887564369105104,0.07684608879337507,0.0,0.03912909727573745,0.04408344011569959,0.03252644841035484,0.007314317229081505,0.022978258169902222,0.0,0.0,0.03431699986429191,0.05149585798239372,0.03155317838996555,0.0274193843940164,0.0,0.0,0.0,0.0,0.0,0.0,0.0,0.0,0.0,0.04987101178585624,0.029195892917492056,0.06710962561875565,0.042534836783883735,0.0665902830846531,0.05754713020531507,0.021709613706381164,0.0,0.03834336044139314,0.0,0.0,0.06200717754690531,0.04977927140334317,0.0,0.0,0.06662234537237417,0.0,0.03434404298199586,0.0,0.0,0.0,0.0,0.010658555928687828,0.0,0.05002567307884712,0.03893865364370218,0.0,0.0,0.04584839653185104,0.00045068478651799144,0.017360049283924043,0.012812116815995811,6.0976481962424255e-5,0.04727783223844683,0.03697019501672703,0.0,0.0,0.02741333550759088,0.0,0.0,0.0,0.0,0.0,0.05128108528087944,0.06617755964182316,0.04073720333587005,0.06761788280371434,0.05677183957484637,0.0527961985930618,0.07270856226786962,0.0,0.0,0.0,0.041979888114493796,0.054345435355191235,0.0,0.0,0.06388174594309023,0.0,0.0,0.0,0.0,0.03456397022227827,0.0,0.03135210490790925,0.0,0.0,0.0,0.0,0.0,0.0,0.005459294300277417,0.0,0.0,0.0,0.0,0.0,0.0,0.0,0.03700262140887361,0.0,0.0,0.054968252144093795,0.03486373821026508,0.0,0.0553660764524736,0.0,0.0,0.01452441214541583,0.06472057060336468,0.0619743481086412,0.04737201788326051,0.030269303290638098,0.022770195045241883,0.0,0.0,0.0,0.0,0.0,0.0,0.05429991703327433,0.0,0.0,0.062029947152722774,0.0,0.0,0.0,0.03635767476284658,0.042024519791139074,0.0,0.0,0.0,0.0,0.0,0.0,0.0,0.0,0.0,0.0,0.0,0.012666739789112045,0.0,0.0,0.0,0.0,0.0302380843017737,0.057695698908652296,0.022700512618342803,0.03297747084695605,0.0,0.0,0.0,0.05276104589827091,0.06354257573026673,0.0,0.0,0.048805620187279075,0.0,0.0,0.0,0.0,0.0,0.0,0.0,0.048176296657417045,0.0010951063199402867,0.037090082893211244,0.0,0.012543230359594907,0.0,0.0,0.0,0.0,0.0,0.0,0.037695692537168916,0.0,0.0,0.0,0.0,0.02186038639746698,0.0635087293282844,0.0,0.0,0.0,0.0,0.04792663951603957,0.0,0.0,0.0,0.0,0.06585113865638513,0.05845433384359933,0.0,0.0,0.06403444469365718,0.0,0.040350078870475925,0.0,0.0,0.0,0.02004707124799897,0.009526919843837004,0.0,0.0,0.0,0.0,0.013134594345362915,0.05530250687879251,0.0,0.0,0.0,0.0,0.026084197042650005,0.0,0.0,0.0,0.0,0.03500496957026707,0.0,0.031678521048538674,0.0,0.0,0.0,0.0,0.028384092756485506,0.0,0.0,0.0,0.0,0.03361170063223445,0.0,0.040630808056089276,0.0,0.051336766210641364,0.0,0.0,0.03197609338292081,0.0,0.0,0.0,0.03330117530971716,0.0,0.0655678986401224,0.0,0.0,0.04632879763475391,0.04800905934782812,0.035409425781842266,0.0,0.0
