0.0,0.08518740849333861,0.0,0.0,0.06549675852866044,0.0,0.0,0.0,0.0,0.0,0.09139403075179688,0.0,0.10553112035633387,0.10236978331680707,0.0,0.0,0.0509931309836592,0.05030655501177633,0.04392701787230339,0.0,0.07317176553819836,0.06413030364881489,0.09376712079075838,0.0,0.0,0.0,0.0,0.0236038095807116,0.0,0.09404041317098465,0.11481887878519022,0.0,0.03954068342581269,0.0,0.07073546202582227,0.0,0.08574604638168794,0.0,0.08076765262176003,0.0,0.0,0.0,0.0,0.0,0.0,0.04008081519192896,0.06647514051343131,0.0,0.0,0.0,0.03929666764161301,0.0,0.0,0.06208440234885086,0.07701142187792477,0.0,0.0,0.0,0.0,0.0,0.0,0.0,0.03385493433731413,0.0,0.0,0.0,0.047320057758687056,0.0,0.0,0.10152465515227893,0.0,0.0,0.0,0.0,0.0,0.0,0.0,0.08321818623260933,0.0,0.0,0.0,0.0,0.0,0.0,0.0,0.14949347993602172,0.0,0.06989919259375843,0.047707644595567714,0.0,0.0,0.0482996739379787,0.037656083792052375,0.05806796205319113,0.0,0.0,0.07020024307530108,0.0,0.0,0.0,0.0,0.0,0.0,0.0,0.0872904530892021,0.0,0.0,0.0,0.03837675063506345,0.0,0.0,0.04271043865605212,0.08731669500630383,0.0,0.03880540236357986,0.0,0.0,0.0,0.0,0.0,0.06690479317350422,0.10575056531996994,0.026354361247123797,0.0,0.0,0.0,0.0,0.0,0.09664750524520394,0.09596234478750794,0.04284830527256263,0.0,0.0,0.0,0.06272039419649805,0.0,0.0,0.0,0.0,0.0,0.0,0.0,0.07195912492179402,0.0,0.0,0.0,0.09186161950973658,0.0,0.11126830072025894,0.0,0.0,0.0,0.0775931378829597,0.0,0.0706476647780508,0.07349912591219504,0.055954131153913705,0.0,0.0,0.0,0.058285890022269214,0.05295800613887411,0.04657975421915931,0.0,0.09461787958404695,0.06385322369959494,0.039396038919252474,0.059254836058785516,0.0,0.0,0.09397357188183555,0.0,0.0,0.0,0.0,0.0,0.07019995511975147,0.0,0.0,0.0,0.0,0.0,0.057512532586039423,0.05913729896458261,0.04528007808801612,0.0,0.053544803801314295,0.0,0.0,0.0,0.04856053996652062,0.06386474204841204,0.0,0.06517829849068708,0.0,0.0,0.0,0.0,0.0,0.07639475803463114,0.0,0.0,0.05323156175472271,0.08259065667177434,0.07479903855642414,0.0,0.13093914544242835,0.031352939980979745,0.014721469919300071,0.0,0.0,0.0,0.0,0.0,0.0,0.0,0.0,0.09511678930455425,0.0,0.07046202338526569,0.03983713128395954,0.0,0.08383047663903855,0.0,0.0,0.0,0.08345774270304611,0.09850728504631612,0.1224980349119429,0.0,0.0,0.0,0.0,0.12416145121453998,0.12731147461090883,0.08345170574149997,0.0,0.0701589684431218,0.06986585603151116,0.0723715926151047,0.11593042325086382,0.0,0.0,0.0,0.0,0.0,0.0,0.06484931356311238,0.0,0.0,0.10661827832199947,0.0,0.0,0.0,0.041305427996976736,0.09920763349744187,0.0742270829296245,0.0,0.0,0.0,0.0,0.0,0.0,0.0,0.0,0.0,0.0,0.10199146989152758,0.0,0.0,0.0,0.06134012538551411,0.0,0.0,0.0,0.0,0.038409049652143756,0.0,0.0,0.0,0.07450465406435429,0.0,0.058491292319051084,0.0,0.09005340751181554,0.0,0.0,0.08219472482726592,0.0,0.0,0.0,0.0,0.08732747876352642,0.0,0.0,0.019378207389906938,0.0,0.0,0.0,0.0,0.0,0.0,0.0,0.0,0.04818684053933295,0.0,0.0459748199617324,0.0,0.0,0.0662905645143897,0.08880127060729892,0.0,0.0,0.03762740823293725,0.0,0.0545861579240519,0.035883278743300696,0.0,0.06608645257237009,0.06283992823590007,0.08053927241155706,0.0,0.0,0.058149384809555886,0.0,0.0,0.0,0.0,0.0,0.0,0.0,0.10881501809461372,0.0,0.0,0.0,0.0,0.0,0.08546433014190025,0.0,0.0970099496488643,0.0,0.04977358490699999,0.0648323935275008,0.06545732166981127,0.0,0.0,0.08447578176644426,0.10835460826057809,0.0,0.0,0.0,0.0,0.0,0.0,0.04520108802146572,0.0,0.0,0.09239153871650434,0.0,0.0,0.0,0.1200549668479851,0.0,0.07383676851942055,0.0,0.08626408907979383,0.05961620812754195,0.0862592936488386,0.04885786520930456,0.045793902134920184,0.07556290183630736,0.0,0.0,0.0,0.046525015712116605,0.0,0.12048730342268817,0.0,0.0,0.0,0.07851912825281053,0.0,0.0,0.09505678956721089,0.06919010694167313,0.0,0.06787212391105403,0.0,0.08109426557943268,0.09833026806557077,0.0,0.0,0.08829280196334191,0.04865197384930878,0.0,0.07704392754988824,0.0,0.0,0.0,0.0,0.0,0.0,0.0,0.06001840205775998,0.025116953535904978,0.034227228408010846,0.0,0.08913639602887796,0.0,0.0,0.04825800355789794,0.0,0.0,0.03985266258832934,0.08336777739080031,0.0,0.0,0.0,0.04742299840830711,0.09856917572504037,0.0,0.0,0.0,0.13194288130965234,0.0452159785663897,0.07884429956621737,0.0,0.0,0.0,0.04782471906746787,0.07617965446573863,0.0,0.0,0.0,0.0,0.0,0.08125704621572294,0.07113207291460649,0.11245328633479808,0.07601166413798026,0.0,0.09551774951056878,0.06439385495179555,0.0,0.0,0.0,0.0,0.0,0.07935037651235688,0.0,0.07626836703107526,0.02682989216412937,0.0,0.0,0.0,0.06453391060754247,0.0,0.0,0.0,0.0,0.12007213725752516,0.01985982576306887,0.020967665641114935,0.0,0.0,0.0,0.0,0.0,0.0,0.0449418629368547,0.0,0.0,0.0,0.0,0.0,0.10796658718626712,0.05430599400471531,0.09115261896984485,0.02559184221187111,0.0,0.0,0.0,0.0,0.08888375739286898,0.0,0.05616117680471067,0.0,0.0,0.0,0.0,0.0,0.0,0.0,0.0,0.05860258041063047,0.0,0.0944218347742226,0.0,0.11157818276247912,0.0,0.0,0.08097221315100117,0.08612429201960044,0.0823917141979289,0.0,0.0,0.09083519754854491,0.0,0.07004241759808573,0.0,0.0,0.11517188574794615,0.06752116748555285,0.0894569276216235,0.0,0.0,0.0,0.0,0.0,0.07556221482131412,0.07485866255726281,0.0365591967899383,0.0,0.06181204091494239,0.0,0.07245279769178115,0.0,0.0,0.0,0.0,0.0,0.0,0.0,0.0,0.0,0.0,0.0,0.0,0.025478148208527587,0.0903328025080686,0.0,0.0,0.07547036324225863,0.0,0.06696533626946866,0.0,0.0,0.07916195350412798,0.0,0.0,0.0426680139939815,0.0,0.0,0.0,0.0,0.06751530125248714,0.0,0.036276337299122066,0.0,0.0,0.0,0.0,0.04317424088992955,0.0,0.07704660468979313,0.0,0.0,0.0,0.0,0.0,0.0,0.0,0.0,0.06953233762245722,0.06849121859889792,0.0,0.0,0.0,0.0,0.08154203673166699,0.0,0.0,0.0,0.04929311381123825,0.024718163714793275,0.027188078979727644,0.0,0.0,0.08951186028716251,0.0,0.0,0.0,0.0,0.0,0.0,0.1118507224677452,0.0,0.0,0.09568971258169244,0.0,0.0,0.0,0.0,0.06137962991764778,0.0,0.08944632183017474,0.07621667023584305,0.0,0.07109743144050307,0.0,0.0,0.07174130439466064,0.0,0.09815594380734377,0.062271278457792366,0.055482665892847276,0.05397794583687908,0.0,0.0,0.0,0.0,0.08906382887970504,0.0,0.05866004683921998,0.0,0.0,0.0,0.08805137083819135,0.059065543073969176,0.0,0.0882220381832431,0.050236189014479245,0.0,0.0,0.07292355517468319,0.0,0.03151322037421493,0.09751876433262548,0.11456227959669281,0.0,0.0,0.05829475909229573,0.0,0.10880404601051465,0.0765727826099108,0.07362922934547207,0.0,0.06718360765136788,0.0,0.07904441952669057,0.0,0.0,0.0,0.0,0.0,0.0,0.0,0.0,0.08741230492604271,0.0,0.0,0.0,0.09982580138370985,0.0,0.0,0.0,0.0,0.0,0.09819954853823451,0.0,0.0,0.0,0.0,0.09598182479735533,0.07036537221003447,0.0,0.0,0.0,0.0,0.06249342437863341,0.010584558157954437,0.05639940704357394,0.0,0.0,0.0,0.0,0.10110981014208915,0.08569978031692445,0.05299605474672541,0.04627646228900191,0.0,0.0,0.03641894761222503,0.07110313356809468,0.0,0.0,0.0,0.0,0.10171305314307175,0.05553475375502906,0.03829319652178828,0.0,0.0,0.0970779845754042,0.06358408296077071,0.0,0.05252095493252825,0.0943397379755653,0.044622214390618774,0.0,0.1134662422155161,0.0,0.0,0.0,0.0,0.05589420530174073,0.0,0.0695502740148073,0.07245233497714648,0.05342574221578871,0.0,0.0,0.06630474290455057,0.0,0.0,0.0,0.09807854981541853,0.0,0.0,0.0,0.08419697796588566,0.0,0.0,0.0,0.11210440575008802,0.0,0.09374985647836509,0.0497380977679393,0.0,0.09269636589919766,0.05791193537402288,0.06818385067905983,0.0,0.07730495289684246,0.0,0.11435200245809858,0.0,0.0,0.08131009839440044,0.0,0.048575445033972965,0.0,0.0,0.0,0.054209213087519845,0.08450001984313943,0.0,0.11062993139453785,0.0,0.0,0.0744731606706765,0.0,0.0,0.10881561086722766,0.0,0.07106910019204678,0.0,0.0,0.0,0.0,0.0,0.06530440418265952,0.0,0.0381480723982163,0.0,0.030779682618800586,0.0,0.0,0.0,0.08666043612702914,0.051357280609021484,0.04736348327736757,0.0,0.0,0.0,0.0,0.0,0.08374140389289095,0.11455499437935607,0.09855981173847245,0.0,0.0,0.0,0.039430154207022595,0.0,0.052562452765741605,0.0,0.0,0.01276798004851595,0.0,0.0,0.0,0.0,0.062355268539461044,0.08275579844423087,0.0,0.11276008602113022,0.05474537896857434,0.0,0.02376180218540845,0.0479406847521314,0.033829207702149956,0.0,0.0,0.0,0.07214634561971853,0.047032218228270695,0.0,0.0,0.0,0.10977108572214472,0.0,0.0,0.0,0.07946109478708954,0.0,0.0,0.0,0.10516175453059334,0.05549142358961989,0.043994402042437646,0.05858465489951653,0.0,0.0,0.0,0.0,0.10103180852035445,0.06544963873202016,0.0,0.0,0.038694564846878866,0.0,0.0602996277642445,0.0,0.0,0.06021210092069166,0.08160016442246519,0.0,0.0,0.030144820586531444,0.0,0.07564270423361732,0.0,0.07303459582185004,0.07267834420968362,0.062240158672774056,0.0,0.0,0.08948232421462834,0.0,0.0,0.08062874459612053,0.05580418006697961,0.050415028345336954,0.0,0.0,0.04252036847195648,0.0,0.06110216399804453,0.0,0.0,0.0,0.01261883840311083,0.111462238611237,0.06505782684686948,0.0,0.0360095706173653,0.0,0.0,0.0,0.0,0.0,0.11479933292338473,0.10400767519727488,0.08347045145076167,0.05733827741066397,0.03499280151897969,0.0,0.11371235113555005,0.0023486513109353385,0.06148189038162637,0.04690245184552865,0.0,0.07693010337863025,0.0,0.0,0.0,0.0,0.0,0.0,0.0,0.0,0.01893430905259643,0.019914780595348028,0.0,0.0,0.0,0.0,0.0,0.0,0.06637266096696585,0.0,0.0,0.0,0.0,0.08430372376928794,0.0,0.06876827486270752,0.0,0.07152556227427496,0.055285930639052856,0.0,0.0,0.05648133271592679,0.07699286339889524,0.0,0.0585377879967053,0.0,0.0,0.0,0.0,0.0,0.0,0.0,0.07328965506685281,0.0731465285180983,0.06379360241399162,0.09577800373667282,0.08938096748777306,0.0,0.0,0.0904970183803004,0.0,0.09368355712164288,0.0,0.0,0.06652964228463101,0.0,0.06561570407578515,0.08229155865822332,0.0,0.0,0.0,0.0,0.0,0.0,0.0,0.0,0.0,0.0,0.0,0.09978490435872095,0.0,0.03326749640052889,0.0,0.0,0.0,0.0,0.0,0.09545273257887943,0.0,0.0,0.10860906052833237,0.0,0.05771160601749051,0.0,0.0,0.05620964579094021,0.060542181277442944,0.0890982302727449,0.0,0.0,0.0,0.0,0.032347531330149476,0.05328574761701396,0.0,0.06250379493883307,0.0,0.0,0.0,0.0,0.06689240516466473,0.0,0.0,0.0,0.09253394003092297,0.0,0.0,0.0
0.0,0.0,0.8557556017991798,0.0,0.0,0.0,0.8567643564045206,0.0,0.0,0.0,0.0,0.0,0.0,0.8688797467766146,0.0,0.8233301403803104,0.0,0.0,0.8361447621590484,0.8673757535518903,0.8930739196523871,0.0,0.8174812366442257,0.0,0.8732545108658193,0.0,0.8616595020558941,0.8668889381591589,0.0,0.8647059723771514,0.0,0.0,0.0,0.0,0.8043974905553172,0.0,0.8761380878319684,0.0,0.0,0.0,0.0,0.0,0.0,0.8404200058063659,0.0,0.8503567724222317,0.0,0.0,0.0,0.0,0.8864346065884136,0.0,0.8312863926454315,0.0,0.8373502151347774,0.8454081792699776,0.0,0.0,0.0,0.0,0.8809989321083298,0.0,0.8457984981174642,0.0,0.0,0.0,0.0,0.8580416241596,0.8499151704015451,0.0,0.0,0.0,0.8070644456910393,0.8669923304310275,0.8848628601674279,0.0,0.0,0.8129515329237134,0.0,0.0,0.8567392328408652,0.0,0.8635092925632535,0.8686567559371015,0.0,0.8576306757796154,0.0,0.0,0.8543495192849386,0.8228224439465786,0.8657257874638841,0.8322587485214319,0.0,0.0,0.0,0.0,0.0,0.8791513992924688,0.0,0.0,0.0,0.0,0.0,0.0,0.0,0.0,0.8261191427458903,0.0,0.8380560609163834,0.8668281049263825,0.8442287235280442,0.0,0.0,0.0,0.0,0.0,0.8459351329634656,0.8444982206086967,0.8540913637158948,0.0,0.8593157258594961,0.0,0.0,0.8449366899095357,0.8186578214440179,0.0,0.0,0.0,0.8569472379425772,0.8413555674860577,0.0,0.8859541058405717,0.8637058443396791,0.8762752744714745,0.8970960604304179,0.8447303266295436,0.842594752282939,0.0,0.8312349698167066,0.0,0.0,0.8351171221622034,0.8738448857037374,0.0,0.8243690546537756,0.0,0.0,0.0,0.8913394408221029,0.0,0.8391518286154752,0.0,0.0,0.8682977697571387,0.8470605592017992,0.846787283014988,0.0,0.0,0.85530224356528,0.9033125392952577,0.0,0.0,0.8370538830519025,0.0,0.8340208762588961,0.8728195219743448,0.8249756884526603,0.0,0.0,0.0,0.0,0.0,0.8529525232575568,0.874949965027552,0.891952026182343,0.0,0.8677205401528301,0.0,0.0,0.0,0.0,0.0,0.0,0.0,0.0,0.8702811249551264,0.866237301055111,0.0,0.0,0.0,0.0,0.8658349005440186,0.8019923662576296,0.0,0.0,0.8726440792257725,0.8691941728602474,0.0,0.0,0.0,0.8639497739898364,0.0,0.8855897030258962,0.0,0.8773199764145153,0.0,0.8699210486900436,0.0,0.0,0.0,0.8430478424833407,0.8782082064064076,0.8659674736329017,0.8728279426937987,0.0,0.8316496337381037,0.0,0.8288124581597089,0.0,0.8009674449849264,0.0,0.8899493530430539,0.0,0.0,0.0,0.0,0.0,0.8708337396217772,0.0,0.0,0.0,0.0,0.8453317542516349,0.0,0.8549163561043134,0.0,0.0,0.8597609183068091,0.8181181109806681,0.8618870752894353,0.0,0.0,0.0,0.825073209373463,0.0,0.8697389133528647,0.8708484099944941,0.8782767131352175,0.884661977999239,0.0,0.8186359653713206,0.8197708222457369,0.8381837577919748,0.0,0.0,0.8515703933211763,0.8837891076643943,0.0,0.8548949338334698,0.8874207394161735,0.0,0.8457165049419633,0.0,0.8603223675885951,0.8736648382473832,0.0,0.8471723204927794,0.8712337323989616,0.8426637098491978,0.0,0.0,0.8277944979542228,0.8840487441373331,0.0,0.8250143553193808,0.8427163598203432,0.8720448534252944,0.0,0.0,0.0,0.0,0.0,0.886730541796444,0.0,0.0,0.0,0.0,0.8703985509359284,0.8515686885950404,0.0,0.0,0.0,0.8715737548581163,0.8742967888012001,0.0,0.0,0.0,0.0,0.0,0.0,0.0,0.0,0.0,0.0,0.8650148943955918,0.0,0.8340989068241044,0.0,0.0,0.8668440430337272,0.8614609929018462,0.0,0.0,0.0,0.8498836859959922,0.0,0.863399733568686,0.0,0.8384215472875034,0.0,0.0,0.0,0.8810437301262374,0.0,0.0,0.8809531062920264,0.0,0.0,0.8627086244218065,0.8753793162332884,0.8325903078688051,0.0,0.0,0.0,0.8508371428594577,0.0,0.0,0.8949390818192386,0.0,0.0,0.0,0.0,0.8439512053202426,0.0,0.8473653483226988,0.848673834530665,0.0,0.8157149729517136,0.8694977736234117,0.0,0.0,0.0,0.0,0.0,0.0,0.0,0.8216594198919493,0.0,0.855925824976824,0.0,0.0,0.0,0.0,0.0,0.0,0.0,0.0,0.8621619525048574,0.8299244255906674,0.0,0.846731137399787,0.0,0.0,0.0,0.0,0.0,0.8336039705919097,0.7921070536048581,0.0,0.0,0.0,0.0,0.8552742792761198,0.8851363322778603,0.0,0.8462984307552153,0.8493573948542272,0.0,0.0,0.8773857095547332,0.8748026731356346,0.0,0.8703867080814669,0.0,0.0,0.0,0.8362574350877954,0.0,0.0,0.0,0.8668699184574025,0.8499085952646984,0.0,0.8682234813144302,0.8510428192836568,0.0,0.0,0.0,0.0,0.0,0.0,0.0,0.0,0.8395642215276333,0.8763870220878327,0.8752280921820057,0.0,0.0,0.0,0.854558628499215,0.0,0.0,0.0,0.9034687347367232,0.0,0.0,0.0,0.0,0.0,0.0,0.8662944117875047,0.0,0.0,0.0,0.0,0.0,0.0,0.0,0.0,0.8673693209994843,0.0,0.0,0.0,0.0,0.9075671393037564,0.0,0.0,0.8566093798754714,0.0,0.0,0.8604395445734923,0.0,0.0,0.8685634115915992,0.0,0.7809880736748477,0.0,0.8600942931177336,0.0,0.0,0.8479815546875971,0.0,0.8387618873308283,0.8125656336076201,0.8257665157378573,0.0,0.0,0.873168667242263,0.8702593437495912,0.0,0.0,0.0,0.0,0.0,0.0,0.8972583545806727,0.8606119397515879,0.0,0.0,0.0,0.851803218422127,0.8648304406767077,0.0,0.8363342665696667,0.0,0.887430204429025,0.0,0.0,0.0,0.0,0.0,0.8650462891978574,0.8640424275500524,0.0,0.0,0.0,0.0,0.0,0.845215862527902,0.8242620524202143,0.8821812926685266,0.848993229241538,0.0,0.0,0.0,0.0,0.8229691633077316,0.0,0.0,0.8694500840092743,0.0,0.0,0.0,0.8497648645105264,0.0,0.8445041231342683,0.8722336118287274,0.0,0.0,0.0,0.0,0.0,0.0,0.0,0.8391534347331522,0.0,0.0,0.0,0.0,0.0,0.0,0.0,0.0,0.834014045680318,0.0,0.0,0.0,0.0,0.8140288247204598,0.8510098870487928,0.8606539828266602,0.8438158323227178,0.0,0.8608034364398897,0.8833533089953526,0.8467650735683928,0.0,0.9114250221795062,0.0,0.0,0.8478948499845771,0.8857023718267016,0.0,0.846243171207536,0.0,0.0,0.0,0.0,0.8698055343676999,0.0,0.8406345448575152,0.0,0.8443743144696995,0.0,0.8586316120500331,0.8645897777610665,0.0,0.0,0.8680928865161014,0.0,0.8428651399621202,0.0,0.0,0.8323746691848926,0.8741275575777971,0.0,0.0,0.8596535387995127,0.0,0.8194289304387987,0.0,0.0,0.0,0.8573050053000412,0.0,0.0,0.0,0.8399088560910138,0.0,0.0,0.0,0.8812153230814873,0.0,0.0,0.0,0.8801436411912836,0.0,0.0,0.0,0.0,0.874134690622581,0.0,0.0,0.8488212152034782,0.0,0.8490821382227528,0.0,0.0,0.0,0.9034536520383372,0.0,0.0,0.0,0.0,0.0,0.8431712438390149,0.851142694251599,0.0,0.8355492916608476,0.0,0.0,0.0,0.8772130516243267,0.0,0.0,0.847283490373145,0.0,0.0,0.0,0.0,0.8457466140434112,0.0,0.0,0.0,0.0,0.0,0.0,0.8818774580921834,0.8343702896126671,0.0,0.87578327432781,0.0,0.0,0.8301072193107504,0.0,0.0,0.0,0.0,0.8291919367390315,0.0,0.0,0.8502929262075299,0.8713189480882505,0.0,0.0,0.8785516154343133,0.0,0.8344923810526813,0.8187221947659731,0.8169435951804279,0.8572503711548128,0.0,0.0,0.0,0.0,0.0,0.0,0.0,0.8836407325480268,0.0,0.0,0.0,0.0,0.8440482441969022,0.8772603087935826,0.0,0.8759973306273283,0.0,0.841139420581942,0.0,0.8211129199959264,0.0,0.0,0.0,0.0,0.8678756464893411,0.8550241404720083,0.8266360937369084,0.8285652722580397,0.0,0.8898056140381493,0.9033361648748399,0.0,0.0,0.8850232974797476,0.0,0.0,0.0,0.8638017803412658,0.0,0.0,0.8703920306304254,0.0,0.8405818372837782,0.0,0.8724973358092569,0.8524067694969713,0.0,0.0,0.88006584171332,0.0,0.8542346571255124,0.0,0.0,0.8455698984474042,0.0,0.8905068431111561,0.8849389245545048,0.8159658254672876,0.0,0.8720617924375395,0.8729498246255734,0.8808821142603458,0.0,0.8533352762067822,0.0,0.8622940932029105,0.8263999865962393,0.0,0.0,0.8370490787302809,0.0,0.0,0.0,0.8946748284045329,0.0,0.0,0.8095556015877469,0.0,0.8938302564710933,0.0,0.8886923887187534,0.8496590185845482,0.8386847098983075,0.8379172555875287,0.0,0.8358871549707345,0.8417150487138915,0.8694562045596512,0.8200082161278499,0.835198526013181,0.0,0.0,0.8876328289531749,0.0,0.8627206468259592,0.0,0.8514954572099817,0.0,0.8948732248830632,0.0,0.0,0.8861849019012107,0.8957065022086318,0.0,0.8336660514548832,0.8000025302613105,0.0,0.0,0.0,0.0,0.0,0.0,0.8458427549470738,0.0,0.0,0.0,0.8659349990697751,0.0,0.0,0.8547043558172276,0.0,0.0,0.8577947429169726,0.0,0.0,0.0,0.0,0.8295199579198997,0.8525680563825515,0.0,0.0,0.0,0.0,0.0,0.8191907174460887,0.8860496772253641,0.0,0.0,0.0,0.0,0.0,0.0,0.0,0.0,0.0,0.0,0.0,0.0,0.0,0.8623663905286133,0.8474295304276294,0.8730364241011715,0.0,0.8589317330004032,0.0,0.0,0.0,0.8372686484490437,0.0,0.0,0.0,0.0,0.0,0.8716124184596208,0.0,0.0,0.0,0.0,0.8764019137416071,0.0,0.868082903909154,0.0,0.8641934396685315,0.891339203087584,0.0,0.8486401091158601,0.0,0.0,0.0,0.0,0.8776927512774667,0.887753695775401,0.0,0.0,0.0,0.8592700445559678,0.9004901153314399,0.0,0.8418001697238394,0.0,0.8501298005756921,0.8793936508069577,0.0,0.8873257459437417,0.0,0.8467449682639213,0.0,0.8555655336759214,0.8767525868965448,0.0,0.8474676792944263,0.0,0.0,0.8383976674693479,0.8883681729091744,0.0,0.8532213585558367,0.0,0.0,0.8682984530681823,0.8640029051926421,0.8524127466920116,0.0,0.8398779807499549,0.8678846571150205,0.0,0.0,0.9018846558294902,0.8507732465568625,0.8351036545411522,0.0,0.0,0.8761447095722766,0.8788387503551988,0.0,0.8429360589459771,0.0,0.0,0.0,0.0,0.0,0.0,0.8557843850499566,0.0,0.8944858655929092,0.0,0.8771439774185467,0.8507175693601943,0.0,0.0,0.0,0.0,0.8218104856492822,0.0,0.0,0.8706700266574028,0.0,0.0,0.0,0.8670395499505679,0.0,0.0,0.0,0.8911881748862737,0.0,0.0,0.0,0.0,0.0,0.0,0.0,0.0,0.8552341607731406,0.0,0.0,0.0,0.8636321088988805,0.8574803623734347,0.0,0.0,0.0,0.857803856125657,0.0,0.0,0.0,0.8154011736009438,0.0,0.0,0.8595926804795893,0.0,0.8795511732889677,0.8403087544446001,0.8976090362642494,0.0,0.8806278379552183,0.0,0.0,0.8799289248655974,0.0,0.0,0.0,0.0,0.0,0.0,0.8584021211605047,0.0,0.0,0.0,0.8617144482989079,0.0,0.0,0.0,0.8680436494752186,0.0,0.0,0.0,0.0,0.0,0.0,0.0,0.0,0.0,0.0,0.0,0.0,0.0,0.0,0.0,0.0,0.8476603866519435,0.0,0.0,0.0,0.0,0.8846708779307795,0.0,0.0,0.9066645000853163,0.0,0.8588296106774409,0.860529396079199,0.8257299570097844,0.0,0.0,0.8461890135136446,0.8511159593667038,0.0,0.0,0.0
0.0,0.0,0.34250974926090166,0.0,0.3246576054475896,0.3462089313384594,0.0,0.0,0.40410330561011626,0.0,0.0,0.0,0.0,0.3800275764649505,0.35235302383868594,0.0,0.3766701146131015,0.3502521311283915,0.0,0.0,0.388656623658579,0.3264802708362516,0.0,0.0,0.37651815034144237,0.3325374732199333,0.0,0.38451286268995544,0.0,0.0,0.0,0.0,0.34577013732936024,0.0,0.37159647615010555,0.0,0.0,0.3361123301964636,0.40611560534000224,0.3325319575728411,0.0,0.0,0.0,0.0,0.0,0.0,0.0,0.0,0.37826789817240003,0.34865502452833635,0.0,0.0,0.3871076122834863,0.3537054174795296,0.3628666226239953,0.33457026566603776,0.34832639096746115,0.0,0.0,0.0,0.0,0.32168198708020984,0.350263136025649,0.3448576859717439,0.0,0.4000473980423609,0.0,0.40592280173651063,0.0,0.34792219436446,0.0,0.0,0.3513520605860414,0.0,0.0,0.0,0.36382443728535946,0.0,0.0,0.0,0.3704314070635403,0.0,0.0,0.3805838753406753,0.0,0.0,0.0,0.0,0.3701775967549098,0.0,0.3818021255249995,0.39333834589953753,0.349720414742568,0.0,0.0,0.3317957681505958,0.34960458511885234,0.38391265641175193,0.0,0.0,0.0,0.34121143164034834,0.0,0.34223133029759417,0.0,0.0,0.0,0.0,0.34999193739785783,0.0,0.0,0.0,0.3733217558402784,0.3243767318735317,0.3504742658062584,0.414271034050627,0.0,0.0,0.3573893830425471,0.0,0.41634776658893313,0.3543268022342752,0.0,0.0,0.0,0.3674048703066739,0.0,0.34450278497500664,0.0,0.3620900427837432,0.0,0.0,0.35664103653695356,0.0,0.0,0.0,0.0,0.0,0.0,0.0,0.0,0.3899290802769351,0.385492225238054,0.3220676776335217,0.39716076182272303,0.0,0.0,0.0,0.3576612928817377,0.3591969228500393,0.0,0.0,0.0,0.3501579446973265,0.3440557662972307,0.3727950661425219,0.0,0.3624018552122407,0.35282754498355173,0.0,0.0,0.3672647276402176,0.0,0.0,0.31874304295361355,0.37080615507633613,0.0,0.3468807642229602,0.34659713994525426,0.0,0.0,0.384114440465061,0.0,0.36979799369409944,0.37579057137995453,0.0,0.38235136638297645,0.3282219382803205,0.0,0.0,0.36739363730898583,0.0,0.3715240459080208,0.0,0.0,0.0,0.0,0.0,0.0,0.3406836326402555,0.3712271409878341,0.367557066216214,0.0,0.0,0.0,0.0,0.3591161645430735,0.0,0.4023905445839928,0.0,0.3559761338547391,0.0,0.3914283398820442,0.0,0.36982724690945423,0.0,0.0,0.0,0.0,0.0,0.0,0.0,0.0,0.0,0.0,0.0,0.34744029890538797,0.3600158243353266,0.35265794489610525,0.3768322157430324,0.3487019294871906,0.0,0.0,0.0,0.0,0.38620699775976963,0.3895844198724722,0.0,0.36347678152416224,0.0,0.3383580953521163,0.0,0.37030759613830433,0.3517112766407578,0.0,0.3466258873248634,0.0,0.3727212587738017,0.0,0.0,0.0,0.387094038724879,0.0,0.37432728247457997,0.0,0.0,0.0,0.0,0.0,0.0,0.3654944897786945,0.34748195152796774,0.35810611118552166,0.0,0.3259792349122138,0.38486161605609076,0.0,0.0,0.32375695772125984,0.0,0.0,0.0,0.35304575456215714,0.0,0.0,0.3897206046987567,0.0,0.0,0.3412982373547246,0.0,0.0,0.3318762828455544,0.0,0.3807211250746314,0.36724368638595556,0.0,0.33572451611740695,0.3736227763565502,0.0,0.0,0.0,0.34067354501421576,0.0,0.0,0.35701366888964775,0.0,0.0,0.0,0.3745036476532712,0.0,0.3477613431782849,0.0,0.35712854078856343,0.34063312987476746,0.0,0.0,0.0,0.0,0.0,0.3427646958650721,0.0,0.0,0.33141989288419377,0.3383181191257675,0.0,0.0,0.3544110157681012,0.32287680928459506,0.0,0.3325100230330166,0.0,0.0,0.0,0.0,0.36347682960692707,0.37087828762093455,0.3811456459399982,0.38582903854794487,0.0,0.32452788259724225,0.3837546739121177,0.35621591366251953,0.0,0.0,0.0,0.0,0.0,0.33824167396229643,0.0,0.37372154840906296,0.0,0.3927538410970703,0.0,0.0,0.0,0.0,0.0,0.3758930227970369,0.3930210682437398,0.0,0.0,0.4081159484341192,0.39211817193199633,0.3569438006877352,0.3543555487515487,0.340727633828837,0.0,0.3606333344024681,0.0,0.0,0.0,0.0,0.0,0.0,0.34593252809531433,0.0,0.0,0.0,0.3751426025593941,0.0,0.0,0.3519751900761845,0.0,0.0,0.3422785710792392,0.35582832919788315,0.3656991241238199,0.3519500101033058,0.0,0.0,0.0,0.0,0.0,0.3478999165688138,0.4085675778724959,0.0,0.3877816443496663,0.35807155311980565,0.0,0.0,0.3507952073368887,0.0,0.0,0.0,0.38165995806334224,0.0,0.377360347510813,0.0,0.0,0.0,0.0,0.332789653302142,0.0,0.0,0.0,0.35962088496200306,0.0,0.0,0.0,0.0,0.3459793311297337,0.0,0.3558438766695872,0.0,0.3882635704681909,0.0,0.0,0.3359700257601047,0.32344347372870497,0.0,0.0,0.3634737250866464,0.0,0.35112262530830207,0.0,0.0,0.0,0.0,0.0,0.4000932061108331,0.0,0.0,0.0,0.0,0.0,0.3748370373495986,0.0,0.0,0.33496929793942015,0.3611214071760083,0.37830863106088186,0.0,0.0,0.0,0.32839084993252105,0.3516695339847407,0.0,0.0,0.0,0.0,0.0,0.3284833871784148,0.0,0.0,0.3957317040601306,0.0,0.0,0.3508508368399553,0.3721108985918772,0.0,0.3962286406887307,0.0,0.33058758666824495,0.0,0.0,0.0,0.36205247041280864,0.3755632996708586,0.3350635308599849,0.3663157036706002,0.0,0.0,0.36862507921357274,0.34111226173674547,0.37478425849492664,0.0,0.0,0.36424129934194005,0.34495096099320655,0.3654131341145638,0.0,0.0,0.321985209657543,0.36386730731507533,0.0,0.0,0.0,0.0,0.3642524084241297,0.36248523848288244,0.3836198669449524,0.0,0.0,0.411235610917326,0.0,0.0,0.0,0.0,0.37679529433324116,0.339745613016368,0.0,0.0,0.362146955875072,0.0,0.0,0.34208500349466464,0.0,0.0,0.0,0.35100753105546245,0.4005949212845775,0.34898203652027027,0.3640549968576453,0.3642237072915784,0.0,0.0,0.0,0.0,0.39507068733459283,0.34523275048662194,0.0,0.0,0.0,0.0,0.3043181640240088,0.3852323950046576,0.33826004508670277,0.3788386475597848,0.0,0.3633666578643555,0.40710555438200974,0.0,0.0,0.0,0.0,0.3360783362559574,0.0,0.0,0.0,0.0,0.0,0.35869249924390056,0.37595372193126614,0.0,0.36226346603303716,0.0,0.0,0.0,0.0,0.0,0.0,0.0,0.0,0.0,0.0,0.0,0.37464287639423743,0.4164430879475539,0.0,0.0,0.0,0.0,0.0,0.3659893638117244,0.0,0.0,0.0,0.34588675347032904,0.36789074227732,0.0,0.0,0.34365879851327025,0.37231786829084146,0.0,0.34846751856345043,0.37721599220602425,0.3704118379721955,0.0,0.33253074290777895,0.0,0.0,0.0,0.0,0.3454294635509403,0.0,0.0,0.0,0.0,0.33113069112204957,0.37595373721773456,0.0,0.0,0.0,0.0,0.34762772071176673,0.3997752646460833,0.0,0.0,0.0,0.3692101238144244,0.0,0.0,0.33644714402191334,0.0,0.0,0.0,0.0,0.36080363174120506,0.3317172425699963,0.3587345798950108,0.37934957469722175,0.0,0.3693844637792795,0.35399579271054826,0.0,0.0,0.0,0.0,0.0,0.3609429587008309,0.0,0.0,0.0,0.3874315657638756,0.34592080600391717,0.3745432447451832,0.0,0.0,0.0,0.0,0.0,0.0,0.0,0.3707912171458326,0.0,0.0,0.0,0.0,0.3970626858354292,0.0,0.0,0.0,0.0,0.0,0.3639739072095357,0.0,0.0,0.0,0.338484838788708,0.0,0.3417594157299856,0.0,0.0,0.0,0.0,0.0,0.0,0.0,0.0,0.0,0.0,0.0,0.0,0.0,0.39830439250085503,0.3408021060112158,0.0,0.37169373366708147,0.3285981898696717,0.3590494985902488,0.3902440701826098,0.0,0.0,0.0,0.33935419490220886,0.35623728750212935,0.0,0.0,0.0,0.0,0.0,0.0,0.0,0.3698906848831422,0.39178678176265697,0.0,0.0,0.34812958764746,0.0,0.0,0.0,0.0,0.0,0.0,0.0,0.0,0.3933881765701821,0.3711726544619025,0.3855822910648565,0.3847303014423594,0.0,0.0,0.34456135614752126,0.36966774754346604,0.0,0.0,0.0,0.0,0.0,0.35285441348605034,0.0,0.36778303888452185,0.3626671808135877,0.39776580989243815,0.0,0.0,0.0,0.0,0.36743851403781225,0.3824409458440726,0.0,0.31273266673263134,0.0,0.0,0.32367046879818795,0.0,0.34814664089123426,0.0,0.3827374025125031,0.0,0.0,0.0,0.0,0.0,0.0,0.0,0.3743279132445994,0.0,0.0,0.0,0.398018156794375,0.0,0.0,0.34929101480750085,0.0,0.0,0.33633069118388287,0.0,0.0,0.0,0.3547792294467384,0.0,0.3682122544184542,0.35462659224125076,0.3398322854989073,0.35421062102303225,0.363035233103851,0.0,0.0,0.0,0.0,0.3222956625939591,0.0,0.0,0.0,0.0,0.0,0.35464765185298586,0.0,0.0,0.3565843995072519,0.0,0.0,0.0,0.3609523262599165,0.0,0.0,0.0,0.3262568450974438,0.0,0.0,0.0,0.0,0.0,0.0,0.0,0.35748610295185584,0.3812760744462406,0.36125731062155825,0.0,0.0,0.0,0.0,0.3874110591378104,0.0,0.0,0.37232588270099864,0.0,0.0,0.36647198278822757,0.0,0.0,0.0,0.3311064984176764,0.0,0.34483185661100507,0.3265867222350219,0.4134797038944937,0.38417038060883685,0.0,0.0,0.0,0.0,0.38267158545550306,0.0,0.0,0.34321221439214655,0.0,0.0,0.0,0.3722804220313472,0.0,0.3534612672057491,0.366889116968879,0.0,0.0,0.0,0.0,0.3701582599927245,0.0,0.0,0.0,0.0,0.3593290315713809,0.3732870660521064,0.0,0.0,0.3165257046843283,0.36473937785329597,0.0,0.0,0.3736295809234656,0.0,0.37990124893591704,0.0,0.0,0.3589289559940766,0.0,0.0,0.0,0.0,0.0,0.33214871326620593,0.0,0.39788446632225083,0.3716497306611988,0.0,0.0,0.40170599734032697,0.35452737298043674,0.0,0.3807306316125821,0.3620149333249171,0.0,0.40132762847815273,0.0,0.39534689392566347,0.0,0.0,0.0,0.0,0.353112083170709,0.36505039891299834,0.0,0.3589226985275691,0.0,0.0,0.34386950130421967,0.3485025735770596,0.0,0.0,0.0,0.35233722108737453,0.0,0.37895043338948575,0.0,0.0,0.0,0.0,0.0,0.0,0.0,0.0,0.0,0.3643994016845048,0.34345377092696266,0.3539433741633046,0.0,0.34981740737765304,0.0,0.0,0.0,0.0,0.0,0.0,0.3426651633091044,0.0,0.0,0.36160175448025433,0.0,0.0,0.0,0.4105475453359667,0.0,0.0,0.3302638430415868,0.33004264302396613,0.0,0.0,0.0,0.3562678049643124,0.0,0.0,0.0,0.0,0.36872138520728465,0.3654931023059978,0.0,0.0,0.36338190151290944,0.37593056290340354,0.0,0.0,0.0,0.0,0.0,0.0,0.0,0.0,0.34852268719825236,0.0,0.35039746260130955,0.0,0.36478547838814257,0.3507247355715373,0.0,0.3426618567212832,0.3581090194375209,0.0,0.3252936943059183,0.0,0.0,0.3777173781977795,0.361320319312039,0.34229707223947464,0.3489421725065966,0.36154460232432095,0.0,0.37625359117756846,0.0,0.0,0.3654319440834126,0.0,0.0,0.0,0.34444532561222274,0.0,0.0,0.0,0.3663649234772087,0.0,0.34360323972098494,0.34110814601306527,0.0,0.0,0.36196900268684074,0.35671516200781817,0.3556465419997882,0.3422260813252039,0.39520498224680173,0.0,0.3357662492200386,0.0,0.0,0.3687478076375613,0.0,0.0,0.0,0.0,0.3609124174453816,0.38449377135793344,0.0,0.3396327793555103,0.0,0.3420960065215966,0.0,0.0,0.0,0.354043382436071,0.0,0.0,0.3730564861162922,0.32816568938346524,0.0,0.33658042982273556,0.401080356724389,0.38075893823536083,0.0,0.3385003874858744,0.0
0.0,0.0,0.402388404448853,0.0,0.0,0.0,0.0,0.0,0.35800435457409713,0.0,0.0,0.0,0.0,0.0,0.0,0.0,0.0,0.36946337770849647,0.0,0.3792810882104238,0.35179057260362573,0.0,0.37760965813621733,0.0,0.0,0.0,0.33891584569008243,0.0,0.37398203362032667,0.0,0.0,0.0,0.0,0.3758135509316422,0.0,0.0,0.0,0.0,0.0,0.0,0.36213783570272634,0.0,0.0,0.0,0.3711045456988188,0.0,0.3615819186232373,0.0,0.0,0.0,0.0,0.37572145424215714,0.0,0.35332914891726813,0.0,0.0,0.0,0.0,0.384913883047119,0.36258649918157465,0.0,0.36954435371082467,0.0,0.4224433207257621,0.0,0.0,0.0,0.0,0.0,0.3577499793317763,0.0,0.0,0.38263411621174537,0.0,0.3460238002317104,0.0,0.0,0.0,0.0,0.0,0.0,0.0,0.36319933760096346,0.0,0.0,0.0,0.0,0.0,0.3617249945487303,0.0,0.0,0.0,0.0,0.0,0.3707098046872452,0.0,0.0,0.3487691865315737,0.0,0.0,0.39024714171339797,0.0,0.33582719544312,0.0,0.4000935716470479,0.365487360938445,0.0,0.37641964016764473,0.3680812431532289,0.0,0.39704051329263873,0.0,0.0,0.0,0.36166346627242285,0.40492263005238355,0.0,0.0,0.3379909473430013,0.36247922865263293,0.0,0.0,0.3674032542557628,0.0,0.0,0.0,0.3504901877612279,0.0,0.0,0.35843857214281344,0.0,0.0,0.0,0.0,0.34990228318625427,0.0,0.3580692937291592,0.0,0.35323006274390883,0.37889581420754426,0.0,0.0,0.0,0.0,0.0,0.0,0.0,0.0,0.0,0.3472484586650617,0.0,0.0,0.0,0.3954390957660298,0.3651564693724714,0.37319252452553403,0.37066943570379124,0.0,0.0,0.3386278153626335,0.0,0.0,0.3418011620017839,0.40101721174787863,0.34918132560298987,0.3377039425645329,0.3393860992131146,0.36552290284648303,0.3501821702734633,0.35569104328917966,0.0,0.3556962749478753,0.0,0.0,0.38782034584705927,0.368725238430145,0.0,0.0,0.0,0.35628198422415713,0.0,0.0,0.0,0.0,0.3615296694585679,0.0,0.3826798607724665,0.0,0.0,0.35278085604632237,0.36346387716297185,0.33572537602361036,0.36834708720689585,0.35707788824986864,0.0,0.0,0.3710074900160872,0.0,0.3903248825375039,0.0,0.0,0.0,0.0,0.0,0.3656687465143687,0.0,0.0,0.0,0.0,0.0,0.34045774279914953,0.3548099844787142,0.35275160162916613,0.0,0.0,0.0,0.40414852987746536,0.0,0.37126324954543166,0.0,0.3454081118132267,0.0,0.0,0.0,0.3342382648885392,0.37691439355174305,0.41341083690869956,0.3389918900597818,0.0,0.0,0.36466609681798234,0.0,0.37308647805352946,0.0,0.34488267480371876,0.355638543358927,0.0,0.3376752692609633,0.0,0.0,0.0,0.0,0.0,0.0,0.0,0.0,0.3866701430399827,0.376294687319555,0.0,0.3390608306962032,0.0,0.0,0.0,0.0,0.37804360999404946,0.3362864812592675,0.0,0.0,0.0,0.3640354988642074,0.0,0.0,0.357853638596932,0.0,0.0,0.0,0.0,0.40346114664906463,0.326675343210514,0.0,0.0,0.0,0.36432246470475205,0.3377416153918709,0.0,0.34735054040104546,0.0,0.0,0.0,0.0,0.0,0.34742389920901884,0.3393874656027511,0.37817562894316253,0.0,0.0,0.0,0.0,0.3376334156158353,0.0,0.3600451829583177,0.37941997555103407,0.0,0.3842156757651712,0.0,0.3789354465129678,0.0,0.0,0.0,0.0,0.38354294019437174,0.3595891111829302,0.0,0.0,0.3804483843557963,0.36985469254258896,0.0,0.3998053644576186,0.0,0.0,0.34805396337866024,0.0,0.0,0.0,0.36847232293602766,0.3455883077531296,0.3802521351837745,0.0,0.3478618712551726,0.0,0.37798275291979394,0.3815894348627989,0.0,0.3846777690716656,0.35093930429098336,0.0,0.0,0.0,0.0,0.32922786284543454,0.36241228544502324,0.34328927317404073,0.3852141362981226,0.0,0.37120624163303106,0.0,0.0,0.38802591908566847,0.3537636603775109,0.0,0.0,0.37579255641994447,0.0,0.0,0.0,0.0,0.0,0.0,0.0,0.0,0.0,0.0,0.0,0.38765130229026096,0.0,0.0,0.0,0.0,0.0,0.0,0.0,0.0,0.0,0.0,0.0,0.0,0.37605451438622517,0.0,0.0,0.36431371841191923,0.35787022305991534,0.3424857647212629,0.0,0.0,0.0,0.0,0.0,0.3505582742101456,0.0,0.0,0.3636011897138166,0.0,0.0,0.0,0.0,0.33525348190413184,0.3825699744922579,0.0,0.0,0.0,0.0,0.0,0.0,0.0,0.0,0.0,0.3412175903488298,0.0,0.0,0.0,0.3791677996220841,0.3335452562484438,0.0,0.0,0.35836644115547434,0.0,0.0,0.0,0.40266857911799586,0.0,0.0,0.0,0.3484176557549908,0.3573480590613595,0.3679157019103462,0.0,0.0,0.0,0.347696940850284,0.36957184052968506,0.0,0.0,0.3816672289667356,0.0,0.0,0.0,0.3633043284031934,0.3422542237971774,0.0,0.3856145303890324,0.0,0.0,0.0,0.34846633839916585,0.0,0.0,0.0,0.37491085085533926,0.0,0.0,0.38455592258085014,0.0,0.0,0.37807542984293846,0.35248776786060737,0.0,0.0,0.3773555900938422,0.36418635370253155,0.0,0.3536459961324099,0.0,0.0,0.0,0.0,0.0,0.36183993584658763,0.0,0.0,0.365947915983055,0.0,0.0,0.0,0.0,0.0,0.0,0.37558023375987654,0.3633539547201612,0.0,0.34395955809069634,0.0,0.0,0.0,0.3583281430996729,0.0,0.0,0.0,0.0,0.3698798211215226,0.0,0.3415944727768298,0.0,0.0,0.3728186738870829,0.0,0.0,0.0,0.0,0.0,0.37823598671882797,0.0,0.0,0.3638061206146783,0.0,0.3270440548073372,0.0,0.0,0.0,0.39327284462555945,0.0,0.0,0.0,0.0,0.0,0.0,0.0,0.0,0.3819933734677274,0.3925034730375727,0.0,0.0,0.3640246890348181,0.0,0.37322103328369205,0.3478751518105229,0.3602095832782558,0.3894343792162346,0.0,0.0,0.3256386607391287,0.37180149076097,0.0,0.0,0.3603606055895276,0.3611009287568507,0.345292197807589,0.0,0.0,0.3670459172550944,0.0,0.0,0.36284464749745204,0.0,0.38996157164434714,0.3419721226152651,0.37119359719432293,0.39530400241192565,0.0,0.38523943510640296,0.0,0.0,0.3725245111945321,0.0,0.0,0.3605337567684145,0.0,0.407323839849648,0.34903244085276364,0.0,0.37625705651095187,0.0,0.0,0.36717272971866,0.3655731850859161,0.0,0.0,0.0,0.34235648491523496,0.0,0.0,0.0,0.0,0.0,0.0,0.3437025236890472,0.0,0.385934057002701,0.0,0.3413154944140154,0.355888278797131,0.0,0.35603392472620077,0.3500729019847914,0.0,0.0,0.0,0.37857296823676423,0.0,0.0,0.0,0.37360259468995977,0.0,0.0,0.3580794749091319,0.0,0.389414208213766,0.0,0.0,0.0,0.0,0.38963138503676653,0.0,0.38989838295110596,0.0,0.0,0.0,0.0,0.34394780201156905,0.0,0.39788739605320045,0.0,0.0,0.37111851174004684,0.0,0.0,0.0,0.0,0.0,0.0,0.3984476729459583,0.0,0.39252144497808283,0.0,0.0,0.4029989571442671,0.3261926714849262,0.0,0.0,0.0,0.0,0.3829683047993252,0.0,0.36633102278990676,0.33852987559527414,0.0,0.0,0.0,0.0,0.0,0.0,0.3617749527403257,0.0,0.0,0.0,0.0,0.0,0.3633444597149224,0.372621520447009,0.3739588242621712,0.0,0.0,0.0,0.36030743724370373,0.3274894013153052,0.0,0.0,0.3727977523153218,0.3547423611653894,0.0,0.3534981436453685,0.0,0.36321818565485664,0.0,0.0,0.36797468141005735,0.0,0.0,0.0,0.0,0.0,0.0,0.0,0.0,0.0,0.0,0.3789734524008907,0.33069295979497626,0.0,0.3332638301610453,0.0,0.338460079037238,0.0,0.0,0.38269417939876343,0.36696547973002436,0.0,0.3554046148241504,0.0,0.38465014920194707,0.0,0.3774316410565862,0.34073200997055947,0.0,0.0,0.0,0.0,0.0,0.0,0.354847308071171,0.0,0.35990384756240246,0.3128112052471665,0.35921103830598533,0.0,0.0,0.0,0.0,0.0,0.0,0.337731223665064,0.34769875850801923,0.3643175019823978,0.3746354202479033,0.3914461170877553,0.37758862312861524,0.0,0.0,0.35867797411031704,0.0,0.0,0.34296340246419604,0.0,0.0,0.0,0.368100561047447,0.0,0.0,0.3752652656021053,0.3824443254698196,0.0,0.35224672909068044,0.0,0.0,0.0,0.0,0.0,0.0,0.38335413948770514,0.0,0.0,0.0,0.0,0.0,0.0,0.3845984040815939,0.0,0.0,0.3391284666046596,0.35317987317603783,0.0,0.0,0.0,0.3261785380087598,0.33563095213732336,0.0,0.0,0.40965960336231744,0.0,0.0,0.0,0.0,0.33196470439684106,0.3662971465246461,0.36954351773853766,0.0,0.0,0.0,0.0,0.0,0.368839447252947,0.0,0.0,0.0,0.0,0.3732379360255106,0.0,0.0,0.39114732128852364,0.0,0.0,0.35358567865544555,0.3815164853042725,0.0,0.0,0.35765986327168886,0.0,0.0,0.3574752758806066,0.34742341134935284,0.0,0.0,0.0,0.0,0.0,0.0,0.0,0.0,0.3870048136611055,0.3582963844111415,0.0,0.0,0.0,0.3323754696359352,0.0,0.3869563783348234,0.0,0.0,0.3567051916467939,0.3609827148400361,0.0,0.0,0.0,0.0,0.3405503368085397,0.0,0.36295411014752366,0.3664223904956748,0.0,0.0,0.0,0.33444553226854346,0.35268601401799504,0.3710379760981517,0.35612740123621306,0.0,0.0,0.0,0.0,0.0,0.0,0.37429342864894866,0.0,0.3610212564231325,0.0,0.34929582066841625,0.0,0.0,0.0,0.0,0.34277557316744744,0.37104986918196325,0.3505019286829287,0.0,0.3736209794928435,0.3529330882071682,0.0,0.0,0.0,0.0,0.0,0.0,0.0,0.3286191046313007,0.0,0.37774810466059267,0.0,0.0,0.40015357928442424,0.0,0.0,0.0,0.36297674620010706,0.3930716066960938,0.3508899017083706,0.339604874575084,0.0,0.0,0.39446671759395574,0.0,0.0,0.0,0.3911735635905534,0.357752141880245,0.0,0.0,0.0,0.0,0.0,0.37174477686009083,0.0,0.0,0.0,0.0,0.0,0.3593537434010391,0.0,0.0,0.0,0.36882557496916635,0.0,0.3480922231239482,0.4040867994999319,0.0,0.3808469107209398,0.0,0.0,0.36743884957881845,0.0,0.0,0.0,0.0,0.39065153305962624,0.0,0.0,0.0,0.34461490227910996,0.0,0.0,0.0,0.0,0.0,0.0,0.3752938248452186,0.3263910078376591,0.3602693599120669,0.0,0.3666943654096818,0.0,0.0,0.0,0.3687321318823663,0.3627478535902782,0.0,0.0,0.0,0.37487957099555347,0.35911193313708206,0.0,0.0,0.3555706719805628,0.31156627237012957,0.0,0.0,0.0,0.36663083898529375,0.0,0.37237382336922187,0.33983712647067277,0.0,0.34129580503201506,0.0,0.36890426538152277,0.3620933989063772,0.0,0.0,0.0,0.31399219851368676,0.0,0.3657230533193378,0.0,0.0,0.0,0.36396050002888963,0.0,0.0,0.3782147453157343,0.34804447646195846,0.0,0.0,0.3577173061971998,0.0,0.3790188458290709,0.0,0.0,0.0,0.3652485793544339,0.0,0.0,0.0,0.3869485121257375,0.0,0.35369939192830974,0.37080981382969785,0.0,0.0,0.38414898042447543,0.3602333952777025,0.39347973649520973,0.0,0.36076609645289415,0.0,0.0,0.0,0.3609314826828414,0.3768721570636631,0.0,0.0,0.0,0.0,0.35236446995823817,0.33870811654649774,0.0,0.36688567230556457,0.0,0.0,0.36646161869479243,0.0,0.34888124526669123,0.347100350424475,0.0,0.0,0.3474810566440525,0.0,0.37856701200257786,0.0,0.35172709867320334,0.3281758299847878,0.36853310059886274,0.0,0.0
0.0,0.0,0.0,0.0,0.9654498110556574,0.9534497076086698,0.0,0.0,0.0,0.0,0.0,0.0,0.9136346250514689,0.0,0.9535765846116167,0.0,0.9810698932722165,0.9737606835207621,0.0,0.9324995568694376,0.0,0.0,0.9801901662187555,0.0,0.9860224268765834,0.0,0.9641210188139109,0.0,0.0,0.9562930876993792,1.0084543712387462,0.932317831467139,0.9423157562555381,0.0,1.0080086436216529,0.0,0.95498130664283,0.9355930021011769,0.0,1.0235920918808843,1.0375629195822051,0.0,0.9614724278076087,0.9788583826947234,0.0,0.984052979758805,0.0,0.0,0.9949981091798429,0.9444649407376136,0.956738940658224,0.0,0.9865415614549402,0.0,0.9923766158451058,0.0,0.0,0.0,0.0,0.0,0.9399430837329524,0.9333709147350965,0.9817223326387982,0.0,0.94504619593008,0.9693645863439233,0.0,0.0,0.0,0.0,0.0,0.0,0.0,0.9660501521776973,0.0,0.0,0.0,0.9883150660025579,0.0,0.0,0.0,0.9721423790866581,0.0,0.966466486068039,0.9922434931462641,0.9514320681247502,0.9445194352391466,0.9621786171336429,0.0,0.946525705310419,1.0352381836259257,0.9617609735842048,0.0,0.0,0.0,0.0,0.0,0.9843954087678259,0.0,0.0,0.0,0.9618162207034298,1.0205700679351466,0.0,0.0,0.9668831596475774,0.9953868815546364,0.0,1.0082988666677233,0.0,0.994851362573725,0.0,0.9946914152773012,0.0,1.0231541606825272,0.0,0.0,0.9544349970454116,0.0,0.9273314280437807,0.0,0.0,0.0,0.9600746927861701,1.0011711382440944,0.956022490098428,0.0,0.9319064254217841,0.9711348832284239,0.9873610384328769,0.0,0.0,0.0,0.0,0.0,0.0,0.9945750908349418,0.0,0.9623657453445233,0.9413766234976255,0.0,1.015316614489599,0.0,0.0,0.0,0.0,0.9409310345885713,0.0,0.9803648659352729,0.0,0.9929437645005392,0.0,0.0,0.0,0.982755377857073,0.0,0.9684558700689273,0.0,0.9740470918034829,0.0,0.0,1.0118679182219705,0.0,0.0,0.9631114674619777,0.0,0.0,0.0,0.0,0.0,0.0,0.9767898372719365,0.9624850805462618,0.0,0.0,0.0,0.0,0.9842036694624938,0.0,0.0,0.9592455862410775,0.0,0.9754403528060602,0.0,0.0,0.0,0.0,0.0,0.0,0.9488190670270075,0.0,0.9401409703561715,0.0,0.0,0.0,0.0,0.9782295508605071,0.9505948385665125,0.0,0.0,0.9968327571079141,0.0,0.0,0.0,0.9566970816653961,0.0,0.9784062934986659,0.0,1.0061190417068713,0.9751200240772476,0.0,0.0,0.9707790250865164,0.0,0.0,0.0,0.9392425729186346,0.0,0.9725691973164747,0.0,0.0,0.0,0.0,0.0,0.0,0.9633043873475129,0.9816440554446052,0.0,1.0062146693113128,0.0,0.9967005685322113,0.0,0.0,0.9754262433897216,1.0195526665486219,0.9825741225147684,0.0,0.9955831678547524,0.9980726525853024,0.0,0.9675596201712983,0.0,0.0,0.0,0.0,0.9678973963990561,0.9273145037055206,0.0,0.0,0.0,0.9845764358857225,0.0,0.9926392648293768,0.0,0.9887146717393873,1.0058245913198274,0.952049976785985,0.0,0.0,0.0,1.00810444034626,0.9704635691264052,0.9545800812426631,0.0,0.0,0.0,0.0,0.9613783622586937,0.9647688071768122,0.0,1.0008031270006894,0.9821281133597598,0.9600050840417057,1.019912867629554,0.0,0.0,0.9363624341839636,0.0,0.0,0.0,0.0,0.9371574128329817,0.9651465730958435,0.0,1.0015628615824492,0.0,0.0,0.0,1.014778208608994,0.0,0.9832089093623,0.0,0.0,0.0,0.0,0.9678642566092411,0.0,0.0,0.0,0.9779418936779004,0.0,1.007144219026056,0.0,0.0,0.0,0.0,0.0,0.0,0.0,0.0,0.0,0.9340338869735441,0.0,0.0,0.0,0.998546411827131,0.9853767250503519,0.0,0.0,0.0,0.0,0.9854840595744541,0.0,1.032372950417207,0.0,0.0,0.0,0.0,0.9862509872872276,0.0,0.0,0.9696494011995682,0.0,0.0,0.0,0.0,0.0,0.0,0.0,0.0,0.0,0.9732730765482702,0.0,0.0,0.0,0.0,0.0,0.9711726514922914,0.9654510317134156,0.9274875880364457,0.0,0.9439897159067796,0.0,0.0,0.0,0.0,0.0,0.0,0.0,0.9749960699835328,0.0,0.0,0.0,0.9501000802808547,0.0,0.0,0.9569797360299784,0.9667690146011692,0.9606762373485613,1.027760969024417,0.9903902511610067,1.0225575532153919,0.0,0.0,0.0,0.9549880581081177,0.981973389498872,0.0,0.9360392478950199,0.0,1.0063661320519453,0.0,0.0,0.9394822393281711,1.0525979126547673,0.0,0.9965468025627445,0.0,0.0,0.9505808257936931,0.0,0.0,0.9382759590375124,0.0,0.0,0.0,0.0,0.0,0.0,0.0,0.0,0.0,0.0,0.9659939950576609,0.0,0.0,0.0,0.0,0.0,0.0,0.0,0.0,0.0,1.043455046099894,0.0,0.0,0.0,0.9416190751218677,0.0,0.0,0.0,0.0,0.0,0.9458994030326303,0.9550023235477426,0.9928146416814103,0.0,0.0,0.0,0.9375727068955816,0.0,0.0,0.0,0.0,0.0,0.0,0.0,0.0,0.9955774174082924,0.9555064585507924,0.0,0.9321733865704921,0.0,0.0,0.9700620273256646,0.0,0.0,0.0,0.0,0.0,0.0,0.0,0.0,0.0,0.0,0.9787850035967751,0.0,0.0,1.0006281588583523,0.0,0.9510129023028552,1.0225375798302707,0.0,0.9858701492051045,0.0,0.0,0.9730846916491525,0.0,0.0,0.0,0.0,0.0,0.0,0.0,0.0,0.0,0.0,0.0,0.0,0.9754035146391986,1.0011153970274986,0.0,0.0,1.014821459164121,0.0,0.0,0.0,0.0,0.9501686424860959,0.0,0.0,0.9453236258240273,0.0,0.0,0.0,0.9404536369669633,0.0,0.9310027472467435,0.9430779016842042,0.0,0.9705533797297257,0.9959753311739904,0.9492941879453036,0.0,0.0,0.0,0.0,0.0,0.9887897236863659,0.9623938330384622,0.0,0.9655823166312569,0.0,0.9345130359290322,0.9612887497329708,0.0,0.0,0.0,0.0,0.0,0.9711210879782894,0.9857202999023827,0.0,0.9635378936342404,0.9823873160988413,0.9675970714962554,0.0,0.0,0.0,0.0,0.0,0.9896869985523881,0.0,0.9832236703650766,0.0,0.0,0.0,0.9484093702959371,0.0,0.0,0.0,0.9758475564168475,0.0,0.9845059739096267,0.0,0.0,0.0,0.0,0.0,0.0,0.0,0.953609605756827,0.0,0.9554782398737809,0.0,0.0,0.0,0.0,0.936796658902627,0.9323895734813631,0.961306082658585,0.0,0.0,0.0,0.0,0.9472004076025503,0.0,0.9344686685334712,0.0,0.0,1.0261561440800633,1.0170936428637594,0.0,0.9988484292475702,0.0,0.0,0.0,0.0,0.0,0.0,0.0,0.0,0.0,0.0,0.0,0.0,0.0,0.0,0.0,1.0001162719226966,0.9403970222764625,0.0,0.0,0.0,0.0,0.0,0.938902194504331,0.0,0.0,0.0,1.0083201544482157,0.0,0.9616992560290124,0.0,0.0,0.9743104557071864,0.0,0.9673758179669578,0.0,0.0,0.0,0.9403457203574088,0.0,0.0,0.0,0.9846165896868734,0.965601630875109,0.0,0.971412248060921,0.0,0.9407779591933283,0.9453588681326268,0.0,0.0,0.0,0.9678575154291368,0.0,0.0,0.0,0.0,0.0,0.0,0.0,0.0,0.0,0.0,0.0,1.0035009158510668,0.0,0.0,0.9981685761735076,0.9274138328393113,0.0,1.0136367969640814,0.0,0.0,0.0,0.9836129081473745,1.002090332936346,0.0,0.0,0.0,0.9770680799711143,0.0,0.0,0.0,0.0,0.0,0.0,0.9713016846045257,0.0,0.0,0.9697868174851664,0.9649884474305352,0.0,0.9715087896164111,0.0,0.0,1.00732521186242,0.9293064603228331,1.0055972460561948,0.0,0.0,0.9731638159556799,0.9594874573327582,0.0,0.0,0.0,0.0,0.0,0.9674454127350008,0.9939733190428307,0.0,0.0,0.0,0.9596973016126653,0.996326223157025,0.9544154437601404,0.0,0.0,0.0,1.027871197149326,0.0,0.9666603784386019,0.0,1.035385084610268,0.0,0.9604582564148427,1.0258036876929013,0.9793188551993836,0.0,0.0,0.95313478866535,0.0,0.9597877113618456,0.0,0.95493649762952,0.9872492804402275,0.0,0.0,0.0,0.0,0.0,0.0,0.9929292857260796,0.0,0.0,0.0,1.0221158676589717,0.0,0.9987680571481538,0.9824811200177312,0.9229068539690257,0.0,0.0,0.0,0.9958478282327836,1.0104146834961962,0.0,0.9327969543337095,1.0036223167800111,0.0,0.9802183824354441,0.0,0.0,0.0,0.0,1.0169214009036986,0.0,0.9580997391186997,0.0,0.0,0.0,0.0,0.9377710321562656,0.9823766810175013,0.0,0.0,0.9758211030072103,0.9782076300902772,0.9940803428182856,0.0,0.0,0.0,0.0,0.9612449685631638,0.0,0.9765679136929314,0.0,0.9455471248872386,0.0,0.9746927940924093,0.0,0.9405850322393234,0.9734531824918679,0.0,0.9776916841511797,0.9734852196999914,0.9638217506961547,0.0,0.0,0.0,0.9189087589763877,0.0,0.0,0.0,0.0,1.0267676209302463,0.0,0.9808695035863353,0.0,0.0,0.925409051910925,0.9746492959503309,0.9759318660460101,0.9509557858817388,0.9878460416712179,0.9777719825364397,0.9810059301289623,0.0,0.9338517577962538,0.0,0.0,0.0,0.0,1.0021911348851102,0.9404301895693249,0.0,0.0,0.0,0.0,0.0,0.9894105966455032,0.9633897445499818,0.0,0.0,0.0,0.0,0.9644980225352665,0.0,0.0,1.0274346336522338,0.0,0.0,0.9426758403221267,0.9754836760641422,1.0143868932330145,0.0,0.9545801987681717,0.0,0.9674497495177397,0.0,0.0,0.0,0.9607733656507764,0.0,0.0,0.9205264237372998,0.9702966060504307,0.9733706442731952,1.0058698170530995,0.0,0.0,0.0,0.9884505196689477,0.0,0.0,0.0,0.9318620872274173,0.0,0.9857679739584025,0.9549420052762052,0.9908618627774552,0.0,0.0,0.0,0.0,0.0,0.992879606281019,0.9980540536927014,0.0,0.9457572914515181,0.0,1.001853584014826,0.0,0.9587647702182982,0.0,0.0,0.0,0.9739115826699928,0.0,0.9645091391688134,0.9908741008176546,0.9549788570109196,1.0061552388691035,0.964687820228713,0.9895799362309324,0.0,0.0,0.0,0.9699675317519578,0.0,0.9802261351778284,0.9973287944163691,0.966720475231882,0.0,0.960204334840653,0.0,0.9323121260625054,0.0,0.0,0.0,0.9904435811897461,0.9852579329619575,0.0,0.9606398507333435,0.9991250343801387,0.0,0.9652074614291104,0.0,0.0,0.986528609113581,0.0,0.9772517483992355,1.0242164430858203,0.9626213365252588,0.0,0.989656031945637,0.9862102227641257,0.0,0.0,0.0,1.0143586839935193,0.0,0.9450670735593384,0.0,0.0,0.937913792825032,0.0,0.0,0.0,0.9262678169320436,0.0,0.9620731355855446,0.9472473181566518,0.0,0.0,0.9366381994169604,1.0028904415708726,0.0,0.0,0.0,0.9687869728454819,0.0,0.9583396238883496,0.0,0.0,0.9776706281976298,0.0,0.0,0.0,0.0,0.0,0.0,0.9779442392205494,0.0,0.0,0.0,0.9561137268639305,0.0,0.0,1.0220454877012162,1.0357783669962215,0.0,0.9115008311471919,0.9682863898089429,0.9723584324167135,0.0,0.0,0.9858944567716923,0.0,0.0,0.0,0.0,0.0,0.0,0.0,0.0,0.0,0.9975280888800387,0.0,0.967374178699799,0.9687690162384064,0.0,0.0,0.9494133864694644,0.0,0.0,0.9778441734333864,0.0,0.0,0.0,0.9510901289395741,0.0,0.9378195194360527,0.0,0.0,0.9424578771989555,0.0,0.0,0.0,0.9740659732851568,0.9281891116241919,0.0,0.0,0.943126711676016,0.9781967794221549,1.0086485806354177,0.0,0.0,0.0,0.0,0.0,0.0,0.0,0.9947916554517544,1.007957460942753,0.0,0.0,0.0
0.0,0.0,0.0,0.0,0.0,0.0,0.0,0.8954123534316913,0.0,0.0,0.8916757647323947,0.0,0.0,0.8361456339580071,0.8589304452001502,0.8922918792610314,0.8845074139796417,0.9226410665361795,0.860330648111513,0.0,0.896698009329004,0.0,0.9191319043898141,0.0,0.0,0.0,0.0,0.8713291828194866,0.0,0.0,0.9137909202136635,0.0,0.0,0.0,0.0,0.0,0.0,0.9193335908887867,0.8767684791266841,0.0,0.8837042755409142,0.0,0.0,0.0,0.0,0.0,0.8716886131971582,0.0,0.9035196398188751,0.917751439158665,0.0,0.0,0.9194082567558584,0.8672269480245753,0.0,0.0,0.8970326053101324,0.880437014976737,0.891420401538074,0.0,0.0,0.9064296256365211,0.8822802135143799,0.0,0.0,0.888609067823261,0.8542544934742802,0.0,0.0,0.8702391543919774,0.90027914307393,0.0,0.0,0.8956969235464326,0.0,0.0,0.0,0.0,0.0,0.0,0.0,0.8858912924406752,0.0,0.0,0.9006294662906745,0.906373323748085,0.0,0.9297009895153499,0.0,0.0,0.8971909018422443,0.0,0.0,0.8546610067649181,0.0,0.0,0.0,0.0,0.8998448584343672,0.8828479979419173,0.8791783391775975,0.8862157398351558,0.8991612588783278,0.0,0.0,0.0,0.9294730741714424,0.8917681117191345,0.9212124086438582,0.0,0.8533475182399918,0.0,0.9140291916955112,0.0,0.8862354766171772,0.0,0.0,0.9162953767677023,0.0,0.0,0.8481470691289402,0.9136893136696914,0.8800856644801988,0.0,0.0,0.8565993354810045,0.0,0.0,0.9139711494662235,0.8862623361616185,0.0,0.8403093367639968,0.0,0.8690996235979779,0.0,0.8763769730214938,0.9315051977376131,0.0,0.0,0.0,0.0,0.924693827419032,0.0,0.0,0.0,0.0,0.0,0.0,0.8832875556291689,0.0,0.0,0.0,0.0,0.8915877791133655,0.0,0.8869288022330933,0.9009799709351163,0.0,0.0,0.0,0.0,0.9009209388361827,0.8752344499929966,0.8437224559689579,0.0,0.8498764756799211,0.8462201433683355,0.8830639475878445,0.0,0.0,0.8787117589709652,0.9256552669177116,0.0,0.0,0.894779836869094,0.0,0.0,0.0,0.0,0.0,0.0,0.9179688038741298,0.8883108388311024,0.0,0.0,0.897523756837893,0.0,0.0,0.0,0.0,0.9101188264146435,0.0,0.8839722010158829,0.9088345987507269,0.0,0.0,0.0,0.9354824879240063,0.8645525442102814,0.9107858645301189,0.8687019885548802,0.0,0.8795480575029566,0.0,0.0,0.0,0.0,0.0,0.9246399835312614,0.0,0.0,0.8893487182711568,0.0,0.0,0.0,0.0,0.0,0.0,0.9088837948707751,0.0,0.0,0.0,0.0,0.0,0.8859036298839407,0.8682489986898563,0.0,0.0,0.9098592558256012,0.0,0.8685249695518426,0.0,0.843851567514543,0.0,0.0,0.85490190542195,0.0,0.0,0.8935360356405402,0.0,0.0,0.0,0.0,0.0,0.0,0.9101070213093964,0.0,0.0,0.0,0.0,0.0,0.0,0.0,0.0,0.0,0.8844143413533446,0.0,0.0,0.8496207188567444,0.8378522412411742,0.9236267024925561,0.0,0.0,0.0,0.0,0.0,0.0,0.0,0.868922971689917,0.0,0.8896983259960569,0.0,0.895575294400401,0.8871516142504084,0.8373294462123824,0.9223743611290598,0.0,0.8857314690843927,0.0,0.0,0.9222780210902826,0.9274730582154962,0.9213435662014475,0.0,0.0,0.0,0.0,0.8716056425676212,0.0,0.0,0.0,0.0,0.0,0.0,0.0,0.0,0.8923838025575418,0.0,0.0,0.9457859766778729,0.0,0.0,0.0,0.0,0.8859740238411233,0.0,0.885586318764937,0.0,0.0,0.8786830694474438,0.0,0.9186088567038478,0.9094528687267976,0.0,0.9132708020310207,0.0,0.0,0.0,0.0,0.9068708589429746,0.0,0.0,0.0,0.8722873682194424,0.8641555671115645,0.0,0.0,0.0,0.9141275022303964,0.8931868746229306,0.0,0.0,0.9237740428791766,0.0,0.0,0.0,0.8621236180362841,0.8836444107380069,0.8905697085383906,0.8483801992106433,0.0,0.0,0.0,0.0,0.8959764566036967,0.8884570373530767,0.0,0.9214124744481035,0.0,0.0,0.0,0.0,0.0,0.9166681129277209,0.8983296684332177,0.0,0.0,0.9086369761417884,0.0,0.0,0.0,0.0,0.0,0.0,0.0,0.0,0.0,0.0,0.0,0.899345876338932,0.0,0.9149253750526548,0.0,0.0,0.8613168689024107,0.8993629389463679,0.8953715968618395,0.0,0.0,0.0,0.9072064055165764,0.0,0.0,0.9110635740424484,0.9182731245902326,0.0,0.8727987787829391,0.0,0.8761413965478407,0.8848803612357119,0.903019853629929,0.9197007179985934,0.9041856202313062,0.0,0.8920967802308483,0.0,0.0,0.0,0.0,0.0,0.0,0.9054461930341982,0.0,0.0,0.0,0.8998404584880566,0.0,0.861082710162279,0.8976673275464784,0.0,0.847295957629554,0.904096542929547,0.8656756677802887,0.8576219533145036,0.0,0.9054268701555215,0.8585632813926598,0.0,0.8648498411748508,0.8408996357449671,0.0,0.8965893678943219,0.8751445156574639,0.0,0.0,0.918189886289968,0.0,0.8526053464160783,0.0,0.0,0.8905619685045109,0.898556694429334,0.0,0.8689460417927517,0.0,0.0,0.0,0.8474432421443615,0.8956645944789952,0.9021103881462855,0.0,0.0,0.0,0.8796531237625301,0.0,0.0,0.0,0.0,0.0,0.9248726437180358,0.8986800036463733,0.8446519847619858,0.0,0.0,0.0,0.8867797126810409,0.0,0.0,0.0,0.8972428335194863,0.0,0.0,0.8779632892443722,0.9221227286974208,0.8677390710870195,0.0,0.8906299610752288,0.0,0.8719814754126474,0.8560667605351165,0.0,0.0,0.0,0.0,0.0,0.8608817697165971,0.0,0.0,0.0,0.8791997174108207,0.0,0.0,0.0,0.8837488995562204,0.0,0.0,0.0,0.8891512296640356,0.0,0.9190342064068656,0.9008242733473792,0.0,0.8694725203473993,0.8787207982360093,0.0,0.0,0.9146009552258585,0.0,0.0,0.0,0.9098463773342023,0.9383238564894788,0.0,0.8802217048731893,0.0,0.0,0.917943142108984,0.0,0.923523731266462,0.0,0.8486784017035339,0.0,0.0,0.0,0.0,0.0,0.0,0.8851497602130772,0.0,0.8868229014279334,0.0,0.8799268427411789,0.0,0.0,0.0,0.0,0.0,0.9062013414202461,0.8982026404662256,0.8765272750382305,0.0,0.8841453845056101,0.0,0.9233984493902596,0.9137694658781322,0.0,0.0,0.0,0.0,0.8956350941499794,0.0,0.0,0.8970159773118184,0.0,0.8534085841167528,0.0,0.8692149315755621,0.8818741000706077,0.8931487817326418,0.0,0.0,0.0,0.0,0.0,0.0,0.0,0.0,0.8697233081179061,0.0,0.0,0.0,0.0,0.0,0.0,0.0,0.9055453344464034,0.0,0.8632445977890375,0.0,0.0,0.8995830145915208,0.8908619397980824,0.0,0.0,0.8861623885473355,0.0,0.0,0.0,0.0,0.8473902064628943,0.0,0.9354328815910782,0.8829879843051076,0.0,0.0,0.8449138581634935,0.9232244301331433,0.8695275146003149,0.0,0.9158599945197534,0.0,0.0,0.0,0.0,0.0,0.8809513835134171,0.0,0.0,0.0,0.9232015147239852,0.8863638652327213,0.0,0.952411585716765,0.0,0.0,0.0,0.0,0.0,0.0,0.0,0.0,0.0,0.0,0.8821492052158243,0.0,0.8886792326575458,0.0,0.0,0.0,0.0,0.0,0.0,0.0,0.8200801339735819,0.0,0.0,0.0,0.9049563796049159,0.8459390664174945,0.9071713663093852,0.0,0.8539034727046498,0.0,0.0,0.8956188566182323,0.0,0.8971745710466607,0.0,0.8798807997071986,0.0,0.9397291457965096,0.930184272896436,0.8888632302398,0.0,0.0,0.0,0.0,0.0,0.8830939725673534,0.0,0.0,0.0,0.0,0.906915043897281,0.0,0.0,0.0,0.8538890136377145,0.0,0.904971917344826,0.0,0.0,0.8846249580164112,0.0,0.0,0.0,0.9075049555295935,0.0,0.0,0.0,0.9080242369322525,0.0,0.0,0.9328307899990298,0.0,0.8991066277856592,0.0,0.8953338017817738,0.8524937340970608,0.0,0.0,0.0,0.0,0.0,0.0,0.0,0.8628833624886397,0.0,0.0,0.0,0.0,0.8863925119667588,0.9233769689419921,0.8767417150322373,0.0,0.8890008338747113,0.0,0.0,0.9060993681821273,0.0,0.8828929492702936,0.0,0.0,0.8890431781852284,0.9124077674740602,0.8773889615839361,0.888550581933455,0.9629600098980906,0.0,0.8539493560672587,0.0,0.0,0.0,0.915444863826576,0.9129327721790057,0.0,0.9276809636053548,0.0,0.0,0.0,0.9145107747745415,0.0,0.0,0.0,0.8887033437560488,0.0,0.0,0.0,0.0,0.0,0.8785358538633741,0.0,0.0,0.0,0.9097085211554339,0.0,0.0,0.8871720773800298,0.0,0.8915891202094139,0.0,0.0,0.0,0.8640252702380975,0.0,0.0,0.8715760612871495,0.0,0.9098668641507007,0.9346579073694956,0.0,0.0,0.0,0.9089128981864977,0.0,0.0,0.0,0.0,0.0,0.0,0.0,0.0,0.0,0.8735695400604051,0.9130402978071405,0.8815091132429563,0.8669061705527857,0.0,0.0,0.0,0.0,0.8540285166740215,0.0,0.0,0.8871725662390774,0.8406578772926456,0.8749933004771999,0.928064211963617,0.0,0.8846392846337595,0.0,0.8717048644912226,0.0,0.904337485206184,0.916928600788598,0.0,0.8752580906076245,0.0,0.0,0.9217100102009637,0.0,0.0,0.0,0.0,0.0,0.9045643671227044,0.0,0.877523857967765,0.0,0.0,0.0,0.0,0.0,0.0,0.0,0.9011361185676431,0.0,0.0,0.9342777849173911,0.8914878206848834,0.0,0.8788467687656429,0.8858193351664266,0.0,0.875029101481944,0.0,0.9081086668943128,0.0,0.9180894029038146,0.0,0.8813729664187148,0.0,0.0,0.0,0.9128591403338256,0.0,0.0,0.0,0.9015595338846447,0.0,0.9015102975931912,0.0,0.0,0.8841319835100873,0.0,0.8796472889741066,0.8657145855232257,0.0,0.0,0.8455798983836894,0.9020703410062831,0.939336227302785,0.9114539980037456,0.8572068126585738,0.8847828474948679,0.8859939977586272,0.0,0.0,0.0,0.8932272062626408,0.0,0.0,0.9123303877365551,0.0,0.0,0.0,0.8431108945979575,0.9100922270310391,0.8903943801724556,0.0,0.0,0.0,0.0,0.0,0.9081089712125312,0.9291395730577326,0.0,0.8735081787571702,0.8348196424181681,0.0,0.921866806208535,0.0,0.0,0.9322684813609958,0.0,0.9022950302539615,0.0,0.9012008859522221,0.0,0.8423922272677842,0.9063450462407968,0.8889530277952798,0.9361964236754852,0.8767174994421599,0.8636725075896329,0.0,0.0,0.9050507005364842,0.0,0.8672381138354992,0.891333468510189,0.8975908935162805,0.0,0.0,0.8722437599039943,0.0,0.0,0.0,0.8840361350556325,0.0,0.0,0.0,0.8917568814846465,0.0,0.0,0.0,0.0,0.0,0.0,0.0,0.0,0.0,0.0,0.0,0.0,0.0,0.8605421532257364,0.0,0.0,0.0,0.0,0.0,0.8932244359041525,0.0,0.0,0.0,0.8852449497809547,0.0,0.0,0.9037484882655499,0.898464691041005,0.0,0.0,0.0,0.0,0.9168085550380666,0.0,0.0,0.0,0.8790591030038283,0.0,0.9046257053762553,0.9471666532906625,0.0,0.0,0.8706572364221423,0.9527203402040809,0.9062239610169179,0.9069081756145287,0.0,0.8779694886288412,0.0,0.0,0.0,0.8922073743942648,0.0,0.0,0.0,0.0,0.9399124282155265,0.0,0.9170982520220796,0.9311880683674478,0.0,0.0,0.9576433947980313,0.897623541139718,0.0,0.9075520326020587,0.9133820881560716,0.0,0.0,0.9242153462238408,0.0,0.9268993989193405,0.0,0.8769452443082844,0.0,0.0,0.0,0.894234281579487,0.8619406234681113,0.0,0.0,0.0,0.0,0.8876860061939434,0.8803172297666089,0.0,0.0,0.0,0.8807108225268053,0.0,0.0,0.0,0.9066841009085518,0.0,0.0,0.9206878611218288,0.0
0.0,0.0,0.0,0.0,0.0,0.0,0.0,0.0,0.0,0.0,0.0,0.0,0.0,0.2258059278278742,0.2298647163914054,0.0,0.2623751838147264,0.0,0.0,0.2676433166953199,0.26655457607654454,0.0,0.0,0.0,0.27417589293505157,0.0,0.2785248234358947,0.0,0.0,0.0,0.0,0.0,0.2577105504187944,0.26786338914973806,0.24647736842727047,0.0,0.0,0.3153323860395612,0.26923816417652674,0.2741077383050827,0.2548491436268242,0.0,0.0,0.0,0.2759099737057018,0.0,0.2505636733513334,0.0,0.0,0.0,0.22790852372798032,0.29444539494247457,0.2707476976964975,0.25983494380033273,0.23577550848749498,0.0,0.0,0.0,0.2572088207633864,0.0,0.2951689740913684,0.0,0.27665352946631366,0.2853332282864428,0.0,0.2824148796857188,0.0,0.2831125864966389,0.0,0.0,0.0,0.0,0.0,0.2844965784321143,0.2823330644100489,0.0,0.0,0.0,0.29409570200614865,0.0,0.0,0.26999153901526357,0.262204489026642,0.0,0.0,0.0,0.28278917098055595,0.0,0.28111956162327745,0.2610087941817514,0.2907955078038174,0.0,0.26482882742363884,0.0,0.0,0.0,0.0,0.0,0.0,0.0,0.0,0.0,0.2745164231503672,0.0,0.0,0.2847978255654733,0.0,0.0,0.0,0.0,0.2314760801394215,0.2956005525290635,0.2806503659289664,0.2876086849806424,0.2570376390635046,0.0,0.0,0.24238900674634994,0.2806333675164887,0.0,0.2482991213236514,0.29837881879790945,0.0,0.24812420920773418,0.2553301992008718,0.25839594766773427,0.0,0.26371924171866323,0.0,0.0,0.0,0.0,0.0,0.0,0.0,0.2803012635473917,0.0,0.0,0.27792337305311227,0.2908799451780555,0.0,0.27680619936294576,0.0,0.0,0.0,0.0,0.0,0.0,0.2716317795199782,0.0,0.0,0.0,0.0,0.0,0.2839145483079794,0.23461303072950493,0.0,0.0,0.0,0.0,0.0,0.28291141180851215,0.2704783696742024,0.0,0.2540525077568526,0.27564240616103763,0.2775414565820336,0.0,0.25202308907561527,0.2908500309690086,0.23852326503791443,0.2997423101293624,0.0,0.274107083933795,0.23210264899395466,0.0,0.28337555780777174,0.0,0.0,0.0,0.0,0.0,0.0,0.0,0.26971208821151105,0.3082801265239537,0.25108368139127113,0.0,0.0,0.2745975816403492,0.0,0.0,0.0,0.2708403137475359,0.0,0.0,0.0,0.0,0.29434369742284716,0.32555865490516633,0.0,0.261554001048457,0.24236038711937785,0.0,0.0,0.0,0.24265082389161455,0.0,0.23945204263163103,0.0,0.0,0.2574027132674507,0.0,0.27665919755920726,0.0,0.0,0.0,0.0,0.2618095795018845,0.2679661843641957,0.0,0.0,0.0,0.0,0.0,0.24950784792140848,0.0,0.23196317901984215,0.0,0.0,0.2571949873503594,0.0,0.0,0.2725092430349389,0.2454793781131239,0.0,0.0,0.23831313079059585,0.24337405092416045,0.0,0.27119839702228,0.0,0.2439421550172125,0.0,0.27805655078208047,0.28240534160492853,0.2688559271608578,0.0,0.0,0.2525129536616743,0.0,0.0,0.25774830136569027,0.2475394329075014,0.23601163320616056,0.2526454993448865,0.0,0.29383036299767706,0.0,0.0,0.0,0.27830301906364924,0.2667019728719057,0.0,0.2682714848623136,0.0,0.2594852137959085,0.27259598664065726,0.2582581539251957,0.0,0.23605929913316148,0.2758386824619829,0.2828456310064298,0.2663602164959879,0.25242280303030135,0.2875363489128799,0.0,0.0,0.0,0.0,0.2629990831574083,0.0,0.2637098625608079,0.0,0.0,0.0,0.0,0.2795509898384153,0.26248059792168976,0.0,0.259268786768487,0.0,0.0,0.0,0.0,0.0,0.0,0.0,0.0,0.0,0.2348202883094704,0.0,0.0,0.0,0.24827414263184264,0.30197266760259206,0.27852780062420696,0.0,0.0,0.0,0.29514978254208657,0.0,0.0,0.0,0.0,0.0,0.0,0.2634219127782829,0.0,0.0,0.0,0.0,0.28145007311386977,0.23233946021755175,0.2891494245116785,0.0,0.0,0.0,0.2531796163307699,0.24926533370185572,0.22510497035137744,0.0,0.0,0.26044341260331927,0.0,0.27227298562997787,0.0,0.0,0.257428727024439,0.0,0.0,0.26255678818577427,0.0,0.0,0.0,0.0,0.2589832608694357,0.0,0.0,0.0,0.0,0.0,0.0,0.0,0.24944295589522777,0.0,0.0,0.26356879379939935,0.2792035657896155,0.0,0.0,0.0,0.0,0.273734014170357,0.0,0.27641124084055574,0.0,0.28620360815290397,0.22679226600087915,0.23500165342299098,0.27043234043688713,0.0,0.0,0.0,0.0,0.2486818945298721,0.0,0.0,0.0,0.0,0.2594260939657887,0.0,0.0,0.24491277628646857,0.0,0.28808796174274875,0.21874332072874805,0.0,0.0,0.26102996515176896,0.2492106594487394,0.2822834637202657,0.27370254926538046,0.0,0.2565178390049138,0.2414376486879447,0.2645920029571748,0.23751479025130676,0.2993497232085728,0.29273715193891664,0.0,0.2870765863283738,0.0,0.27325278729997005,0.0,0.0,0.0,0.26695567474293713,0.0,0.0,0.0,0.28809867710938347,0.0,0.2539271618048203,0.0,0.26981573634894096,0.0,0.26525181175555806,0.28740033473517285,0.25994606454048713,0.0,0.0,0.0,0.0,0.27845144546275835,0.2417956072639896,0.0,0.0,0.0,0.2581538161506966,0.0,0.0,0.0,0.0,0.2647961712649793,0.0,0.0,0.2532954507215021,0.23017589467708607,0.0,0.0,0.0,0.0,0.0,0.2637257652848694,0.0,0.0,0.2715886934679795,0.2571701030383228,0.0,0.0,0.24793342864031456,0.0,0.0,0.0,0.28937974694225793,0.28106141682658436,0.3026636851473788,0.0,0.0,0.3027525872247045,0.2528408694514811,0.0,0.0,0.25357266876220347,0.0,0.0,0.0,0.2688038598704217,0.0,0.0,0.28237675151714164,0.0,0.0,0.0,0.0,0.0,0.3112806864172569,0.0,0.2942034827056362,0.2338007533539598,0.0,0.2842335838660539,0.2608924535363638,0.26279682900941975,0.0,0.0,0.0,0.0,0.2703505886887511,0.0,0.2284139984975069,0.0,0.26977207554632154,0.0,0.0,0.2667396772508798,0.0,0.26534955762087875,0.0,0.0,0.26319361563045846,0.27638152011746175,0.0,0.0,0.0,0.0,0.0,0.23277384533641446,0.2562506173224517,0.0,0.260613983295532,0.27757278979996397,0.24254638463736483,0.0,0.2669394589300156,0.0,0.0,0.0,0.0,0.26109788311653465,0.0,0.0,0.26240721680295215,0.0,0.0,0.0,0.0,0.0,0.0,0.0,0.2524501198829513,0.2316402311934748,0.0,0.0,0.0,0.0,0.0,0.260628813746513,0.25845207593772707,0.0,0.2794788088110929,0.0,0.25698710110619927,0.0,0.0,0.0,0.0,0.0,0.0,0.0,0.0,0.263974200892692,0.2646497668489842,0.0,0.22611587019769144,0.2507808867930596,0.2533170388723865,0.2536971210368264,0.2461109806596436,0.2506350769416696,0.0,0.2676957339698708,0.27713256417755694,0.26654243777607717,0.2742262704465898,0.0,0.0,0.0,0.29854741150442693,0.0,0.0,0.0,0.0,0.2816890978185797,0.0,0.0,0.0,0.0,0.2571042079371682,0.0,0.2800807606514618,0.24983648172693962,0.29532864554750377,0.3103241796311325,0.26967730000046297,0.0,0.2884502952282266,0.0,0.26352892667535766,0.0,0.29376306528256846,0.0,0.0,0.29281605400748195,0.3081684799830202,0.0,0.2579722919379714,0.0,0.25853279968242726,0.2646469210987909,0.0,0.27061426618757567,0.2915949422487017,0.0,0.0,0.0,0.26730464730429954,0.0,0.0,0.0,0.24163512016641003,0.0,0.0,0.2489664147465038,0.2620400484671743,0.2651832851909368,0.0,0.2445864534781613,0.0,0.0,0.0,0.0,0.0,0.0,0.2915951765007873,0.0,0.0,0.0,0.0,0.0,0.26315463488601687,0.0,0.0,0.0,0.0,0.26078234003013556,0.22684685622979833,0.0,0.2525564057101519,0.2655656073517778,0.0,0.0,0.0,0.29963037132693343,0.26593795260712727,0.0,0.0,0.0,0.0,0.0,0.26355533587448254,0.0,0.28264080008772063,0.2708274491905125,0.0,0.0,0.0,0.0,0.2848722307886966,0.0,0.0,0.286618025935622,0.0,0.0,0.0,0.2668143334234268,0.0,0.0,0.0,0.0,0.0,0.0,0.27620528486464174,0.2801188848651931,0.0,0.0,0.0,0.2593925094200109,0.286155013589824,0.22403269157277733,0.2697009178050119,0.0,0.2672575616871874,0.0,0.0,0.27126575943110875,0.0,0.24759978554631798,0.0,0.0,0.2643821943363342,0.24937981940614007,0.0,0.0,0.21603078290067407,0.27945160787938533,0.0,0.0,0.231878227770272,0.0,0.0,0.29495493642942655,0.0,0.0,0.0,0.0,0.0,0.0,0.0,0.0,0.0,0.0,0.0,0.2937279389579934,0.0,0.0,0.0,0.0,0.3021456518648253,0.0,0.2836170447190068,0.0,0.0,0.0,0.0,0.26489220000926245,0.0,0.0,0.0,0.2698906987496,0.2791327730009226,0.0,0.0,0.23939492429909343,0.26916744252012087,0.0,0.26701079496656716,0.0,0.0,0.2671938828532957,0.0,0.26237199082434354,0.0,0.2540794975238678,0.0,0.0,0.2554771409865393,0.277812034489986,0.27150919859962164,0.24466962641703455,0.0,0.0,0.0,0.0,0.0,0.0,0.2881406455324534,0.0,0.0,0.0,0.21375702628991333,0.0,0.0,0.29461571413117216,0.2537610175461846,0.0,0.0,0.0,0.3024885053239728,0.0,0.0,0.0,0.25435988322720593,0.0,0.26798559326386684,0.0,0.24726566570551456,0.26113143787062015,0.0,0.2825697774811292,0.0,0.24630095875415337,0.0,0.0,0.0,0.25668559873117713,0.0,0.2642772655064617,0.2917546189898664,0.24767404896626138,0.2644581611459096,0.2820576710631022,0.0,0.28657349254979736,0.2514173434639133,0.0,0.24712387749469755,0.27013855298601963,0.0,0.0,0.0,0.0,0.0,0.0,0.27122101899766976,0.0,0.0,0.0,0.26344607191702557,0.2508376370339706,0.2299987469820157,0.0,0.0,0.0,0.0,0.21920761773861247,0.28536782608860933,0.27131133197769014,0.0,0.0,0.0,0.0,0.0,0.2880185675580841,0.0,0.0,0.0,0.2757197046300239,0.2397608361747869,0.2672702441033947,0.23074955685570045,0.0,0.29496352606236753,0.0,0.0,0.0,0.0,0.0,0.2780080547160419,0.22312792722866853,0.2826155072750745,0.0,0.0,0.275666259530918,0.28437772315127624,0.0,0.2895148439252389,0.2530454117284086,0.269986939194678,0.0,0.27391628760373454,0.2607303494767467,0.0,0.0,0.0,0.0,0.0,0.0,0.0,0.0,0.0,0.2507961443706581,0.0,0.0,0.2450024560317827,0.24491431679823727,0.0,0.0,0.0,0.0,0.0,0.0,0.0,0.2596110647699049,0.0,0.25818054561043136,0.0,0.28063026085795145,0.2686566338214332,0.28419573391304054,0.2713973466795648,0.0,0.26985727250313524,0.0,0.2559454904710485,0.0,0.0,0.2715315574302829,0.0,0.2729631241991147,0.0,0.23160899021574663,0.0,0.26203826533807384,0.26628153102124547,0.0,0.24638333790394745,0.28675334409791453,0.0,0.0,0.0,0.0,0.25784183823069123,0.0,0.0,0.0,0.0,0.0,0.0,0.2768152682029992,0.0,0.0,0.0,0.0,0.2702695797725702,0.0,0.0,0.23776141977106735,0.2745217521495696,0.0,0.0,0.0,0.26905753917688063,0.24353842792320618,0.0,0.0,0.0,0.0,0.2775144504943908,0.0,0.0,0.0,0.0,0.29226067566482883,0.0,0.0,0.0,0.0,0.0,0.0,0.0,0.2582532305967642,0.0,0.0,0.2870057786975532,0.0,0.0,0.0,0.2240220161989227,0.0,0.27063535980082315,0.0,0.0,0.0,0.29015236729398064,0.273799107586063,0.0,0.0,0.2564548515390526,0.0,0.2678468851308468,0.0,0.0,0.0,0.0,0.0,0.0,0.0,0.0,0.0,0.0,0.27963606466854973,0.2533475328437353,0.2735639627591849,0.0,0.0,0.0,0.26726983602414,0.27115004146455957,0.24244091498236925,0.24992571973808608,0.28564917005861945,0.0,0.24827050179104257,0.26335190859087404,0.0,0.2531902323352404,0.0,0.0,0.25097157131067505,0.21210403903121508,0.26739699853233306,0.24228656536925522,0.26615299779448187,0.0,0.0,0.0,0.0,0.0
0.0,0.0,0.0,0.0,0.11424720622775553,0.12157297540042306,0.0,0.0,0.14862985981357324,0.0,0.0,0.0,0.0,0.0,0.0,0.13750425508307434,0.0,0.0,0.15602570755994796,0.0,0.15187328428659252,0.0,0.0,0.0,0.0,0.15845704272660635,0.0,0.11644687353458633,0.0,0.09060931994727783,0.0,0.0,0.0,0.0,0.0,0.0,0.1554556328712643,0.0,0.0,0.12240506618109882,0.092110071660492,0.0,0.0,0.1392810242366441,0.11994820777798468,0.0,0.0,0.0,0.08068120476269772,0.06599404352653303,0.0,0.0,0.08800589413845014,0.10690299971449936,0.13301872631608136,0.14508620517816917,0.11547790153031909,0.0,0.10982983040226392,0.0903860056258599,0.14153632162946514,0.0,0.13663960740736592,0.0,0.1643671544544047,0.11327510466598652,0.0,0.129117279037667,0.0,0.12115978013480987,0.0,0.0,0.0,0.0,0.13979213765454912,0.15017777374181573,0.08431751540334856,0.0,0.0,0.0,0.0,0.0,0.13779335375263518,0.13483649621793947,0.0,0.0,0.12643271064824957,0.12251494077053963,0.0,0.11086865769785254,0.0,0.1692699180798642,0.0,0.0,0.0,0.0,0.0,0.11734002410937026,0.12046736734954866,0.0,0.12196822486649686,0.0,0.0,0.0,0.16616014205289723,0.0,0.14666878652443935,0.0,0.12135503164037692,0.0,0.0,0.12744139918504732,0.06523578221784221,0.14806549807627337,0.11551489240878773,0.0,0.0,0.0,0.0,0.0,0.10156697019028123,0.09545923877724273,0.1219353444806196,0.0,0.1666419232889596,0.10069445837468116,0.0,0.1623711585648826,0.07638749832608477,0.10456870412579607,0.13844027906249762,0.10341529541513503,0.10319468894572338,0.0,0.14412532849262374,0.0,0.10747214662599,0.17126003123688843,0.12114333984874262,0.0,0.0,0.0,0.09284364056119966,0.0,0.15194236724864088,0.0,0.0,0.0,0.10965163921312264,0.11142613183776574,0.1275725113420424,0.0,0.13070262927896975,0.14336719775163834,0.0,0.14350415861875945,0.0,0.0,0.0,0.0,0.0,0.0,0.11360448275666435,0.0,0.0,0.1304365399518121,0.12340477652412005,0.04956003613213668,0.12117752431283374,0.12409180169045951,0.0,0.0,0.0,0.07503169659369396,0.11955394059206881,0.0,0.0,0.11211555530977745,0.0,0.0,0.0,0.0,0.13121295809327355,0.0,0.18909626421487702,0.0,0.0,0.0,0.0,0.0,0.12552239669041695,0.13360014918413227,0.0,0.0,0.0,0.14586560391561182,0.0,0.0,0.0,0.0,0.15114148705328653,0.0,0.07772448676437664,0.0,0.11158669016729207,0.0,0.13941300695716435,0.15324474294863827,0.0,0.0,0.0,0.12077391835943012,0.0,0.13415565205278568,0.0,0.0,0.0,0.0821197110208158,0.0,0.10915800983606001,0.0,0.0,0.0,0.0,0.0,0.08302491922238946,0.0,0.15467907708221923,0.0,0.0,0.1507641746663018,0.0,0.0,0.0,0.0,0.12066399548131332,0.13304380992147025,0.0,0.13890943214543544,0.0,0.0,0.0,0.11489746171494701,0.11350170382513519,0.0,0.11791153296022568,0.15765759164739696,0.0,0.16842631603118982,0.12384855389456878,0.07918849329392688,0.0,0.0,0.0,0.0,0.1005849393938712,0.0,0.0,0.1256610651195974,0.1802111377714327,0.1121748615076334,0.0,0.0,0.15270758006543855,0.15520499968076423,0.0,0.0,0.0,0.06645719018132311,0.0,0.14115149502328148,0.14198430815797006,0.08893120432347648,0.0,0.10398134185837535,0.12454322165964535,0.14876535025427132,0.1308240068549166,0.0,0.0,0.0,0.12005225985497708,0.0,0.19462626900303717,0.0,0.0,0.0,0.1181824588548197,0.13104198924045243,0.0,0.0,0.0,0.17177707040168064,0.14244121388093478,0.0,0.12029762804768308,0.0,0.0,0.12484949410224802,0.14770280209936643,0.0,0.0,0.13424504215401348,0.0,0.13092235089695464,0.15705227015230525,0.11942084114031999,0.11593920685606796,0.0,0.0,0.0,0.08530861208947438,0.0,0.0,0.0,0.0,0.15374376396173897,0.0930579790612541,0.0,0.09890910895679951,0.0,0.10072816943916037,0.0,0.11789235593021799,0.10470774395867578,0.0,0.0,0.1488363798189969,0.0,0.10076748996897375,0.1336613708191394,0.0,0.0,0.0,0.0,0.0,0.16906669379567868,0.1328893030469293,0.0,0.0,0.0,0.0,0.15039102797357637,0.0,0.14272313256619265,0.0,0.0,0.0,0.0,0.0,0.0,0.0,0.0,0.0,0.0,0.0,0.0,0.12962931200589672,0.0,0.12244218117985647,0.0,0.0,0.0,0.0,0.0,0.0,0.0,0.12847565555102972,0.10759208014392069,0.09725751524451251,0.0,0.0,0.16062794771518002,0.0,0.0,0.0,0.12472594033290123,0.0,0.0,0.0,0.0,0.11916751349924455,0.0,0.0,0.0,0.14879599931112025,0.0,0.0,0.0,0.14748015409054535,0.0,0.0,0.1460660970931366,0.0,0.0,0.0,0.0,0.0,0.0,0.0,0.0,0.0,0.0,0.1739014226524795,0.10498124941873462,0.06624632141862065,0.0,0.0,0.0,0.0,0.0,0.0,0.0,0.12296994318019831,0.1601304350198866,0.0,0.15175222877195862,0.0,0.09627549486783923,0.0,0.0,0.11761166134742304,0.0,0.13217825850416798,0.1665315366195523,0.0,0.0,0.15557610754661644,0.0,0.0,0.12407848114489468,0.0,0.0,0.0,0.12134048445823999,0.0,0.11627584086505642,0.12273168412393824,0.07972738964927853,0.10885593925898376,0.0,0.0,0.0,0.0,0.0,0.0,0.0,0.16093466109112053,0.0,0.0,0.0,0.13356060425349917,0.0,0.13067663195718918,0.0,0.0,0.0,0.11020397385871258,0.0,0.14832167551757636,0.0,0.10567888270617794,0.0,0.0,0.12484717083968337,0.0,0.10875140049191188,0.0,0.0,0.10262461347835629,0.0,0.0,0.0,0.0,0.0,0.11673479351164713,0.1051242664318827,0.0,0.09044131070948444,0.0,0.1782925480904805,0.0,0.0,0.12300693411745835,0.0,0.0,0.0,0.0,0.0,0.0899680353607995,0.1477538444812032,0.0,0.0,0.12067529066524116,0.14042416774358113,0.0,0.13753485173462424,0.0,0.10913833655638219,0.15821631127490224,0.1566619896821673,0.14333669833786936,0.0,0.0,0.0,0.0,0.09930210343402013,0.0,0.0,0.1543156625934453,0.13992427668949503,0.10341971942100389,0.0,0.0,0.0,0.0,0.13175731878611888,0.10748432733206176,0.0,0.10511796416348937,0.15479589441502195,0.0,0.12150347032640976,0.08982842008782903,0.0,0.1036700217676693,0.0,0.10737247749288684,0.0,0.13950875076769767,0.0,0.0,0.11032294253449398,0.0,0.0,0.0,0.0,0.0,0.16008565730771396,0.11631638008537117,0.1570003427466331,0.0,0.11153238667063595,0.0,0.0,0.0,0.0,0.0,0.0,0.15095193586857483,0.0,0.14513952400864052,0.1344067701423391,0.0,0.0891270504466584,0.0,0.0,0.0,0.15725425842331292,0.0,0.0,0.16336630061364438,0.0,0.0,0.10465505998756452,0.0,0.11914320475328702,0.0,0.0,0.0,0.0,0.0,0.0,0.1007863902605567,0.0,0.0,0.0,0.17331453694024654,0.0,0.0,0.14131859070096273,0.0,0.12746837454155677,0.0,0.15394092818517324,0.12572588634256748,0.0,0.0,0.0,0.0,0.0,0.0,0.0,0.1395884345600641,0.0,0.11784512793980172,0.0,0.12114048376718824,0.0,0.125590665380983,0.0,0.0,0.0,0.0,0.15899811409143522,0.0,0.11708051270648588,0.0,0.0,0.0,0.0,0.14670755663834817,0.0,0.0,0.0,0.16274601342916226,0.0,0.13646544028220847,0.0,0.0,0.14574095532307324,0.0,0.0,0.13245830267489894,0.0,0.1482482719147193,0.0,0.14147886050145958,0.0,0.14260123474831723,0.1685478809405671,0.0,0.08954578494791623,0.0,0.0,0.0,0.12481989409642945,0.14748402389920443,0.0,0.0,0.0,0.0,0.14958036065119437,0.16593406487361212,0.0,0.15603794759590744,0.0,0.1631744404707528,0.0,0.0,0.0,0.0,0.0,0.0,0.0,0.0,0.0,0.11918123680906081,0.17175235400819075,0.09980874392232036,0.0,0.0,0.0,0.0,0.12112602159235288,0.13152351521569453,0.0,0.0,0.1264810787324011,0.0,0.0,0.127036496989634,0.0,0.0,0.0,0.15229031145245606,0.11875279172368344,0.1470214556173958,0.0,0.15529884773728364,0.18783850021486245,0.13054426435083952,0.0,0.0,0.16191570411676784,0.0,0.0,0.0,0.10874828951260507,0.0,0.0,0.12599978751391214,0.08395230888128527,0.0,0.0,0.12440172832402592,0.0,0.0,0.0,0.10479285569729296,0.11947097738735148,0.14083036013890973,0.0,0.12338658809243354,0.0,0.0,0.0,0.08737423474079657,0.13608975238362628,0.0,0.0,0.0,0.0,0.0,0.08850023556512676,0.0,0.0,0.0,0.159602132401536,0.15349338045717542,0.0,0.18296894099300826,0.0,0.0,0.14491791998324297,0.0,0.0,0.0,0.0,0.0,0.14518399219060923,0.0,0.11008138899194696,0.0,0.13632651277608132,0.15219395904270966,0.13185400580362808,0.0970483785100313,0.17461172144618942,0.0,0.0,0.0,0.10243013871443861,0.15463283898396252,0.0,0.0,0.13827811862976586,0.14422952716832257,0.11969351711978167,0.0,0.1526674861333633,0.0,0.0,0.16252345343308022,0.12619781761882845,0.09669063117661764,0.0,0.13935908464084187,0.0,0.0,0.0,0.10354840237602601,0.13201579906176336,0.0,0.0,0.0,0.0,0.0,0.0,0.14795953753752814,0.0,0.0,0.0,0.0,0.0,0.0,0.0,0.09367890350386104,0.13295177927835874,0.11358971919519643,0.0,0.09949702748731853,0.0,0.06462467848628965,0.0,0.0,0.14289635897937228,0.0,0.10783361650835468,0.12632414354729518,0.12525636558723915,0.0,0.1281630860714386,0.14478084607444758,0.13127916310608628,0.10493707480630754,0.0,0.0,0.16867866818713084,0.0,0.0,0.0,0.0,0.1556253917359149,0.0,0.0,0.0,0.0,0.0,0.1327409683941463,0.0,0.10034438989975647,0.0,0.0,0.0,0.0,0.11760031982494905,0.0,0.13348884579669953,0.0,0.0,0.0,0.0,0.0,0.0,0.0,0.0,0.0,0.0,0.1247077558977375,0.0,0.0,0.0,0.0,0.0,0.09329246617296695,0.10824367090222732,0.12874006480963585,0.0,0.0,0.0,0.09462249366612685,0.0,0.0,0.0,0.0,0.10615851566515834,0.0,0.08124578180730686,0.0,0.0,0.17087596977416594,0.0,0.1293415424147773,0.0,0.12123541222874655,0.0,0.0,0.0,0.15980030929118835,0.0,0.15151135578267164,0.11823019086493931,0.0,0.11289118752598289,0.0,0.11412650029164306,0.0,0.0,0.0,0.0,0.15968787196010234,0.0,0.0,0.1326455619925952,0.15142848357150357,0.0,0.0,0.0,0.12993573108699966,0.10552741708386217,0.1269687865736081,0.16121870162497917,0.10678923838564551,0.0,0.16204971782352787,0.15300101203179095,0.10762367499076758,0.0,0.0,0.13598447522912477,0.0,0.0,0.0,0.0,0.1476517825639928,0.0,0.14954665934370331,0.0,0.0,0.0,0.0,0.0,0.0,0.0,0.0,0.0,0.1809828150662238,0.0,0.0,0.14460237346583216,0.0,0.0,0.0,0.0,0.0,0.082499089385744,0.11821508774969305,0.0,0.13060103216927724,0.0,0.0,0.0,0.12926482698749103,0.0,0.0,0.0,0.12680152807158931,0.0,0.11379814954573826,0.13633947344644687,0.0,0.1598715310725345,0.0,0.12241297963547536,0.0,0.0,0.0,0.0,0.0,0.0,0.0,0.12200403569747119,0.15763205291128335,0.0,0.0,0.11075547045284082,0.0,0.0818192647192503,0.0,0.0,0.1249657394227401,0.0,0.0,0.1591073818032039,0.0,0.0,0.0,0.0,0.0,0.0,0.0,0.07471375042826348,0.12152180800884728,0.0,0.0,0.0,0.0,0.0,0.11564485223539109,0.0,0.0,0.12536276916032718,0.0,0.05565319426473693,0.0,0.0,0.0,0.0,0.0,0.0,0.0,0.0,0.0,0.0,0.0,0.0,0.06826601752802511,0.0,0.168800867741393,0.0,0.13526330044336013,0.11683518995136073,0.14190270804735042,0.10022847082899031,0.1005295139825934,0.0,0.0,0.0,0.0
0.0,0.0,0.0,0.0,0.0,0.6135583992370226,0.0,0.0,0.6147963880167174,0.0,0.0,0.0,0.0,0.0,0.6232382157471236,0.6732356528698042,0.0,0.0,0.6472735906647148,0.0,0.0,0.6353661782943444,0.6140314563912415,0.0,0.0,0.0,0.0,0.6060254011285322,0.0,0.6322258134006902,0.0,0.0,0.0,0.0,0.6210823919152151,0.0,0.0,0.0,0.670920438459116,0.0,0.0,0.0,0.0,0.0,0.6416781182890212,0.0,0.6004567395074979,0.640224339908246,0.6359618522120131,0.6272359244956995,0.0,0.661217964897478,0.6252321411407239,0.6175421832275357,0.0,0.0,0.0,0.6308672449810949,0.0,0.6245278090230902,0.0,0.0,0.0,0.6431078282051151,0.0,0.0,0.5922266754982812,0.0,0.0,0.0,0.0,0.0,0.0,0.0,0.6138603696599825,0.0,0.618230383137257,0.0,0.625890113375465,0.0,0.6536811260210501,0.0,0.0,0.6463975848474038,0.0,0.0,0.6533694571801778,0.0,0.6288052460635635,0.6205718991023722,0.0,0.0,0.6539986503741749,0.0,0.0,0.0,0.0,0.6126712142921928,0.0,0.6574824379406131,0.0,0.6196230146935774,0.5963352841767002,0.625952484865103,0.0,0.6263950073320513,0.0,0.0,0.6254851287903105,0.5940508093881172,0.6613989158043998,0.6150946621302746,0.6095124255268269,0.0,0.6383222988491443,0.0,0.0,0.0,0.6046754980573756,0.0,0.6018061054638151,0.6202003177294027,0.6241017511251661,0.6281361592390985,0.0,0.6267344649728123,0.0,0.0,0.6394554186840896,0.0,0.0,0.6334196281914313,0.6614416575796433,0.0,0.6480596518361939,0.6679732208115962,0.6256014825637441,0.0,0.6299641540344433,0.0,0.0,0.0,0.6498905345442968,0.0,0.0,0.0,0.6107413747316158,0.0,0.0,0.6392180140588738,0.5814932641991927,0.0,0.0,0.0,0.6077041795057816,0.0,0.0,0.0,0.6111048459648234,0.5909030165672691,0.0,0.622717972383213,0.0,0.6494264521478577,0.6244667388815553,0.0,0.6155829828805274,0.6286779599000697,0.0,0.6136744616290211,0.0,0.0,0.6553327727020373,0.6187862658390669,0.0,0.6368036528368527,0.6319197572529932,0.5788824225714261,0.0,0.5939257158234914,0.0,0.6478154803788054,0.0,0.0,0.0,0.6507335551839004,0.0,0.0,0.0,0.0,0.0,0.0,0.6368253650860232,0.6221226215498749,0.0,0.0,0.6316945803764217,0.0,0.634965607957773,0.6541206455151997,0.0,0.0,0.6013209986027936,0.0,0.5948558272912577,0.0,0.6082498662572113,0.0,0.6392242488178821,0.0,0.0,0.5887426483090822,0.0,0.0,0.0,0.6053787388761595,0.6304683055420555,0.6142708901633543,0.603859419442972,0.0,0.0,0.6063133068311649,0.0,0.0,0.0,0.6240667083513962,0.0,0.0,0.0,0.0,0.0,0.0,0.0,0.6421406264624083,0.0,0.0,0.6167260987525403,0.0,0.0,0.65000628100909,0.0,0.0,0.6384714296840037,0.6477417973710416,0.6264920318766066,0.6285215212605904,0.0,0.0,0.0,0.6231716280264279,0.6565378166789583,0.6762184405393344,0.0,0.6472839030609251,0.0,0.6198755984662208,0.6396894756736821,0.0,0.0,0.0,0.6288269372004684,0.5883684416575111,0.6408153710685611,0.0,0.0,0.0,0.0,0.6434013651220006,0.637021215838436,0.0,0.0,0.0,0.6550082204839394,0.6539203727553514,0.6290646136361823,0.6217774369416713,0.0,0.0,0.0,0.0,0.0,0.0,0.6189349054038086,0.0,0.0,0.6071339739502045,0.624187475341989,0.6232359746643278,0.6262661646584842,0.0,0.6337911707560905,0.0,0.0,0.0,0.6222708239978413,0.6425399535989638,0.0,0.0,0.6131513132664271,0.0,0.6399887484761866,0.0,0.0,0.0,0.6311338945609601,0.0,0.0,0.0,0.0,0.6069525297157882,0.0,0.6462770961019525,0.0,0.0,0.6105061865228333,0.6200321148975084,0.0,0.6655316500700845,0.6538090377746993,0.6118643954998453,0.0,0.6476021253609927,0.0,0.0,0.6633817458406813,0.0,0.0,0.0,0.0,0.6408682448414045,0.0,0.0,0.0,0.6161205284646629,0.6289280492948954,0.612555035411747,0.0,0.0,0.6570639801277128,0.0,0.5757270418929928,0.645810553047902,0.6292968148566458,0.0,0.0,0.0,0.0,0.6251851756819199,0.0,0.0,0.0,0.0,0.0,0.0,0.0,0.6310812581962413,0.0,0.0,0.6197627785516591,0.6339830475161747,0.0,0.6032344637172717,0.0,0.0,0.0,0.6227726139479874,0.0,0.6491499173368843,0.6193761919822123,0.6068709510102196,0.0,0.0,0.0,0.0,0.6473524293014261,0.0,0.0,0.0,0.0,0.0,0.6293570413501158,0.0,0.0,0.6018893706766081,0.5816548935873361,0.6046287687043969,0.6434330132505903,0.0,0.6287399933759863,0.0,0.0,0.6224749931733489,0.0,0.0,0.6451880442611051,0.615102735410294,0.0,0.6274422330706784,0.0,0.0,0.0,0.6257762218825882,0.0,0.0,0.6203948088125995,0.619567919084369,0.0,0.0,0.6497990929216604,0.0,0.6565162289304182,0.612187545145445,0.6454991735098567,0.0,0.0,0.0,0.0,0.6413025333717808,0.6080922066473433,0.6290393237958601,0.0,0.0,0.6152816878635734,0.6229017110518472,0.0,0.6636383465267663,0.6156013981914855,0.0,0.0,0.0,0.0,0.0,0.5968157533806949,0.0,0.0,0.0,0.6186265955390569,0.0,0.6095359662708741,0.6205479218721751,0.0,0.0,0.0,0.0,0.6504968274700966,0.0,0.0,0.0,0.6191282687230282,0.0,0.0,0.0,0.0,0.0,0.0,0.0,0.0,0.0,0.0,0.0,0.0,0.598103359455201,0.0,0.6393921701630434,0.5830770444654495,0.0,0.6425164995611705,0.6510325569411922,0.6098922145383231,0.6214076430618605,0.0,0.6180348862167873,0.0,0.6371529435704664,0.0,0.6518208633602111,0.6295413261345543,0.6495378473791364,0.6264974526652834,0.6137899406067425,0.0,0.0,0.0,0.6186496237855144,0.0,0.6350814880723212,0.0,0.0,0.6202749193574553,0.0,0.0,0.6476559980443582,0.0,0.6010372200237634,0.6251701760383305,0.0,0.6101707519132482,0.0,0.638042536984679,0.0,0.0,0.0,0.6327334772390999,0.0,0.0,0.6092684791487969,0.0,0.0,0.6120884657421943,0.0,0.0,0.0,0.0,0.0,0.0,0.0,0.0,0.0,0.0,0.0,0.0,0.6058892621558671,0.6084013747232525,0.6126387972063958,0.6620064850067375,0.6233223122943968,0.0,0.0,0.0,0.0,0.0,0.6184590878667435,0.6361490267464895,0.0,0.0,0.0,0.0,0.0,0.0,0.0,0.0,0.0,0.0,0.6128928153505793,0.0,0.0,0.6460056561963445,0.6385940550597138,0.630549877442713,0.0,0.0,0.0,0.0,0.6309426774438879,0.6345272722108044,0.0,0.0,0.6533014906413956,0.0,0.6180354299630565,0.0,0.0,0.0,0.0,0.6120475759325237,0.654730300967034,0.0,0.6345288921621901,0.6328389548981833,0.0,0.0,0.6371736966645283,0.0,0.6115245846828983,0.0,0.624072107059321,0.0,0.0,0.0,0.0,0.0,0.0,0.0,0.0,0.0,0.0,0.0,0.6386594259385375,0.0,0.0,0.6332119149192548,0.0,0.0,0.0,0.6365071868344748,0.6135207535754903,0.0,0.0,0.0,0.0,0.0,0.630998372461749,0.0,0.5915220328035653,0.0,0.0,0.0,0.0,0.0,0.0,0.0,0.6390837607852965,0.0,0.6561080486979872,0.641777445482938,0.0,0.0,0.0,0.6707500953878126,0.0,0.0,0.0,0.0,0.660106973218062,0.0,0.6213010495705065,0.0,0.0,0.0,0.0,0.0,0.0,0.5948363919151568,0.639800269586496,0.0,0.0,0.0,0.0,0.6325801736866035,0.0,0.6246824800403452,0.0,0.0,0.0,0.0,0.0,0.0,0.0,0.5721984782062227,0.0,0.0,0.0,0.0,0.0,0.628503747358477,0.0,0.0,0.0,0.0,0.6797773170490877,0.6077206077759839,0.0,0.0,0.0,0.0,0.0,0.0,0.0,0.6499661615030736,0.0,0.6035962094238557,0.6520083062628704,0.0,0.0,0.0,0.0,0.5948116939716696,0.0,0.0,0.0,0.0,0.0,0.5865889229266128,0.0,0.0,0.5970783630545072,0.0,0.6323649821429523,0.670854648229495,0.0,0.6102012073860972,0.0,0.6163467508547898,0.0,0.6268117217772508,0.0,0.5950553825223983,0.0,0.0,0.0,0.6226575539381198,0.0,0.6197278134814347,0.0,0.0,0.6487368313435313,0.0,0.6206404848780842,0.6288068647552975,0.0,0.6264480839581331,0.0,0.0,0.0,0.6152376721486585,0.6398147986217209,0.0,0.6650985840609859,0.0,0.0,0.0,0.0,0.0,0.0,0.0,0.0,0.0,0.0,0.6170089648104753,0.6060652742775586,0.0,0.0,0.6373345606845393,0.0,0.0,0.0,0.6165725592514845,0.6326677664473132,0.0,0.0,0.6490565200240279,0.0,0.0,0.0,0.0,0.0,0.0,0.0,0.6287119547959805,0.622930052048195,0.6383043872328841,0.0,0.0,0.0,0.0,0.6391629358760658,0.0,0.0,0.0,0.0,0.0,0.6508877969900417,0.64201747939395,0.0,0.6341845476840124,0.6537946277889858,0.6489165007145988,0.0,0.0,0.0,0.6488193468944693,0.6563093653351648,0.0,0.0,0.0,0.0,0.0,0.6317985308965322,0.0,0.6358136397382116,0.6176567266028111,0.6458520551884851,0.0,0.6387482593281877,0.0,0.0,0.0,0.0,0.6287237818830571,0.0,0.6480175631257126,0.0,0.0,0.0,0.0,0.6271580938327734,0.6099252150531634,0.6381690161114288,0.0,0.0,0.0,0.0,0.6093764330583024,0.0,0.0,0.0,0.0,0.6248144081624768,0.0,0.0,0.0,0.5890273397372262,0.0,0.0,0.0,0.5996658409654815,0.0,0.0,0.6169578347281853,0.0,0.5508440780877604,0.0,0.0,0.0,0.6477593556465749,0.0,0.0,0.0,0.6536985344497945,0.6483258390217623,0.0,0.6679666699236898,0.0,0.0,0.6303119330608398,0.618689593763323,0.0,0.0,0.6166947564255705,0.0,0.0,0.6090084849998126,0.0,0.0,0.0,0.0,0.6364396709348686,0.0,0.606885222833211,0.6397588545603893,0.6406790450972906,0.0,0.6326084897499387,0.0,0.0,0.6283707219782394,0.6480207497756786,0.0,0.0,0.0,0.0,0.0,0.6330770772006088,0.0,0.6011292340210685,0.0,0.6482886560542758,0.6452290581654216,0.6252338770595703,0.0,0.6513153586880299,0.0,0.0,0.6271920464487646,0.6598656170496338,0.0,0.6472002045692019,0.0,0.0,0.6395680745853067,0.6409893639665665,0.6491578715149328,0.0,0.6611614501742251,0.6592703982874522,0.0,0.0,0.6140512263307487,0.0,0.0,0.0,0.0,0.6466023206671507,0.6430106467451338,0.6108239965819434,0.0,0.0,0.0,0.0,0.0,0.0,0.0,0.6387629232096229,0.6315032903969906,0.0,0.0,0.6098007314463022,0.0,0.0,0.0,0.0,0.0,0.0,0.0,0.0,0.6231175448152865,0.6685442319558197,0.0,0.6335989789672684,0.0,0.6122492324288541,0.0,0.6493920148798308,0.6345003135131407,0.626258398614724,0.0,0.0,0.6497645100017141,0.0,0.0,0.0,0.0,0.6184130312269627,0.0,0.5979737396459419,0.0,0.0,0.0,0.6552052828525524,0.0,0.0,0.0,0.5798879506015031,0.0,0.6302542354021576,0.0,0.0,0.0,0.6345861227100735,0.6164239094395436,0.6133820746812698,0.6554166930164211,0.0,0.0,0.0,0.0,0.0,0.0,0.0,0.5955392535942717,0.0,0.0,0.6255207606852438,0.0,0.6119657301392334,0.6500060929861553,0.0,0.0,0.0,0.0,0.0,0.0,0.6115535110782503,0.6239812606778391,0.6191111482296586,0.6368550060226181,0.0,0.6473802202662491,0.0,0.0,0.0,0.6192582530337982,0.0,0.0,0.0,0.0,0.5870330295058142,0.6366626665183202,0.6579895752645396,0.0,0.6257201736443015,0.0,0.6542338816979116,0.0,0.6400284902155873,0.6075280561987279,0.6636739867332486,0.0,0.5810415074409845,0.6138924023665487
0.0,0.0,0.0,0.0,0.0,0.0,0.04617896544791933,0.0,0.0,0.0,0.0,0.07249829666062407,0.0,0.08672643252003574,0.0,0.0,0.030708885279487782,0.0,0.0,0.0,0.0,0.023124315682379555,0.0,0.0,0.0,0.0,0.06616165186502491,0.0,0.058062535363683505,0.05334902530482642,0.0,0.0,0.0,0.03351104354093712,0.006583168534025749,0.0,0.0,0.021554476378691102,0.0,0.0,0.0,0.0,0.0,0.0,0.02018443423310684,0.03189832919623353,0.0,0.0,0.03636790830582285,0.0,0.0,0.0,0.0,0.0,0.0042168392877427446,0.0,0.0,0.03209927327570417,0.028992890792253808,0.0,0.060445073520039756,0.06573883022668539,0.0,0.02652671529981418,0.04567247463536014,0.05308229121086441,0.0,0.0,0.0,0.06445844623731548,0.0,0.0,0.0,0.0,0.02054087617383964,0.0,0.03790015145132811,0.0,0.0,0.0,0.03250896452817025,0.03600805616493016,0.0,0.05004937343480532,0.0,0.0,0.014552541612044983,0.0,0.0,0.0,0.02096354400183879,0.0,0.01860721259753654,0.049786612762427206,0.0,0.0,0.05008589656506848,0.01032064882846171,0.0,0.0,0.05855180409180062,0.049378530751057505,0.017968616054762902,0.0,0.06123656518388672,0.044142018901666,0.0,0.0,0.037040789409991885,0.0,0.0,0.0,0.0,0.06413644732187264,0.013301802059467394,0.013169809831740917,0.043295276605644493,0.0,0.0,0.0,0.006615410167550075,0.008251293668545597,0.013123482430902885,0.0,0.0,0.07582062831996655,0.0,0.0,0.0,0.0,0.06642862393969894,0.07624391493420993,0.0,0.0,0.0,0.0024320345201580868,0.026677147760115868,0.0,0.04400656879623137,0.08164509353861221,0.0,0.04072239393577602,0.026241546462379636,0.0,0.0,0.0,0.0,0.0,0.0,0.0,0.00885252933281306,0.0,0.0,0.0,0.045276568755273604,0.049720586445073184,0.0,0.0,0.0,0.0,0.004270183977399091,0.013646615789849577,0.005455418003156671,0.0,0.0,0.0,0.005538587585558837,0.028635873749369378,0.0,0.0,0.0,0.062104667223353484,0.0,0.0,0.0,0.0,0.0,0.0,0.0,0.0,0.0,0.05952145296542609,0.0,0.04827145747969015,0.0,0.01335082195166384,0.010164228088826414,0.0,0.0,0.0,0.02779348380477907,0.030639206714691426,0.017449364034943564,0.0,0.0,0.014872215406358578,0.0,0.0,0.0,0.0,0.04555331706931016,0.0,0.0,0.0,0.028912218591059257,0.0,0.04549655308818832,0.0,0.028525718547183027,0.06278631402552726,0.0,0.0,0.0,0.0,0.0,0.0,0.0,0.021101548021737308,0.0,0.02440348615464189,0.0,0.0,0.0,0.0,0.0,0.06416641330690645,0.04144341104388715,0.0,0.06253270217584408,0.0,0.04642218515409592,0.0,0.0,0.07765830100181782,0.03195465751441906,0.0,0.026726342806577923,0.0,0.04542789145030955,0.041213238804208865,0.03166136345208657,0.06210490716096939,0.0,0.008076875819687024,0.0,0.05129486773533943,0.0,0.020885811826944864,0.0,0.03330142774872955,0.0,0.0,0.0,0.06240250158035893,0.05398085276832624,0.0,0.0,0.0,0.0,0.019466614756887823,0.06411716130883345,0.0,0.0,0.031931187637814704,0.0,0.044841462545348335,0.0,0.0503235824160234,0.0,0.0,0.0,0.04070812301684178,0.0,0.0,0.016721934227116538,0.0,0.0,0.06509790992866826,0.0,0.0,0.0,0.0,0.0,0.0,0.03019063387872888,0.0,0.0,0.0,0.024636133058032347,0.0,0.0,0.0453556735609309,0.0,0.009995492572717016,0.0,0.0,0.0,0.0,0.0,0.028013102761494123,0.02089970767124904,0.0,0.0,0.06297737694354656,0.0,0.1043858680008553,0.0,0.0,0.053523551438825506,0.009186804280241417,0.0,0.05226549754219489,0.0,0.0,0.0,0.0,0.0,0.0,0.017867727796888687,0.0,0.0,0.0,0.0,0.052815108709475235,0.0,0.0,0.0,0.0,0.020900625519870104,0.0,0.0,0.03952144394819725,0.0,0.013351823690620032,0.0,0.0,0.05445942279672902,0.0,0.03901265452493982,0.047788102424983915,0.0,0.029863168959099066,0.0,0.0,0.0,0.0,0.0,0.0,0.035573980155348475,0.028518885093434105,0.0,0.027390917106653992,0.0,0.0,0.02217586917081118,0.0,0.0,0.0,0.0,0.0,0.0,0.025675952569942324,0.058011547206226165,0.05170824600577667,0.0,0.017855247941209906,0.05217383211992733,0.0,0.0,0.04321715796874691,0.0,0.04607048998673632,0.0,0.0,0.0,0.0,0.01059080644045941,0.0,0.0,0.0,0.0,0.0,0.0,0.0,0.0,0.011572011283886676,0.003367902947889671,0.05446860709412647,0.0,0.0,0.0,0.0,0.0,0.0,0.0,0.0,0.0,0.05844349248918027,0.0,0.0,0.03878015087673713,0.0,0.006716042685652648,0.0,0.0,0.0,0.0,0.0,0.03973161269652082,0.0,0.0,0.0,0.0,0.056611965485155714,0.03319237809445489,0.056280379662408384,0.02451148039112408,0.04995341540462558,0.0,0.0,0.0,0.0,0.021022858273862396,0.0,0.03662579477777902,0.0,0.0,0.0,0.0,0.0,0.0,0.0,0.0,0.04068924836393368,0.0,0.0,0.014935709277282664,0.04283482212448764,0.052974186825178966,0.0,0.0,0.04340328908461036,0.07981365282735053,0.0,0.05300079885379396,0.0,0.0,0.0,0.0,0.0,0.06694844989439759,0.0,0.0,0.0,0.0,0.007816141516701148,0.0,0.0,0.0,0.0,0.0027596340764884254,0.05706154326219782,0.0,0.0,0.01158657313826752,0.0,0.049778406470643514,0.0,0.0,0.005657255207238565,0.0,0.0,0.0,0.0,0.0,0.01965381184509033,0.014628328772741851,0.0,0.029123796932455353,0.008149392222980141,0.00994959221571308,0.0,0.0,0.008075944610131792,0.01312903895258626,0.0,0.0,0.0,0.05587933696033161,0.0,0.0,0.0,0.0,0.0,0.0013491156377888128,0.04829148224101675,0.0,0.0,0.0,0.028124618073752817,0.015928326505444592,0.014570238369163185,0.028322065617871477,0.05822142638379571,0.0,0.0,0.0,0.019279532035196965,0.019850982636796757,0.0,0.03964555021612357,0.0,0.0,0.035100650121781374,0.0,0.03111599194883024,0.0,0.0,0.0,0.0,0.06606484549483213,0.0,0.07831821813342901,0.0,0.009110304878634103,0.0,0.0,0.06088539482946789,0.04148335658261712,0.0,0.0,0.0,0.031802036096861,0.0,0.03034067464601437,0.08048309880738937,0.0,0.0,0.0344691593263924,0.056200956955593864,0.0,0.025435536639850286,0.07155932592202945,0.0,0.04753430224344608,0.0,0.0,0.027119795531507725,0.0,0.0,0.0,0.0,0.0,0.0247091849730837,0.0,0.0,0.0,0.0,0.0,0.07370262660575565,0.0,0.0,0.0,0.0,0.0,0.0,0.04640039308080983,0.04212339674169607,0.018762980576404166,0.01962979587729058,0.0,0.0,0.0,0.0,0.004934454616810207,0.0,0.0,0.0,0.0,0.004672642865539992,0.0,0.0,0.06741577966160432,0.0030583510337297724,0.02299048250098257,0.0,0.0,0.0,0.0,0.03732740689443211,0.03390627658397424,0.0,0.0,0.0,0.0,0.03176546663569042,0.0,0.00015366196478589248,0.0,0.0,0.03714250151485733,0.044129155312273946,0.04527760583104113,0.0,0.0,0.02942404696758088,0.0,0.0,0.0,0.0,0.0,0.028189487266794957,0.0,0.0,0.0,0.026457313214883052,0.0,0.0,0.0007821030276723163,0.0,0.0,0.0,0.0,0.031313393000033926,0.0533664301626018,0.0124075487157166,0.0,0.07455735953156276,0.05889081214887942,0.0,0.0,0.0,0.01521940935523415,0.0,0.0,0.0,0.0,0.0,0.0,0.0,0.0,0.0,0.0,0.0,0.0,0.0,0.0,0.036137451127022144,0.0,0.0,0.0,0.0,0.0,0.0,0.0,0.0,0.0,0.010310508536101071,0.0,0.0,0.009782898826201633,0.0,0.0,0.04253402424805344,0.0,0.042760945523684396,0.0,0.0,0.04182575777948497,0.0,0.0,0.0,0.0,0.0,0.009483059027122872,0.0,0.0,0.0,0.006150588422568522,0.0,0.0,0.0,0.0,0.0,0.06668180729728208,0.0,0.024840346959808288,0.0,0.0,0.0,0.0,0.054028600712083194,0.046061171807020906,0.0,0.0,0.011973288586955944,0.0,0.0,0.056778293362622204,0.0,0.0,0.0,0.0,0.0,0.0,0.041037601282603565,0.0,0.0,0.0,0.0,0.025320057973781177,0.0,0.0,0.0704902622847526,0.00023380386694077523,0.037354472219428864,0.0,0.0415202103467504,0.08275595815974233,0.0,0.02352434072755649,0.0,0.020256730390805715,0.0,0.06296184579153119,0.0,0.07187596973797898,0.03897022045670374,0.0,0.0,0.022685635091823534,0.04194946352980812,0.009730551910672626,0.0,0.06676395579267784,0.02499908909928581,0.0,0.014205152328720062,0.0,0.04754467228368675,0.004173612209751324,0.0,0.02857626626159656,0.0,0.010534235740671093,0.07340852747922819,0.0,0.016736826730658995,0.0,0.046497415492484706,0.0,0.0,0.025473987374017893,0.0,0.0,0.0441365123109356,0.0,0.02065904399082688,0.0,0.0,0.0,0.02280686266333604,0.06345761274783678,0.0,0.024655434693915772,0.0,0.014254802331461114,0.038539762574051575,0.07580135573388314,0.0,0.0,0.056304102462336046,0.0,0.019046313889639732,0.0,0.04718964878615194,0.07159606098221467,0.020389585234938955,0.0453259678815905,0.0,0.0,0.0,0.0,0.0,0.0,0.06612183363358902,0.0,0.0,0.03516300003767895,0.0518272826074935,0.05859258770203987,0.051237031282065235,0.03130190981781,0.05685310017673344,0.029372147041661537,0.0,0.0,0.07073986935282134,0.0,0.0,0.0,0.0,0.0,0.047629157984547144,0.0,0.0,0.057134258101698844,0.0,0.0,0.04994527554105191,0.0,0.0,0.011249415125565428,0.0,0.0,0.03503285526752076,0.037672818676869876,0.0,0.0,0.0,0.0,0.0,0.0,0.0,0.009868898159451758,0.0,0.04472099412660737,0.0,0.013986852682231023,0.0,0.0,0.013761895803503673,0.0,0.0,0.0,0.0,0.012433347552075506,0.060149767246978764,0.0,0.0,0.0,0.0,0.0,0.0,0.0,0.0,0.0,0.0,0.05200894597388179,0.0,0.0,0.0,0.0,0.0461207704818812,0.0,0.0,0.01227644267755058,0.0,0.02773135909314818,0.0,0.046462950469575014,0.0,0.0,0.0,0.016237989745411623,0.0,0.0,0.0,0.0,0.06578093165815599,0.0,0.0,0.003835753569917592,0.0287710242436236,0.0,0.0,0.0,0.0,0.0,0.0,0.0,0.0,0.0,0.0,0.0,0.034200061978222826,0.007901613121973758,0.0,0.0,0.07829415789697997,0.03690914959586461,0.0,0.0,0.0,0.013286033176843594,0.0,0.0,0.0,0.03415053617029233,0.0,0.05399102992224622,0.0,0.0765469675118299,0.0,0.0,0.0,0.03776439157581161,0.0,0.048595433887884086,0.0,0.007583812839037025,0.0,0.0,0.0,0.021435516252423858,0.03692021906148214,0.0,0.05739888236359906,0.029211067705133615,0.04249041318623019,0.0,0.0,0.0,0.0,0.006325522191026213,0.0,0.0,0.0,0.0,0.0,0.0,0.0168136812886544,0.040031189260026946,0.0,0.0,0.0,0.0627713509664865,0.0,0.0,0.0,0.0,0.06563706874033699,0.0,0.04480068079596134,0.0,0.0,0.0,0.0,0.0,0.0,0.0,0.0,0.0,0.0,0.019128440757113355,0.02019548332002745,0.06080303213722998,0.06094930285819899,0.0,0.010142804380590573,0.0,0.06711412579689949,0.03297290272444486,0.014112743301795252,0.033810292583581196,0.0,0.0,0.0630710360281211,0.0717665020702532,0.0,0.0,0.0,0.023754779866252414,0.0,0.0,0.0,0.0,0.015177752921710391,0.0,0.044786630585826756,0.024695964170493315,0.017710526166299412,0.0838019060419581,0.0,0.0,0.020902927954259354,0.047062233486186794,0.0,0.03781435452261182,0.0,0.0,0.0,0.0,0.06716981932560413,0.014711495566532142,0.0,0.0,0.0,0.0,0.053743821588550386
0.0,0.0,0.0,0.0,0.0,0.5429705255425993,0.0,0.0,0.5518690274770769,0.0,0.53765768771112,0.0,0.0,0.5499225710963095,0.5261187709854923,0.5057128086589536,0.0,0.0,0.5325052420896763,0.0,0.5026104670903789,0.0,0.513014394403601,0.0,0.0,0.0,0.0,0.0,0.0,0.0,0.0,0.0,0.5343245629347161,0.525906674741014,0.5010369882688764,0.0,0.0,0.5764487657489891,0.0,0.0,0.0,0.5211492464675473,0.5055826667763978,0.5501413598989529,0.0,0.5256496044820814,0.5603464840248141,0.0,0.5153221161394282,0.0,0.5375535758675211,0.0,0.5359554531978976,0.5400671138101529,0.5128726331886345,0.5197306525118242,0.0,0.545756327945758,0.49872486870602756,0.5325492615299091,0.0,0.0,0.0,0.530533560872393,0.0,0.5204700409816316,0.0,0.0,0.5331505025518901,0.0,0.5220344980328732,0.0,0.4950604028424597,0.0,0.0,0.0,0.0,0.5031269720326045,0.0,0.0,0.5188834822964956,0.0,0.0,0.5248466157100274,0.0,0.0,0.0,0.5298612425970204,0.5096265750457631,0.5410253254662791,0.0,0.5487485986328178,0.0,0.0,0.0,0.0,0.0,0.0,0.0,0.5332997994133765,0.52933563432392,0.0,0.0,0.0,0.5345746443700836,0.5123577373916073,0.5337968148536077,0.5409859949932241,0.5094306307082254,0.0,0.5151789406830365,0.0,0.0,0.0,0.5030642735582369,0.49334186643632544,0.0,0.48189548524794074,0.5245276808508963,0.0,0.5033972953577331,0.0,0.5128454537833682,0.5258122843491859,0.5163580049284656,0.0,0.0,0.0,0.0,0.0,0.5309632696844108,0.0,0.5197044525475696,0.5481459833520967,0.0,0.0,0.5492398338634088,0.5112651838170064,0.0,0.5450157349313136,0.0,0.5319787894558768,0.0,0.5319280870940076,0.519609048162625,0.0,0.0,0.0,0.0,0.5105316078637399,0.5400093785101552,0.0,0.0,0.0,0.0,0.5556776918759537,0.0,0.0,0.5363090155639404,0.0,0.0,0.5576535013278247,0.5034372705627416,0.0,0.0,0.0,0.0,0.0,0.0,0.0,0.0,0.5395145848361056,0.0,0.0,0.4850908495746038,0.5358409585301659,0.5158806894074883,0.5697481545205824,0.0,0.0,0.5360488199515375,0.0,0.5362624743502106,0.0,0.0,0.0,0.5068037696247599,0.0,0.0,0.0,0.5135000454032977,0.0,0.0,0.0,0.0,0.0,0.0,0.0,0.0,0.0,0.5294926583637735,0.0,0.0,0.0,0.5524227235973543,0.5178596743317793,0.0,0.0,0.5349441055043306,0.0,0.0,0.521209922682569,0.0,0.0,0.0,0.0,0.513408951703258,0.525216210359756,0.0,0.0,0.5708852338416007,0.0,0.0,0.0,0.0,0.5159080448837756,0.506411988930109,0.0,0.0,0.0,0.0,0.0,0.0,0.0,0.0,0.0,0.0,0.5217529221448576,0.0,0.0,0.48837490828560076,0.511799525953807,0.5074794420173262,0.5275475199030499,0.5169090544217033,0.0,0.0,0.5396075300211983,0.0,0.521738055995056,0.0,0.54168835585525,0.49817887008114,0.5213141843371181,0.0,0.0,0.0,0.0,0.0,0.546470654768761,0.5327477624517631,0.5738065187543244,0.5648200421762538,0.5129451082660295,0.5074506282378364,0.5053631088155309,0.0,0.5002112340250534,0.0,0.0,0.5104883321421843,0.5647062578123301,0.0,0.0,0.5241911185162966,0.0,0.0,0.5218025260809053,0.0,0.0,0.5106113246983826,0.0,0.0,0.0,0.5041992435493325,0.0,0.0,0.0,0.0,0.0,0.0,0.0,0.0,0.0,0.0,0.5205371311388672,0.0,0.0,0.0,0.5112128312282115,0.5176578240171388,0.0,0.0,0.0,0.0,0.5231908450545429,0.0,0.0,0.0,0.0,0.0,0.0,0.0,0.0,0.0,0.5525343512334969,0.5153355735638396,0.513599045708106,0.0,0.0,0.5209771850039524,0.5211573045122372,0.0,0.49868076985821974,0.0,0.5376131777427023,0.0,0.0,0.0,0.0,0.0,0.0,0.0,0.5210271794946185,0.0,0.0,0.0,0.0,0.0,0.5308431805008866,0.538443419056594,0.5121777798002903,0.512480625987482,0.5425382598121256,0.0,0.516591761899865,0.572822901833654,0.55309915386298,0.5386018776393542,0.0,0.0,0.0,0.5288760758126083,0.0,0.5073216872337386,0.0,0.0,0.0,0.0,0.5491026671356651,0.0,0.0,0.0,0.0,0.0,0.0,0.519009741605333,0.5223264604564203,0.0,0.5098501662215345,0.0,0.49709463443284324,0.0,0.0,0.0,0.48860594264335616,0.5403588033694641,0.0,0.0,0.0,0.4850693784492752,0.0,0.0,0.0,0.52797964802511,0.5239259798904572,0.48808142136932076,0.0,0.0,0.0,0.0,0.0,0.0,0.0,0.0,0.5226377650731606,0.550646968195969,0.47519202267473487,0.0,0.0,0.0,0.5391112119311428,0.0,0.5394951402356665,0.5399313746356885,0.0,0.0,0.0,0.0,0.0,0.4850214441513775,0.5061197445130203,0.0,0.0,0.0,0.5128472753619362,0.5306804858288889,0.0,0.514571492997543,0.0,0.0,0.0,0.5577994212390969,0.5054254817821877,0.0,0.5311853466287397,0.4905184786707747,0.5049677282193082,0.0,0.5076398974049057,0.5216361737840651,0.0,0.0,0.0,0.0,0.0,0.5285554933006265,0.0,0.5015834945792386,0.0,0.0,0.0,0.5409974505370019,0.0,0.0,0.0,0.0,0.0,0.0,0.0,0.5326006418866093,0.5180432097570495,0.0,0.0,0.0,0.5464152419730962,0.4750499189951777,0.0,0.0,0.0,0.0,0.5223737766166003,0.518614667627519,0.5163696600299147,0.5323423751345137,0.0,0.0,0.5211220202884709,0.5352984601315502,0.0,0.0,0.5111031799831727,0.0,0.49579068744272187,0.5217719436049817,0.0,0.0,0.0,0.5346755986671451,0.0,0.5137423782910363,0.0,0.0,0.5262128398725734,0.5507287716324037,0.0,0.0,0.0,0.0,0.48029994226352235,0.0,0.0,0.0,0.0,0.0,0.0,0.49444046572424416,0.0,0.49992525256241416,0.0,0.5148752169662902,0.517521172806249,0.0,0.5116211445125376,0.0,0.5347338270699495,0.0,0.0,0.5354939616225379,0.0,0.5107227260814279,0.5444584653500611,0.0,0.5423769206384372,0.0,0.0,0.0,0.0,0.0,0.0,0.0,0.522808458556846,0.0,0.0,0.4998736277237461,0.5079518619378914,0.0,0.0,0.5454650110671434,0.0,0.0,0.49007096362440905,0.5040063444219154,0.508500162894824,0.0,0.0,0.5459059528407938,0.0,0.49860817955798986,0.0,0.0,0.5186669854662617,0.0,0.0,0.47851022887478234,0.0,0.5479236712962562,0.47605852385334513,0.0,0.0,0.0,0.0,0.0,0.46593717597724266,0.0,0.0,0.0,0.5045862041981891,0.0,0.0,0.49286134470604676,0.0,0.5281797779032292,0.0,0.0,0.0,0.0,0.5055610604594212,0.0,0.0,0.0,0.0,0.0,0.0,0.5213022221978741,0.0,0.0,0.0,0.0,0.5088305729893524,0.0,0.0,0.5622955862244805,0.0,0.5520670397920009,0.0,0.5271492161782102,0.5117692140525504,0.0,0.523251894182409,0.0,0.0,0.0,0.0,0.5177668686073487,0.0,0.0,0.0,0.5251839429842907,0.5024149326560979,0.5114802019909319,0.0,0.5459639368339944,0.0,0.5035960442502398,0.0,0.5286752856781863,0.0,0.0,0.5230227569674963,0.0,0.5359296627975794,0.0,0.0,0.5140064649388211,0.0,0.0,0.0,0.5048992289377613,0.0,0.0,0.5232951344813862,0.0,0.0,0.5297880671964711,0.5400898467387418,0.0,0.0,0.4995533092570812,0.0,0.5052784500633071,0.0,0.0,0.0,0.0,0.0,0.5060979501508897,0.5029058356217556,0.0,0.0,0.5342140481823869,0.0,0.0,0.0,0.0,0.5127173011698963,0.0,0.5454345614322681,0.5372214538264338,0.5402121308562429,0.5162387037870314,0.520467510250877,0.567518006881242,0.0,0.0,0.0,0.0,0.0,0.0,0.0,0.0,0.0,0.5255281279500219,0.49123123119172774,0.0,0.5122548289054146,0.0,0.5258600168900929,0.5067779535880591,0.0,0.0,0.0,0.0,0.0,0.0,0.5564126600810074,0.499144647976274,0.0,0.4794678597159618,0.0,0.5279133063194958,0.489416837766391,0.0,0.0,0.0,0.0,0.0,0.0,0.0,0.0,0.5217688094087539,0.0,0.0,0.0,0.5265837950800458,0.497785897443963,0.5066272536874351,0.0,0.5237830010018912,0.0,0.0,0.4775410946880554,0.5365507424515211,0.536605691152013,0.5043561597478831,0.0,0.5436917958188359,0.5123906679883234,0.0,0.0,0.0,0.0,0.0,0.0,0.0,0.5246045132701089,0.0,0.48740267331243925,0.49258429607093235,0.5445833681506006,0.4997334040889202,0.5212554786258856,0.0,0.0,0.5408059971574544,0.0,0.0,0.50964014637729,0.0,0.0,0.5057293417817891,0.0,0.5280777879272317,0.0,0.5039549605384702,0.0,0.0,0.0,0.0,0.5710632557371905,0.4899374553565392,0.0,0.0,0.0,0.0,0.5171885327894492,0.5209777854132921,0.0,0.0,0.0,0.5253360873482554,0.0,0.0,0.5380694239514712,0.0,0.5078265016040425,0.0,0.0,0.0,0.0,0.0,0.48521125336411625,0.0,0.0,0.0,0.4843996733276093,0.5105171732712305,0.5232272788106126,0.0,0.0,0.0,0.5171387970563922,0.0,0.5074226064500836,0.0,0.0,0.0,0.0,0.5086198520014973,0.0,0.0,0.0,0.0,0.0,0.0,0.0,0.0,0.0,0.0,0.5394810970384165,0.0,0.5468907629554255,0.5228532072264651,0.5533827541330255,0.0,0.0,0.5355262600986171,0.0,0.5467643924909901,0.0,0.0,0.0,0.4711039642314484,0.0,0.0,0.0,0.0,0.0,0.0,0.0,0.5142316221250074,0.5255833671005232,0.4971633588158279,0.0,0.0,0.5341986420605397,0.0,0.0,0.5545909169516102,0.0,0.5817162389354069,0.0,0.0,0.5086054597469731,0.0,0.0,0.4992317023293517,0.0,0.0,0.0,0.5113726969595837,0.5023578431376841,0.0,0.0,0.543948251394007,0.0,0.0,0.0,0.0,0.5308917297222612,0.0,0.5531854222319977,0.5258962523574674,0.0,0.5213833501700744,0.5577628290187797,0.0,0.5145775184039783,0.0,0.0,0.0,0.0,0.5161037601991376,0.0,0.545677813043506,0.0,0.5392171400680441,0.0,0.0,0.5288051746459429,0.0,0.0,0.0,0.0,0.0,0.514448156399643,0.0,0.0,0.0,0.0,0.5196969785037566,0.0,0.4905440205306508,0.0,0.0,0.0,0.5038458371012985,0.0,0.0,0.0,0.526701777482417,0.0,0.0,0.46880118958338957,0.0,0.506192231157901,0.4964218020684206,0.0,0.5198504562739934,0.49631419527214515,0.5666056816914299,0.5125515147388134,0.509269056211971,0.4841970604086675,0.508211784589088,0.0,0.0,0.5211552678167115,0.518363222840785,0.0,0.0,0.0,0.4918580261300556,0.4841792754740647,0.0,0.0,0.0,0.5293230934115097,0.5236050105512792,0.0,0.0,0.5530076180296328,0.0,0.0,0.5339848962319778,0.5316554848424752,0.0,0.0,0.0,0.5278008247269464,0.0,0.0,0.5253362731053758,0.0,0.5360644354398056,0.0,0.49661037685873793,0.544338681238799,0.5334136460863503,0.0,0.0,0.0,0.0,0.0,0.0,0.0,0.0,0.0,0.5049897949219205,0.0,0.0,0.5341474737761143,0.5420326635050953,0.0,0.0,0.5225266605899537,0.5430475626729669,0.0,0.4941165123986561,0.0,0.5098991131778214,0.0,0.5274026630064962,0.5432009168507846,0.5386463471139789,0.0,0.0,0.0,0.0,0.5405666406468665,0.0,0.0,0.5401853061426642,0.0,0.5323467575565706,0.5361993053688836,0.539276195239051,0.5532049078385379,0.0,0.5154263895093217,0.0,0.0,0.0,0.0,0.0,0.0,0.0,0.0,0.0,0.0,0.0,0.5134061980287843,0.5386425212140024,0.0,0.5399388926499298,0.0,0.0,0.0,0.5374412119629424,0.520483066240182,0.0,0.5099550703867808,0.0,0.0,0.5251044411176832,0.5504142530020752,0.0,0.0,0.0,0.0
0.0,0.0,0.0,0.0,0.0,0.0,0.0,0.0,0.7632653660312005,0.0,0.0,0.7119686218712933,0.0,0.7223321084984539,0.0,0.0,0.7721134657417154,0.7147186683125829,0.0,0.0,0.727981890272146,0.0,0.0,0.0,0.7365783305663479,0.0,0.0,0.7414729467351295,0.0,0.7078220575166717,0.6880089793255457,0.0,0.0,0.0,0.776072570416973,0.0,0.0,0.0,0.7137041885086505,0.0,0.7487459347911016,0.0,0.0,0.0,0.7249935702519761,0.0,0.7562366954585961,0.6952512879372631,0.7592552269075272,0.7254991725459325,0.0,0.0,0.7500048966225912,0.0,0.7530332946186191,0.7190253433536934,0.0,0.7484271739110302,0.7076409299928196,0.7685048682741599,0.7454219129950967,0.0,0.7400807101021982,0.0,0.0,0.7266476523771075,0.7665378041629204,0.7356635267011995,0.0,0.0,0.721508924325674,0.0,0.0,0.0,0.0,0.0,0.0,0.7314474986075983,0.0,0.0,0.0,0.0,0.7375968440798336,0.0,0.0,0.0,0.7308215878156318,0.7284763973534771,0.0,0.0,0.7585355395404166,0.7306389120227663,0.7796165299616157,0.6924410165873294,0.0,0.0,0.7095513881433653,0.7432549595055256,0.0,0.0,0.0,0.0,0.0,0.0,0.0,0.7178891528419485,0.0,0.7046969169676774,0.7540545518501435,0.0,0.7530381649949128,0.0,0.7311480270188646,0.0,0.0,0.7356066156862151,0.0,0.0,0.7592462562191127,0.7102066088681955,0.7589545878083177,0.0,0.7212724594852433,0.7485517192821661,0.7201648710527034,0.7253845464898797,0.0,0.0,0.0,0.698438867199491,0.0,0.7319805553851031,0.0,0.7503277274110364,0.0,0.7763923102253366,0.7540225393105479,0.0,0.0,0.7175019866639959,0.0,0.7254987667405622,0.7321942320825886,0.0,0.74157637146333,0.0,0.0,0.0,0.0,0.0,0.7062148147493923,0.0,0.0,0.0,0.0,0.0,0.7095869760852471,0.0,0.7606489573437656,0.7456652541053287,0.0,0.7684605055145008,0.0,0.0,0.0,0.0,0.0,0.7453336810764792,0.0,0.0,0.7276708987725699,0.7509198062218342,0.7139566327031311,0.7553401869397864,0.7343952604790671,0.7260074939122957,0.726284937226152,0.0,0.0,0.0,0.0,0.0,0.0,0.0,0.7500788157999628,0.0,0.6988359633629639,0.0,0.0,0.0,0.7719884144916483,0.6874761280115972,0.7676487789063108,0.0,0.0,0.0,0.7277153709609909,0.7256477727235592,0.7735113570039911,0.0,0.0,0.0,0.7687218948975503,0.0,0.7238465209157768,0.0,0.7560067026563086,0.0,0.757002937542687,0.0,0.0,0.7413675087418367,0.0,0.0,0.0,0.0,0.0,0.0,0.0,0.7468365540581743,0.0,0.0,0.0,0.0,0.0,0.7310214488385184,0.7327742545318905,0.7434443122928333,0.0,0.0,0.0,0.7167136600510888,0.7710593552619363,0.7262819630149073,0.0,0.0,0.0,0.0,0.0,0.0,0.7352875315302612,0.0,0.7316034325179804,0.7689708107550473,0.7437922929275204,0.0,0.7103574990352206,0.7409318615298227,0.0,0.7708084433592769,0.0,0.0,0.0,0.0,0.0,0.7513754581249065,0.0,0.0,0.0,0.0,0.7553412052846518,0.0,0.7516578249772672,0.7253250586626264,0.7257640834232635,0.7562149580610451,0.0,0.0,0.7365647234566077,0.0,0.0,0.0,0.7373530290807514,0.7535574643249054,0.0,0.7646221106551381,0.7666751318071849,0.7090224197196751,0.0,0.0,0.7246377146552054,0.0,0.7370366109845895,0.0,0.7341590017582698,0.0,0.0,0.0,0.7857783872602923,0.0,0.0,0.0,0.0,0.0,0.0,0.0,0.0,0.0,0.0,0.0,0.759880674111235,0.0,0.0,0.0,0.0,0.0,0.7530093759059852,0.0,0.0,0.0,0.0,0.7202694369094205,0.0,0.721310848488676,0.0,0.7549411786678595,0.7548720150225814,0.0,0.761540925898147,0.7285116671326636,0.7436077604756738,0.7490063649570878,0.0,0.7076145314883493,0.0,0.0,0.0,0.0,0.7728857535230872,0.7851101198468151,0.0,0.6948890391813971,0.0,0.0,0.7401793851587101,0.0,0.0,0.0,0.7551563866205077,0.0,0.7523041133404121,0.745070143074959,0.0,0.7433601146246577,0.0,0.7234437358147102,0.0,0.0,0.0,0.0,0.0,0.0,0.0,0.0,0.0,0.0,0.7210649508667317,0.7074416300619967,0.0,0.0,0.0,0.0,0.0,0.7038200831857285,0.0,0.0,0.7428370436075673,0.0,0.7225483227945052,0.0,0.7424960203102647,0.7543723625623364,0.0,0.7376077240785625,0.7145555689915919,0.6743672515976236,0.0,0.7786777314158421,0.0,0.0,0.0,0.720513484327487,0.0,0.0,0.7490912342329373,0.0,0.0,0.0,0.7545662224758093,0.7211764306592935,0.0,0.7304456910923339,0.7561123060378095,0.0,0.7433207531914552,0.0,0.0,0.0,0.0,0.7385476348688118,0.0,0.7509487318942402,0.0,0.0,0.7357520647835044,0.7352336351779458,0.7653203341287015,0.0,0.0,0.7027562540634394,0.7485367854578389,0.0,0.0,0.0,0.0,0.0,0.769660748725369,0.0,0.0,0.7588020252994755,0.0,0.7453489326894154,0.7166413949447281,0.0,0.7339392140977932,0.7490003855024802,0.7210062955240237,0.0,0.0,0.0,0.7431003746901096,0.0,0.0,0.0,0.0,0.0,0.0,0.0,0.0,0.0,0.0,0.0,0.0,0.7342730449182303,0.7750682534177786,0.0,0.7212754529118325,0.0,0.7103610225258232,0.0,0.7296102076155961,0.762021871655831,0.0,0.7505729290389186,0.0,0.7491300817582749,0.6920298333277596,0.7297839112589385,0.7395897921256376,0.0,0.7077451241215814,0.7849895423118421,0.0,0.7084686594881192,0.0,0.0,0.0,0.7872532926527984,0.0,0.7618663936516242,0.0,0.7477657294081483,0.0,0.6923999333378743,0.7365447278149128,0.0,0.7502098920398785,0.0,0.7263001480534922,0.0,0.0,0.0,0.0,0.774654299681246,0.0,0.7281092659025158,0.0,0.0,0.7333002205685032,0.0,0.0,0.0,0.0,0.0,0.7661187949942192,0.0,0.0,0.0,0.0,0.0,0.7540387273346053,0.0,0.0,0.7306260864884503,0.0,0.0,0.0,0.0,0.7456347578049858,0.0,0.0,0.0,0.0,0.7114675670926447,0.0,0.0,0.0,0.7213166570946761,0.0,0.0,0.703106588332607,0.0,0.0,0.7154074737995442,0.0,0.0,0.0,0.0,0.0,0.0,0.0,0.0,0.7676230224716231,0.749768382726095,0.7341763925646975,0.7145575479096599,0.0,0.7342129957595516,0.0,0.0,0.0,0.0,0.7237272621767351,0.0,0.7394742354388848,0.0,0.7629360106255876,0.752097774838382,0.0,0.0,0.0,0.0,0.0,0.746542276153314,0.0,0.0,0.0,0.0,0.0,0.0,0.0,0.0,0.0,0.6959382802846256,0.0,0.7437417836385032,0.7287854492863068,0.7333026651717147,0.0,0.0,0.0,0.0,0.0,0.0,0.7511110912519253,0.7123533065778108,0.0,0.743894898518702,0.0,0.709693078534574,0.7212645195965145,0.0,0.0,0.0,0.0,0.6855911404222641,0.0,0.0,0.0,0.7546265498967045,0.0,0.0,0.0,0.0,0.713657054130556,0.0,0.7379180890713483,0.0,0.0,0.0,0.7504254725614607,0.0,0.0,0.0,0.0,0.0,0.7391455223828377,0.0,0.724782689045562,0.7516198807427003,0.0,0.0,0.0,0.0,0.0,0.7746366526097065,0.0,0.0,0.0,0.0,0.0,0.0,0.7392821586465781,0.7425697168792843,0.0,0.7460392106916323,0.0,0.0,0.7231762504269827,0.7370866515989899,0.0,0.0,0.0,0.0,0.0,0.0,0.7530248398681908,0.7463290249990572,0.7068923722173485,0.7346554891674839,0.0,0.0,0.0,0.0,0.0,0.6958518818259193,0.0,0.0,0.0,0.0,0.7180153375382292,0.7417654745839183,0.0,0.0,0.7292135247272505,0.0,0.0,0.7354483042094346,0.0,0.0,0.7736309788720397,0.0,0.7522507521573644,0.0,0.0,0.0,0.0,0.0,0.0,0.7029718632774948,0.0,0.0,0.0,0.0,0.7436676217007175,0.0,0.7497949734157027,0.0,0.7285091044648154,0.0,0.7291359411496979,0.7504152730968283,0.0,0.0,0.0,0.0,0.7295021801644824,0.7310318528558499,0.7610455574773373,0.7395276330197574,0.0,0.763559002803094,0.7549305588050056,0.0,0.0,0.0,0.743525200582924,0.0,0.0,0.7355238819498995,0.7332780810464119,0.7464485508669334,0.0,0.0,0.0,0.0,0.0,0.7451127029698489,0.0,0.0,0.0,0.0,0.0,0.0,0.0,0.7433946644951949,0.7184117066519984,0.0,0.7106982280432661,0.7272557496356153,0.0,0.7277791463974832,0.7680800369798881,0.7638248728525002,0.7096840005472851,0.0,0.0,0.7122829502297211,0.0,0.0,0.7365842176046482,0.0,0.7703240743251449,0.0,0.0,0.7567960381147595,0.0,0.7131680283736099,0.7314642674619802,0.0,0.7444570692602979,0.7538284631009003,0.7475056701732233,0.7310445297639886,0.0,0.0,0.0,0.0,0.0,0.0,0.7615116973287432,0.0,0.7468669372706933,0.7272284124338443,0.7107045080651748,0.7596486497674277,0.0,0.0,0.0,0.728834491634326,0.0,0.7263845051569517,0.7130305429033559,0.7733816105242595,0.0,0.7668257123317472,0.0,0.0,0.0,0.0,0.0,0.0,0.0,0.0,0.0,0.6723086581425624,0.0,0.0,0.0,0.7401087853872338,0.0,0.6917539759097483,0.0,0.775076271571699,0.0,0.0,0.7149188813524173,0.7036834660727187,0.7322094355252693,0.7733685854344283,0.0,0.0,0.6879986691614524,0.7200535898035256,0.0,0.0,0.0,0.6939147762429038,0.7467555045917583,0.0,0.0,0.0,0.7049667348224322,0.0,0.0,0.0,0.7415101005510737,0.0,0.0,0.7284240238688645,0.7663786359579025,0.7796149186804777,0.7230738607447366,0.0,0.0,0.7526283232664754,0.0,0.0,0.0,0.0,0.0,0.0,0.0,0.0,0.0,0.0,0.726738081169398,0.0,0.0,0.7179138387398829,0.7364513619235666,0.7639355765103225,0.0,0.0,0.0,0.0,0.7197038293462841,0.7488754070126975,0.7164010780301734,0.0,0.0,0.0,0.7626592877424787,0.0,0.7646994465556438,0.7151084313753829,0.6820420202708602,0.0,0.7665231316073283,0.7310943385185186,0.0,0.0,0.0,0.7588617468988754,0.0,0.7126374892963772,0.7616675330216125,0.0,0.7384571620288028,0.0,0.0,0.0,0.0,0.0,0.0,0.7791687348927396,0.0,0.7182232499184446,0.0,0.7456660911189914,0.7250816308573667,0.0,0.7490954261399932,0.0,0.0,0.0,0.0,0.0,0.0,0.0,0.7563028311779106,0.0,0.0,0.720207277425533,0.0,0.0,0.0,0.0,0.0,0.7287049794321144,0.0,0.7382795071500423,0.7185110449094828,0.7356689080451143,0.0,0.0,0.0,0.8001566598422689,0.0,0.0,0.0,0.0,0.7105965682457004,0.0,0.0,0.0,0.0,0.0,0.0,0.0,0.0,0.7334733812085991,0.0,0.0,0.7351376588594483,0.0,0.7865612107588029,0.0,0.0,0.0,0.764479056177805,0.0,0.0,0.0,0.7061715488073089,0.0,0.7381091595844945,0.7988951351062388,0.0,0.7217989884563686,0.0,0.7291029539636403,0.0,0.7717124749791817,0.0,0.0,0.0,0.0,0.73389851742194,0.0,0.0,0.7326710023944788,0.0,0.0,0.0,0.0,0.7482058167778816,0.0,0.7609668042536184,0.0,0.0,0.752508786000975,0.0,0.0,0.0,0.0,0.7535882397023675,0.0,0.0,0.7184070120833036,0.0,0.0,0.0,0.7693031242480655,0.0,0.7279220713565192,0.0,0.0,0.0,0.7222768656220826,0.0,0.7351579192401874,0.0,0.0,0.0,0.0,0.0,0.7614971240426932,0.0,0.7803341253028122,0.7362524294652889,0.0,0.0,0.7368463790742587,0.724910778485796,0.7534681626118268,0.7030668322722151,0.7209978280404871,0.0,0.7481016942993531,0.7529514440719285,0.0,0.7884581448370812,0.7284815678569401,0.0,0.0,0.7796486819506717,0.0,0.0,0.0
0.0,0.0,0.0,0.0,0.0,0.0,0.0,0.0,0.8836812359569306,0.0,0.0,0.8839074795011913,0.0,0.8646275805663469,0.8510915135032162,0.865250876278007,0.8718397856230592,0.0,0.8994415787626223,0.0,0.0,0.879737780513246,0.0,0.0,0.0,0.8928281093194141,0.0,0.0,0.0,0.0,0.8972445690499741,0.0,0.9011901658426086,0.0,0.8493737501550922,0.0,0.0,0.0,0.8685806053959318,0.0,0.9023794171495356,0.0,0.0,0.0,0.9094041503866337,0.0,0.0,0.0,0.9079584254248048,0.0,0.0,0.0,0.0,0.8486765793179956,0.8678516935080498,0.0,0.0,0.0,0.0,0.0,0.8939580143607039,0.0,0.8630404413568037,0.8874218353837259,0.0,0.8751077119249743,0.0,0.8529302902847368,0.0,0.8791313758375233,0.0,0.8961555149333088,0.8983310127368453,0.0,0.0,0.0,0.9022853588017464,0.0,0.0,0.0,0.8789299590542531,0.9044784872308415,0.886101084961485,0.0,0.0,0.9414318760442002,0.0,0.0,0.0,0.8840370278147418,0.8592713421285683,0.906057880272691,0.0,0.0,0.0,0.0,0.0,0.0,0.0,0.0,0.8664276080341952,0.0,0.0,0.0,0.0,0.8681216295668539,0.0,0.9010325758123602,0.0,0.0,0.8755344997661397,0.0,0.0,0.9367280011890604,0.0,0.0,0.8926968634917906,0.9028418211524942,0.0,0.0,0.854869310986333,0.0,0.0,0.0,0.8946630244782846,0.9073895662428378,0.0,0.8768657332665355,0.0,0.8628792170359991,0.9286844706878853,0.8813302381888941,0.8905053957149969,0.0,0.9133460518700929,0.8583196551094834,0.0,0.0,0.9076216761894628,0.0,0.0,0.0,0.8847606369946202,0.0,0.0,0.0,0.0,0.0,0.0,0.0,0.0,0.0,0.8875143385439553,0.0,0.0,0.0,0.9247240620754431,0.8774919047809321,0.8718633624022436,0.0,0.0,0.912126821523898,0.8709192790546316,0.0,0.8378130080280741,0.8781645864028125,0.0,0.8805800457303384,0.0,0.8757484414343665,0.0,0.9014537231976726,0.0,0.0,0.0,0.0,0.0,0.0,0.9041667194335465,0.0,0.0,0.0,0.8801457319598374,0.0,0.9315789155714336,0.0,0.8777613328243566,0.0,0.0,0.9107369863853455,0.0,0.0,0.8913023771087615,0.0,0.0,0.0,0.8747984966952769,0.0,0.8780678452201084,0.9040757913410064,0.9037183572964832,0.0,0.0,0.0,0.0,0.0,0.8701142402294854,0.0,0.0,0.913672374239425,0.0,0.0,0.0,0.0,0.0,0.0,0.9151324422604653,0.8736120672368627,0.0,0.0,0.0,0.9040625629101793,0.0,0.0,0.9038617003128235,0.9054195242232792,0.0,0.0,0.0,0.0,0.8935251186331031,0.0,0.8636367377599483,0.8836693638666103,0.8794711139933235,0.8668446897129226,0.0,0.8708911845212433,0.8993252032320943,0.0,0.8812134445410471,0.0,0.8787776610700666,0.9026299503109221,0.9070279374914538,0.9083651843562558,0.0,0.9107097417444728,0.0,0.0,0.9018799084336959,0.9049688181489038,0.869123775908352,0.0,0.8664947303827357,0.0,0.8906727849739356,0.9195305187336941,0.8700341374232776,0.8595197226023601,0.0,0.8888957376929221,0.0,0.0,0.0,0.0,0.0,0.8962400246892639,0.8665367746903452,0.0,0.8795531976407845,0.8854490574907996,0.916967919362558,0.8433010959482128,0.0,0.0,0.0,0.0,0.0,0.0,0.0,0.8946680581282254,0.0,0.0,0.8954679141534204,0.0,0.8981489204082537,0.8373140320866181,0.0,0.0,0.8898408860858698,0.0,0.0,0.0,0.0,0.0,0.0,0.0,0.0,0.0,0.8603069047359777,0.0,0.0,0.0,0.0,0.9374969278085926,0.8863822173050636,0.0,0.0,0.0,0.8742013838697738,0.0,0.0,0.0,0.0,0.0,0.9073428844767938,0.8765938255106526,0.9117366634318158,0.0,0.866295601323335,0.0,0.0,0.8500002292668163,0.8899254414870343,0.0,0.0,0.0,0.8933297961654114,0.0,0.8655184546602168,0.0,0.0,0.0,0.0,0.0,0.0,0.0,0.0,0.8839388168174568,0.0,0.0,0.914672955308301,0.9209961873739843,0.0,0.0,0.0,0.0,0.0,0.0,0.0,0.0,0.0,0.0,0.0,0.0,0.868715773961782,0.0,0.0,0.0,0.0,0.8590774664100371,0.0,0.8634545491084195,0.0,0.881928231483851,0.0,0.0,0.8955259421591326,0.0,0.0,0.0,0.0,0.0,0.9279881966920952,0.8809190642162803,0.8469908366938005,0.9050268818579439,0.0,0.0,0.0,0.0,0.0,0.0,0.0,0.879776368756779,0.8467699906099299,0.0,0.883054618657012,0.8923166281830194,0.0,0.0,0.8866987773968331,0.0,0.8807545133619915,0.8706425848367293,0.0,0.0,0.0,0.0,0.0,0.0,0.0,0.8870134671736316,0.858543204571469,0.0,0.0,0.8880409832210344,0.0,0.0,0.863321928591898,0.0,0.8993583042127992,0.8805535292106522,0.0,0.0,0.9028807906900915,0.0,0.0,0.8179782163547796,0.0,0.0,0.0,0.0,0.0,0.0,0.8726483440643897,0.915870055178392,0.0,0.9129820141714358,0.907681068273751,0.0,0.0,0.9133705804620097,0.0,0.8916201563042886,0.0,0.8693606292225762,0.8254669102768449,0.0,0.0,0.9239573541888271,0.0,0.889083093319186,0.0,0.0,0.0,0.0,0.8916062195104414,0.0,0.0,0.8880315218430648,0.0,0.0,0.8969157089031834,0.9011416416954269,0.8660142978129961,0.8843780568119621,0.0,0.9230840732196152,0.9036976688461918,0.0,0.8623738905812728,0.8803332318754757,0.0,0.0,0.9222077481286793,0.874826621788448,0.0,0.8907993546508599,0.0,0.8817611992181216,0.0,0.8842415903503188,0.0,0.9066118560962115,0.0,0.0,0.8639348491937838,0.8930067891033898,0.0,0.8740198345984964,0.0,0.8919446435171582,0.0,0.8765783208018617,0.0,0.0,0.0,0.0,0.0,0.9037237242172096,0.8874788851002081,0.0,0.0,0.0,0.0,0.0,0.8470388430226835,0.9425133812532416,0.9098356773099109,0.0,0.8876744954457052,0.0,0.0,0.0,0.0,0.0,0.0,0.0,0.8304598619958828,0.0,0.0,0.930613201919227,0.9034254608138649,0.0,0.0,0.0,0.911480890706757,0.0,0.0,0.0,0.884961195121726,0.8672275262748154,0.8816531424802758,0.8870500323585532,0.0,0.0,0.0,0.0,0.0,0.8560189099051232,0.0,0.0,0.0,0.0,0.0,0.0,0.8511196069023927,0.0,0.0,0.8998207449311346,0.0,0.8613400996514268,0.8694406935141794,0.0,0.8996857404622085,0.0,0.0,0.0,0.0,0.0,0.9223717383674852,0.0,0.0,0.0,0.0,0.9025019873604412,0.897792447362401,0.0,0.0,0.910789887645704,0.8990761181624778,0.9146036089062808,0.0,0.0,0.0,0.8954124848348672,0.0,0.0,0.0,0.9036697937890807,0.9023053889590503,0.0,0.0,0.8897007180739186,0.0,0.0,0.908632691219353,0.8356082337008162,0.0,0.0,0.0,0.0,0.0,0.0,0.0,0.8887726984170261,0.0,0.0,0.0,0.0,0.0,0.0,0.8608284770705406,0.8945644907096095,0.0,0.8355606967344159,0.0,0.0,0.864245002011264,0.0,0.0,0.0,0.0,0.0,0.0,0.886627344833974,0.0,0.0,0.0,0.9038207475800112,0.0,0.0,0.8533932360554927,0.9189404616493886,0.8597116634308613,0.0,0.9025507028537891,0.0,0.922449410582698,0.0,0.0,0.8635370714234272,0.9215647398302381,0.8450195546657969,0.0,0.0,0.8790025707160064,0.0,0.8790704602831099,0.8819639764853232,0.0,0.0,0.0,0.0,0.8540857759612207,0.833328923952005,0.8548409108321757,0.0,0.0,0.0,0.8827696200749303,0.8940780845047672,0.8970007808329075,0.0,0.8929058015857471,0.9474238213023383,0.8796815776559582,0.0,0.889759633608151,0.0,0.0,0.0,0.0,0.0,0.0,0.0,0.9463587805059182,0.8994704893781101,0.0,0.0,0.0,0.8763483148491493,0.0,0.8609257641066848,0.0,0.0,0.0,0.0,0.0,0.0,0.917298564147385,0.0,0.0,0.0,0.0,0.0,0.8573169279549923,0.0,0.8985112108914469,0.0,0.0,0.0,0.917056239269867,0.8781892719969879,0.0,0.8563108652121536,0.8874525159431566,0.0,0.8635098020164353,0.893291540958494,0.0,0.0,0.8898505315617226,0.0,0.0,0.0,0.0,0.8882255144416461,0.0,0.8774340922152492,0.0,0.0,0.8921831486226398,0.0,0.8863141233127231,0.0,0.0,0.0,0.0,0.0,0.0,0.0,0.0,0.0,0.0,0.8955296489030817,0.0,0.0,0.8841608115838387,0.8920394001309884,0.8959740874446346,0.0,0.0,0.9242852400202648,0.0,0.8845813452272762,0.0,0.0,0.8969633027983444,0.9263879147518681,0.0,0.0,0.0,0.0,0.0,0.8868660054934052,0.9278531664186405,0.859969424340814,0.0,0.9200528195220932,0.0,0.8832796297378622,0.8745866950109223,0.8669176219025819,0.8848801541499126,0.0,0.0,0.9475639098928818,0.0,0.927805312468289,0.9133527516640308,0.0,0.0,0.8921173433130932,0.0,0.8833017386416524,0.0,0.0,0.0,0.0,0.9190693594420413,0.8776311618753491,0.9170257370645221,0.8767663078845932,0.8629115280420437,0.0,0.0,0.0,0.0,0.9020029539101808,0.0,0.8828109649778682,0.0,0.8611494224046353,0.9016296061489678,0.0,0.8795248525551032,0.9108090751340986,0.0,0.0,0.0,0.8579655904652302,0.0,0.0,0.8688125746519946,0.0,0.8962104423412246,0.0,0.9105835506168816,0.0,0.0,0.0,0.0,0.0,0.0,0.8703950948583277,0.0,0.0,0.0,0.0,0.888653287020481,0.871827673484946,0.0,0.0,0.8823357509619145,0.0,0.0,0.0,0.893325457113029,0.850039458514016,0.8715559273698967,0.8773376499941914,0.9368806701447319,0.0,0.0,0.9263464468710111,0.0,0.0,0.0,0.0,0.8990065400941883,0.0,0.0,0.0,0.0,0.9216925704589588,0.8463552276838029,0.0,0.0,0.0,0.0,0.0,0.0,0.8839813243227072,0.8905358750793771,0.0,0.0,0.9041282788980662,0.0,0.0,0.8892068987906357,0.9218113271448911,0.8637967853061826,0.0,0.0,0.0,0.8387060744603152,0.0,0.9314867716156625,0.8749135257033483,0.0,0.0,0.0,0.8876057499885125,0.876860278991093,0.0,0.0,0.0,0.0,0.8899520360939401,0.0,0.0,0.0,0.0,0.0,0.8703439657236764,0.8743341472908421,0.0,0.8655511491499875,0.0,0.8827060864462134,0.0,0.8878791522422803,0.0,0.0,0.0,0.0,0.0,0.8878660656580432,0.0,0.0,0.8842477742311763,0.8704264235822798,0.0,0.8783624509700573,0.0,0.0,0.0,0.0,0.0,0.8796380891461115,0.8543972054294632,0.8336611803454496,0.0,0.0,0.0,0.8693891420773353,0.0,0.0,0.0,0.0,0.8753325064972197,0.0,0.0,0.8997932935327794,0.0,0.0,0.0,0.0,0.0,0.9052458262783579,0.0,0.0,0.874362234331553,0.8507564724606891,0.0,0.8536299515089707,0.8437345005476821,0.9204235117161753,0.0,0.939122637423779,0.9086119432368395,0.910087842378353,0.0,0.0,0.9237248177248881,0.0,0.0,0.0,0.0,0.0,0.8853210147492407,0.0,0.0,0.9245025271096746,0.0,0.0,0.0,0.0,0.0,0.0,0.8686529341216217,0.0,0.8849881364535229,0.0,0.0,0.0,0.0,0.0,0.935646187130375,0.0,0.0,0.0,0.0,0.8700453979341627,0.0,0.0,0.0,0.0,0.0,0.0,0.0,0.9092148741062397,0.0,0.0,0.0,0.0,0.0,0.0,0.0,0.0,0.0,0.0,0.0,0.9348875711244865,0.0,0.0,0.8770512284372098,0.8327088405264953,0.8651530652124135,0.0,0.8790512166691143,0.9059137393059805,0.0,0.0,0.8829046525430787,0.0,0.8901194083740449,0.0,0.8610517412853648,0.9008918430570563,0.9264050365975779,0.0,0.0,0.8575644336316401,0.0,0.0,0.0
0.0,0.0,0.0,0.0,0.0,0.03757238391951867,0.009838118892196513,0.0,0.03211725490436415,0.0,0.031549305673245556,0.0,0.0,0.03181356319214483,0.014746786012632431,0.057576701521860625,0.0,0.0,0.02145315551558017,0.0,0.0,0.0,0.010686971894532169,0.0,0.07046349715435496,0.0,0.0,0.047592376446323574,0.0,0.0,0.06974889379828951,0.0,0.0,0.0,0.029940874586326778,0.0,0.0,0.0,0.05866076605088852,0.0,0.0,0.0,0.0,0.02374790139477693,0.0,0.0,0.0,0.0,0.0,0.0,0.0,0.0,0.05756977702050986,0.015156926554718307,0.06905332808711453,0.0,0.0,0.0,0.0,0.0,0.044930106311639156,0.0,0.04189677091689425,0.0,0.010122288645617337,0.0,0.0,0.05902843573102547,0.0,0.0,0.0,0.0,0.0,0.0,0.0,0.0,0.0,0.0,0.0,0.0,0.0,0.0,0.0,0.0,0.0,0.06748817244006677,0.0,0.0,0.021193542260530572,0.05282487126508031,0.07231800919732308,0.029341045097939635,0.0,0.0,0.0,0.0,0.0,0.08533614952467232,0.0,0.0,0.022480821389878832,0.0,0.017142612152541134,0.0,0.0,0.04584428344323116,0.018390131606538625,0.020882032674429396,0.05825842503864069,0.0,0.0,0.01975668229021704,0.009996710463012436,0.0,0.0,0.0,0.022330061411109887,0.0,0.04197934431443017,0.0,0.022672346886165467,0.0,0.04134476984947313,0.02604615959390282,0.0,0.0,0.0,0.0,0.0492324308752112,0.0,0.0,0.0,0.03485437199359327,0.004145279585083233,0.038131844165615186,0.0,0.030581907401714944,0.0,0.03719371651753067,0.0,0.0,0.041160527618068536,0.0,0.0,0.0,0.0,0.0,0.0,0.010615611394134663,0.0,0.0468114360728769,0.0,0.013691334207777009,0.0,0.04318980133472939,0.0,0.0,0.0,0.07232338090637778,0.012335445609106946,0.0,0.026703134372306786,0.0,0.0,0.030296286862335896,0.02575610388057449,0.0,0.0190356232990592,0.0,0.0,0.0077029219078704565,0.0,0.0,0.018577121687491156,0.0,0.006689394965758643,0.070061111585361,0.0,0.0,0.0,0.0,0.0,0.06996306590044836,0.0,0.0,0.0,0.04688551906160037,0.0,0.0,0.01592413432345985,0.0,0.007669511290378195,0.050988198595435,0.0,0.0,0.007831377564791693,0.07668071181915087,0.06377403301185039,0.06894424228815146,0.0,0.0,0.0,0.0,0.0,0.0,0.023299134441196884,0.0,0.0,0.03961594662838248,0.07381354077674537,0.0,0.0,0.0,0.0,0.0,0.0,0.0,0.0,0.010330115468949363,0.02499342122389823,0.014063714222551591,0.01878071174328028,0.0,0.0,0.0,0.0,0.0,0.0,0.008939093423433284,0.0,0.010286648059427382,0.0,0.05179350654843409,0.0,0.0,0.040597358792948686,0.0,0.0,0.0,0.01380346704042361,0.024430526374556196,0.0,0.030161555917510678,0.03188576327280786,0.0568533650583942,0.05709670619884967,0.0,0.0,0.0,0.0,0.0,0.059072532454843674,0.004313741671207446,0.0,0.0,0.039983645724330365,0.0,0.0,0.0,0.0,0.02396601953067331,0.03228158003278534,0.0,0.06273381588254157,0.0,0.013743671798470292,0.0,0.0,0.0,0.0,0.0,0.04699334763459153,0.0,0.0371865880719293,0.0,0.04138325251350372,0.0,0.03953951327243687,0.0,0.0,0.009096945440595087,0.0,0.0,0.02049754913467364,0.040663928443994676,0.0,0.0,0.015621639061194388,0.028797240019266597,0.0,0.028681807148958953,0.0,0.0,0.0,0.0,0.015534485368037794,0.0,0.0,0.0,0.0,0.021186366358013436,0.022748606321208637,0.0,0.0,0.0,0.0,0.0,0.0,0.0,0.0,0.0,0.0,0.0,0.0,0.0030341009477547042,0.0366294942006812,0.05918472874738161,0.061442753331984415,0.0,0.01505920130904458,0.0,0.0,0.0,0.06344518536197181,0.05668245037425437,0.0,0.0,0.0,0.0,0.0,0.0,0.01529226528410099,0.0,0.0,0.0,0.0,0.0,0.027567675274007636,0.029734336281116665,0.0,0.0,0.04025080014449533,0.041627688714836165,0.03279739131363754,0.02052956391265248,0.0,0.0,0.0,0.012847922303237145,0.0,0.0,0.019989876802785193,0.0,0.0,0.0,0.0,0.05754430176915275,0.008814390766648647,0.0,0.019598275641644732,0.0,0.0,0.0,0.0,0.0,0.0,0.0,0.0,0.0,0.022970603989803474,0.0,0.04444378533977955,0.0,0.0,0.0,0.0,0.04688111434164348,0.03276139934840404,0.0077449586360373145,0.0,0.0,0.0,0.0,0.012219877398349153,0.053884733507024205,0.0,0.055970541161355816,0.0,0.0,0.0,0.0,0.0,0.0,0.03887666067047469,0.050679793032362724,0.03292743666301666,0.0026888435715982633,0.0,0.0,0.0,0.0,0.0,0.0,0.0,0.0,0.05328186941001595,0.0,0.0,0.0,0.024552232567342642,0.0,0.0,0.0,0.07129390844211804,0.02651770707275635,0.0,0.02817541760074668,0.012561984473521547,0.0,0.03400911126537088,0.0,0.0,0.0,0.03374892966740689,0.035142620555508576,0.0,0.0,0.0,0.0,0.0,0.0,0.0,0.0,0.015606564800273701,0.0,0.02037307550495504,0.0,0.0,0.006427231514828855,0.0,0.0,0.0,0.0,0.05339582827129066,0.019079524504568568,0.0,0.0,0.0,0.0,0.0,0.0,0.06406239863543373,0.0,0.0,0.0,0.0,0.0,0.0,0.0,0.02670277584583342,0.053276729487268824,0.03749888552755301,0.0,0.05696625692553118,0.011839864378553798,0.0,0.0,0.0,0.0116314646793333,0.03881215827481725,0.0,0.029924137489350227,0.0,0.0,0.0,0.05272303260987774,0.04800161283108876,0.015406736563789568,0.0,0.0,0.0,0.0,0.0,0.03343113684101483,0.0,0.0,0.0,0.0,0.026267972791134797,0.0,0.0,0.0,0.0,0.0,0.0,0.0,0.0,0.0,0.02416745475748733,0.022694965885231278,0.028953031808393724,0.0,0.0,0.0,0.002026511175362113,0.0,0.0,0.0,0.0,0.03477511070677052,0.04798654118186241,0.0,0.0,0.0,0.0,0.017810102890774008,0.0,0.04124309443993484,0.0,0.0,0.0,0.03911319642916115,0.020134999314777906,0.0,0.0,0.023018121147903033,0.0,0.014868163245817967,0.0,0.0,0.0,0.0,0.02154939025969662,0.0,0.015328696838879378,0.0,0.0,0.0,0.0,0.0,0.0,0.033407510796567286,0.0,0.0369983666284744,0.057688794302110144,0.0,0.0,0.04355898306954098,0.015987269713159447,0.0,0.017020617927792362,0.0,0.02784904704653015,0.016679174781312676,0.0,0.0,0.0,0.0,0.0,0.0,0.03602056592327134,0.0,0.0,0.0,0.0,0.05531807006395805,0.0515412626994486,0.034175700965213086,0.0,0.0,0.013627763342698516,0.044361084354839146,0.016760843315324438,0.0,0.009452678509857235,0.0,0.0,0.02513979717969632,0.044276474696962116,0.0207764922128282,0.0,0.0,0.0,0.0,0.0,0.0,0.012699304931448972,0.03179303351760745,0.0,0.0,0.0,0.023557892126371282,0.011138864055180536,0.0,0.05090803179695427,0.04272297387557808,0.017003487950424327,0.015811322313680754,0.019074198583854386,0.015198615578300441,0.0,0.0,0.0,0.0,0.0,0.0,0.023649514187701157,0.0,0.0,0.0,0.0,0.029125646670811158,0.0,0.0,0.017524348492568932,0.04536830033300089,0.0,0.0,0.0,0.0,0.05688874845359043,0.0,0.0,0.0,0.02797253508851657,0.04951899521972622,0.0,0.02005323496967283,0.08784708690907511,0.0,0.03355707669651462,0.0,0.0,0.0,0.028979474506062756,0.0,0.04366983694694562,0.0,0.0678693904337343,0.014636685393094331,0.023808234850205195,0.0,0.0,0.0,0.0,0.0,0.0,0.0,0.0,0.0,0.0,0.0547772817357039,0.02277046250527226,0.015398365556594497,0.0,0.0,0.0,0.0,0.0,0.0,0.0,0.0,0.011695105574422581,0.0,0.02013692376743728,0.0,0.02430112903773586,0.0,0.0,0.0,0.0,0.0,0.0,0.004702420909859384,0.051300536278679434,0.0,0.06294117582490724,0.0,0.0,0.0,0.06509412854943565,0.0,0.0,0.021091552366653887,0.0,0.02011400009638388,0.02667482210200337,0.0526343862656652,0.0,0.008877639386725361,0.0,0.0,0.03157775228323622,0.014324066948845176,0.0,0.01153308059674292,0.0,0.0,0.0,0.0,0.0,0.06286802185597794,0.0,0.03835518924479401,0.050062957337672236,0.0,0.026399661061686036,0.02803532332784541,0.02450723329587165,0.0,0.0,0.0,0.018720812697661883,0.0,0.0,0.0,0.0005158639699405984,0.05860287219355862,0.018104605977977816,0.02746914777839154,0.0,0.013307872648149538,0.0,0.0,0.0,0.0,0.0,0.05289349486845903,0.0,0.0,0.07316937833235707,0.0,0.022512457431524593,0.0,0.01856176133960687,0.0,0.0,0.0,0.003996454679668377,0.0,0.0,0.043819308904475454,0.06098504653170483,0.0,0.03203593940161615,0.0,0.0,0.03589699799103763,0.02825854897600702,0.0,0.06322342949668322,0.0,0.011955832241110966,0.04142425418919558,0.0,0.0,0.0,0.0,0.0,0.0,0.0,0.031929367394930956,0.0,0.03541472756302738,0.0,0.007275585235285129,0.035610603910074146,0.0,0.0,0.0,0.0,0.021345335498240987,0.0,0.0,0.0,0.05736046834980019,0.0,0.03535036692561895,0.04000184408762443,0.03452053403365069,0.0,0.022010189295028973,0.0,0.0,0.0,0.02720510018192573,0.03339991178882597,0.037745628542794354,0.0,0.008909758796234343,0.0,0.0,0.02714273666310812,0.0,0.0,0.04161214851348371,0.0,0.0,0.0,0.0,0.0,0.0,0.0,0.0,0.015333524521214018,0.0,0.0,0.0,0.0,0.0,0.05040872710790456,0.05934041720126117,0.03741544545785584,0.0,0.0,0.0,0.048412543632514536,0.0,0.0,0.0,0.0,0.0,0.0,0.0,0.0,0.0,0.0,0.0,0.05379346331518305,0.07002899130951407,0.0,0.003431487292458706,0.0,0.0005628756030314555,0.0,0.0,0.04328563067070037,0.0,0.0,0.0,0.0,0.025919211793077997,0.0,0.0,0.0495327055516227,0.0,0.0,0.0,0.0,0.05407491305831304,0.0,0.0,0.0,0.0621681486020861,0.032054538269320566,0.0,0.08780485134202792,0.0,0.0,0.0,0.0,0.04012306995655068,0.0,0.0,0.008512453958143746,0.0,0.0,0.0423223405478993,0.0,0.0,0.0,0.0,0.040274086180593874,0.0,0.03515203767943828,0.0,0.04168329296961547,0.0,0.0,0.01970843670464488,0.0,0.020651320707426785,0.006157278499421223,0.049292029915068016,0.0,0.03298134750521678,0.06560406021726749,0.0,0.0,0.0,0.0,0.0,0.0,0.0,0.050563277330831546,0.0,0.0,0.04343939954204837,0.02143870785261488,0.0,0.0,0.0,0.07202479347103476,0.02315352281419274,0.0,0.0006509192872192586,0.025782997108845025,0.0,0.0,0.0,0.01252778496790622,0.0,0.0,0.0,0.0,0.0017262929062071386,0.013455010204862696,0.046385264249944616,0.0,0.0,0.06167309728706592,0.0,0.02681872121471104,0.038185482974478074,0.018105585196436846,0.0,0.0,0.0,0.0,0.0,0.0,0.0,0.0,0.0,0.05547718898917428,0.0,0.0,0.0,0.0,0.02935387664302564,0.0,0.02729116164888258,0.0,0.014085967972796435,0.0,0.0,0.03529417775584078,0.0,0.0,0.014580216986264887,0.0016911265518814872,0.039580554325425926,0.023823278712895142,0.0,0.0,0.0,0.018896132036090217,0.018060667871948113,0.0,0.011466492924040735,0.0,0.0,0.01718343042279845,0.01646644494812652,0.0,0.0,0.0,0.0,0.006838477299990856,0.0,0.045355790747904634,0.0,0.0,0.0,0.04342676297151488,0.0,0.03786449320700455,0.05005523397435625,0.0,0.04306951415694168,0.0,0.0,0.0,0.014895061666610226,0.0,0.05795165064055645,0.0,0.020470405200474426,0.0,0.0,0.0,0.014366644360353785,0.0,0.04914233095120407,0.0,0.0,0.029145390298374638,0.0,0.0,0.025486209141499468
0.0,0.0,0.0,0.0,0.0,0.0,0.0,0.0,0.48821373234156235,0.0,0.5162198899791703,0.0,0.4362203004452251,0.4793581809858267,0.4339026580442065,0.48507966273979203,0.46665363648477126,0.5042347068378529,0.0,0.46279964559315645,0.4704938744269583,0.0,0.47180558324915056,0.0,0.4576310998596379,0.0,0.0,0.46212904534685834,0.0,0.49520191626443477,0.0,0.0,0.0,0.0,0.4864038607494079,0.0,0.0,0.0,0.0,0.5135815657518812,0.0,0.0,0.0,0.5261300571970977,0.0,0.0,0.5098858748022456,0.0,0.0,0.4437572191545651,0.0,0.0,0.0,0.0,0.0,0.0,0.0,0.0,0.475062300717756,0.0,0.4929632301673896,0.47104644499475534,0.4434005569857452,0.0,0.0,0.5014149371791631,0.5139555918031856,0.46112909747798886,0.0,0.45970237142970877,0.0,0.4661689549279543,0.0,0.4506183424816412,0.0,0.0,0.0,0.0,0.0,0.0,0.5114693994414383,0.0,0.42837809270649585,0.0,0.0,0.0,0.0,0.4583691160793106,0.0,0.0,0.5216945906648385,0.0,0.0,0.0,0.0,0.0,0.0,0.0,0.4646037262942754,0.0,0.49103468056596583,0.5029265362629121,0.4856104642201347,0.0,0.0,0.45939175599519405,0.0,0.0,0.509428396657248,0.4467485259038674,0.4721839066538086,0.472804956733506,0.4977409009281518,0.0,0.0,0.48282151722357397,0.0,0.0,0.0,0.0,0.0,0.4528955665460303,0.0,0.4455526496755732,0.4724871149712675,0.0,0.0,0.47407342522761,0.47124877951250066,0.0,0.0,0.4205376037038116,0.4914172547882071,0.0,0.0,0.0,0.5445650602612078,0.46948488324983406,0.0,0.472391984321525,0.0,0.0,0.0,0.0,0.0,0.48004382931775336,0.0,0.0,0.47370214942435623,0.0,0.4565824280326828,0.0,0.0,0.0,0.46932092772326384,0.0,0.0,0.0,0.43117981036806186,0.0,0.0,0.5232417427871364,0.4689626391498107,0.0,0.4869221581190826,0.4796567647869109,0.49078354321122764,0.5422277802209725,0.5090096848029867,0.0,0.0,0.5200368180155269,0.0,0.5098697820312561,0.43548223228195004,0.0,0.0,0.0,0.0,0.0,0.0,0.4814947307550107,0.0,0.0,0.4587648710002785,0.4600274363046521,0.0,0.0,0.0,0.0,0.4886494134144928,0.0,0.479520826118879,0.0,0.0,0.4692736804322987,0.4549749996938889,0.0,0.0,0.5067954849132511,0.46054234482811185,0.0,0.5182219934853363,0.0,0.4418115233343235,0.0,0.0,0.4799578059870697,0.0,0.0,0.0,0.0,0.0,0.0,0.0,0.5076219323520579,0.0,0.0,0.0,0.5040980304217311,0.4912434158737806,0.4788005433613398,0.0,0.0,0.0,0.0,0.0,0.0,0.0,0.0,0.45518038601492006,0.0,0.48184075091690376,0.4559677691062984,0.0,0.4952068611519317,0.4797844549329268,0.5092404071643003,0.0,0.4707037835764844,0.0,0.4818773147911425,0.5395975179523215,0.5236757680731019,0.0,0.47959042345786634,0.44172635421129897,0.5016180596647535,0.0,0.0,0.0,0.0,0.0,0.0,0.0,0.49664054243568406,0.0,0.0,0.0,0.0,0.0,0.0,0.47990213392867354,0.0,0.0,0.0,0.0,0.5132157085536061,0.48527221193317094,0.0,0.0,0.5063253551281678,0.0,0.47912266345362153,0.0,0.0,0.47982185213783984,0.0,0.0,0.0,0.0,0.4772977377823006,0.5298364508623237,0.0,0.49877970314625764,0.0,0.0,0.45783118037602827,0.5050287117159294,0.0,0.0,0.0,0.0,0.44793990720498933,0.0,0.0,0.0,0.0,0.0,0.0,0.4402859225152955,0.0,0.0,0.0,0.0,0.46938889585190857,0.4878050632250866,0.0,0.0,0.0,0.48126660657898757,0.4775810973246329,0.0,0.5052774000298228,0.47975643893774556,0.0,0.5104083217797015,0.5325322879577676,0.0,0.0,0.0,0.0,0.0,0.5076978456066156,0.0,0.0,0.0,0.0,0.5021611198382202,0.449849951600755,0.0,0.0,0.4690335843517411,0.0,0.44920985722614465,0.0,0.0,0.0,0.0,0.4739260460706664,0.0,0.47219537777252013,0.0,0.0,0.48919325729356755,0.0,0.0,0.0,0.0,0.0,0.0,0.0,0.0,0.0,0.0,0.0,0.0,0.0,0.4369037384946467,0.0,0.4512072689187671,0.0,0.0,0.0,0.0,0.0,0.4940473083700371,0.47384463511799535,0.0,0.0,0.4789258262099398,0.0,0.44108051725030845,0.44850526985982625,0.0,0.0,0.4468060820553753,0.0,0.0,0.0,0.0,0.488785188946639,0.0,0.4506455767368881,0.0,0.4945402882251255,0.0,0.0,0.0,0.0,0.47563183773433343,0.0,0.0,0.0,0.5013215546346899,0.0,0.4928074659022691,0.47196911850805057,0.0,0.0,0.4148918454796648,0.0,0.0,0.4888718314737285,0.45405849922687275,0.0,0.0,0.0,0.0,0.0,0.0,0.0,0.0,0.47622441210077304,0.48788101997291894,0.0,0.4344701614614441,0.0,0.46139751192703876,0.4851423858273935,0.0,0.0,0.0,0.0,0.0,0.0,0.0,0.4952277968813503,0.0,0.48241056759147516,0.5053980414389424,0.0,0.0,0.0,0.0,0.0,0.0,0.0,0.0,0.4399892456405473,0.0,0.4826234388460169,0.0,0.0,0.4392733277307195,0.0,0.4433284073258897,0.0,0.5768311020529124,0.0,0.0,0.49224901993964887,0.0,0.0,0.0,0.0,0.0,0.45639221911219574,0.0,0.4598361196491766,0.0,0.5138613859909043,0.0,0.0,0.0,0.0,0.0,0.0,0.47024559760245777,0.0,0.0,0.5067660531725575,0.0,0.5383242779584928,0.0,0.0,0.4605435522422994,0.0,0.5360200799271225,0.0,0.0,0.4448533700602554,0.0,0.521066511778297,0.0,0.0,0.0,0.0,0.4928094079777195,0.4885773009055244,0.4536620626346784,0.5012584154797596,0.44523517195035484,0.0,0.49954881698347114,0.0,0.50195176319277,0.0,0.0,0.4910355205243249,0.4667577227283144,0.49047023303880916,0.0,0.0,0.0,0.0,0.4800667210347498,0.47427817852207377,0.0,0.0,0.0,0.0,0.0,0.0,0.0,0.481436259208759,0.0,0.0,0.0,0.5061615184563513,0.0,0.4715688304494372,0.4390096610648945,0.4972620104694399,0.48745004536627057,0.4703546776168554,0.0,0.0,0.0,0.0,0.0,0.5280682135308675,0.4896007238022362,0.0,0.0,0.0,0.0,0.0,0.0,0.4921297243479257,0.0,0.0,0.4801394720072402,0.4725772512837898,0.0,0.0,0.0,0.0,0.48005086728993634,0.0,0.0,0.0,0.0,0.47260520246307763,0.0,0.0,0.0,0.5169761528420839,0.0,0.0,0.0,0.0,0.4859988901219234,0.0,0.0,0.4483754539507254,0.4819451396336261,0.0,0.0,0.0,0.0,0.5231080673462072,0.0,0.0,0.0,0.46455750270777085,0.0,0.0,0.0,0.0,0.0,0.0,0.0,0.0,0.4692559480634645,0.0,0.4923816525083345,0.49592001674116065,0.0,0.49142545776531815,0.0,0.0,0.0,0.0,0.0,0.48587359482473264,0.0,0.48976899271088087,0.4828104940577737,0.0,0.0,0.0,0.5482062664530347,0.45977849686197103,0.4800950473999688,0.0,0.48495372964798994,0.0,0.5030969861782705,0.5047788725905723,0.47753785456728554,0.0,0.0,0.0,0.0,0.0,0.0,0.493838569910983,0.4958359660706798,0.0,0.0,0.0,0.0,0.0,0.0,0.0,0.0,0.0,0.499520997272484,0.0,0.46675150602706905,0.4904172025532176,0.0,0.0,0.0,0.0,0.531177897102433,0.0,0.0,0.0,0.5209194420121666,0.0,0.0,0.0,0.0,0.48446411484740276,0.0,0.5179183219506417,0.5069753606314531,0.0,0.0,0.4795905925132708,0.0,0.48565742554491015,0.0,0.0,0.0,0.0,0.0,0.0,0.0,0.0,0.0,0.0,0.4585930056456319,0.46392008730136014,0.5026534366616859,0.0,0.4630249113895645,0.0,0.0,0.0,0.4708675659598646,0.48264549042978155,0.47695687642847623,0.0,0.0,0.0,0.0,0.4626683189497244,0.4569010344944341,0.4741039048777721,0.0,0.5147325388037467,0.47564825685589934,0.0,0.4642281221891516,0.0,0.48796769306983206,0.0,0.4793493263314153,0.4779570842408395,0.0,0.0,0.0,0.4817531632490777,0.0,0.0,0.4983303013295801,0.5022012730475359,0.4893570266857022,0.5074447032885775,0.0,0.4825276344545681,0.0,0.0,0.4592611653436161,0.0,0.0,0.0,0.0,0.0,0.4583989712814952,0.0,0.0,0.0,0.0,0.0,0.47503582259366234,0.0,0.0,0.0,0.4669861392315136,0.0,0.49183534985589006,0.0,0.0,0.5059936250393265,0.0,0.44423967125273484,0.0,0.0,0.4996925338498742,0.0,0.48452841913436806,0.48506620399261813,0.0,0.0,0.4633124226018223,0.46203393893990813,0.5151273909593771,0.0,0.48612280354197657,0.48704516269195025,0.46746523937711915,0.5063533969334739,0.0,0.5053372832774978,0.5014189630037821,0.5046244722629677,0.0,0.0,0.0,0.4938501402231123,0.0,0.48942940379963445,0.0,0.4523609374418523,0.0,0.0,0.0,0.0,0.4552206532532192,0.0,0.5076137041536529,0.486088417700858,0.0,0.0,0.42613247465763787,0.0,0.0,0.5303050293660896,0.0,0.0,0.0,0.5010590863325486,0.0,0.5325946592482226,0.0,0.47375624610922634,0.0,0.4552276387248686,0.0,0.4933085625138248,0.46502228001858287,0.0,0.0,0.4667729479749194,0.520103497303712,0.0,0.0,0.5266197926220108,0.4825193783308588,0.4798648673930112,0.47354906462634255,0.0,0.4363498848971993,0.0,0.5126716741477153,0.0,0.0,0.0,0.0,0.0,0.0,0.0,0.0,0.0,0.0,0.0,0.0,0.5186823773456939,0.5168068640066252,0.0,0.0,0.0,0.48890818896953525,0.0,0.0,0.0,0.0,0.4460608532041928,0.0,0.0,0.47168198155354574,0.0,0.0,0.0,0.4720809820343524,0.4892591609110158,0.0,0.4809663727723938,0.4964824730379082,0.4675806052545803,0.0,0.0,0.4994691660058621,0.0,0.4660431602688916,0.0,0.5145525088262259,0.0,0.5162330962318237,0.0,0.486696272028842,0.5020829306597914,0.4629931408613532,0.0,0.0,0.0,0.48735051488389036,0.0,0.0,0.500673451156687,0.5126095460720785,0.47218605439787603,0.459805961219371,0.0,0.4544411699603772,0.0,0.0,0.0,0.5271797437406963,0.0,0.0,0.0,0.0,0.4888747813798842,0.0,0.0,0.5051735229266926,0.0,0.5077843970639485,0.0,0.4576568070717931,0.4537363156889114,0.0,0.0,0.46449907115196515,0.4432993983317326,0.4960980168373216,0.0,0.46426540051249726,0.0,0.5025357815744566,0.45676565992458507,0.5167870812381954,0.0,0.0,0.0,0.0,0.5003284781577081,0.0,0.4778527014144483,0.5172248900426863,0.45546192603662944,0.0,0.47581144430207806,0.0,0.0,0.0,0.0,0.0,0.49305985690565274,0.4807390424120127,0.0,0.0,0.0,0.0,0.0,0.5182054101697737,0.0,0.0,0.0,0.0,0.47944020981057034,0.48624730120205967,0.0,0.5213496967046152,0.0,0.0,0.0,0.0,0.475906975175278,0.0,0.0,0.0,0.5187105640005596,0.4345562405444829,0.508931975499298,0.0,0.0,0.0,0.49486092282947075,0.0,0.0,0.0,0.0,0.0,0.0,0.0,0.4857655616763281,0.0,0.4271491955044436,0.0,0.0,0.47900816525160717,0.0,0.0,0.0,0.5059429440498758,0.48746397691680593,0.0,0.0,0.0,0.0,0.4757755017455052,0.0,0.0,0.0,0.0,0.0,0.5216109422196887,0.0,0.0,0.0,0.0,0.0,0.0,0.4949095222622745,0.0,0.0,0.4646748959989715,0.4693191863638113,0.48715704351634986,0.0,0.0,0.0,0.0,0.0,0.5434607577693098,0.5255073822164406,0.0,0.466518466746984,0.0,0.4903624161726839,0.44576718301964496,0.5229229056213895,0.46300716151370025,0.0,0.0,0.5004565215161757,0.4206376775727973,0.0,0.0,0.0,0.0,0.0,0.0,0.0
0.0,0.0,0.0,0.0,0.0,0.03905453000134549,0.0,0.0,0.0,0.0,0.0,0.0,0.0,0.011132638448071549,0.0,0.0,0.0,0.0,0.0,0.032439892024950116,0.0092400268559337,0.0,0.07048721519936148,0.0,0.0017772773295644329,0.0,0.022239842552126528,0.04313822369357564,0.03619785992685467,0.0,0.0,0.0,0.0,0.0,0.0,0.0,0.047917777737673445,0.0,0.0,0.0,0.0,0.0,0.0,0.011810154595138555,0.013727651102842384,0.016399161350580154,0.0,0.0,0.008179320401911994,0.0,0.0,0.0,0.030957244086722308,0.0,0.0,0.0,0.0,0.0,0.0,0.0,0.0,0.0,0.0,0.0,0.0018243901085797751,0.004255051773360359,0.0,0.0,0.0,0.004949115762740494,0.013618834784470929,0.0,0.0,0.03593935327287378,0.028719528330351244,0.0,0.0,0.0,0.0,0.0,0.0,0.0,0.0,0.02295524368684797,0.0,0.05087898826378263,0.0,0.0,0.0,0.0,0.0,0.012643961369565608,0.0,0.0,0.0,0.0,0.0,0.04089051861741122,0.0,0.00632163148459096,0.002255162466446977,0.00022462326322297051,0.015072023970428127,0.0,0.011326815371791638,0.018108065247400634,0.04351135337403881,0.0,0.005799514079144845,0.0,0.0,0.0,0.0,0.0,0.014086151909003825,0.02734421139524803,0.0,0.03930495202642601,0.0,0.0,0.0,0.007041920004027605,0.004072846069708231,0.0,0.0,0.0,0.0,0.0,0.0,0.01717976508237371,0.0,0.021221263068369432,0.0,0.034971540461327395,0.0,0.0007611916432683263,0.0,0.0,0.0,0.0,0.0038213369695246956,0.0007993086670974416,0.027748658919102213,0.0,0.0,0.0,0.0,0.0,0.0,0.0,0.0,0.0,0.005786106089620581,0.001534686799453816,0.0,0.0,0.013948074590397748,0.0,0.0,0.0,0.01148358432402349,0.0,0.0,0.0,0.0,0.0,0.009947956659522512,0.0,0.0,0.0011679840978253266,0.015696867185221137,0.0,0.015041345428820978,0.0,0.007580153118908351,0.005595680307837145,0.005282054437323071,0.0,0.0,0.0,0.0,0.0,0.00132064538319553,0.0,0.0,0.005563715376833811,0.06013840085075366,0.0,0.0,0.060560405329566774,0.0,0.0,0.008656949367963752,0.0,0.0,0.04919480615573534,0.0,0.0267233332184072,0.01236146041982823,0.0011003944236216607,0.014580915238068603,0.0,0.0,0.0,0.0,0.0,0.0,0.021742601363275063,0.0,0.0,0.00372125026095769,0.0,0.0,0.0,0.0,0.0,0.0,0.009757359836687214,0.0,0.0,0.0,0.0,0.0,0.0,0.0,0.0,0.036898252230706266,0.029826229035734404,0.0,0.0,0.0074439896662251035,0.0,0.0,0.0002797929675240845,0.0,0.0,0.0,0.0,0.0,0.0,0.0,0.006915688119938906,0.009631192814962159,0.0,0.0,0.0,0.0,0.0028456314587424142,0.0,0.0,0.04409738741610118,0.02625474583195147,0.0,0.0,0.0,0.009620378790092246,0.0,0.0,0.0,0.0,0.0,0.01148222858710074,0.0,0.0,0.0,0.0,0.0,0.0,0.0,0.0,0.0,0.032544386109908854,0.0,0.0,0.0,0.0,0.01392398813731251,0.0185594452802284,0.0,0.0,0.0441671749723778,0.0,0.016835339156614962,0.0,0.0,0.0,0.0,0.0,0.0,0.0,0.0,0.0,0.0,0.0,0.0,0.0,0.0,0.0,0.0,0.0,0.0,0.0,0.0,0.0,0.0,0.0,0.0,0.0,0.0,0.012091255149754671,0.012175667456724444,0.0,0.0,0.0,0.017341236072214758,0.0,0.038575859900233524,0.008300742141294778,0.0,0.03041707458033581,0.0,0.029985891256057925,0.0,0.0,0.0,0.0,0.0,0.0,0.0,0.0,0.03041084159293182,0.01485803201812149,0.0,0.0,0.0,0.0,0.0,0.03164859912605398,0.0,0.0031656743250821585,0.0,0.0,0.0,0.0,0.0,0.0011272649744503089,0.0,0.0,0.0033026974969363287,0.0,0.0,0.0,0.0,0.022796554452545102,0.0,0.0,0.012495188194769009,0.0171392105971317,0.03574418146160641,0.0,0.0,0.0,0.0,0.0,0.015385968381572539,0.0,0.0,0.0,0.0520539250424013,0.004367082485090582,0.002950447600988868,0.0,0.0,0.0,0.013657679880164354,0.019227259546324777,0.0,0.0,0.0,0.0,0.0,0.0,0.013737724196038307,0.0,0.0,0.004626380422123243,0.004704690833325748,0.0,0.0,0.039491319859415015,0.0,0.0,0.027839446495792765,0.008367919599136856,0.005892292199099263,0.0,0.0,0.06449312966115939,0.0,0.0,0.0,0.0,0.0,0.0007291584166962728,0.0,0.0,0.0,0.0,0.0,0.002278377068859965,0.026223817099207954,0.0,0.0,0.0,0.0,0.0,0.011080630280478069,0.0,0.0,0.0,0.0,0.0,0.008971511325983287,0.0,0.009279636451167129,0.0035022698581865606,0.0,0.0,0.0,0.0,0.03812776311307771,0.0,0.0,0.0,0.0,0.0,0.0,0.0,0.0,0.029027656463083244,0.0,0.02395641762678691,0.0,0.0,0.0,0.0,0.0,0.0,0.004154415796882293,0.0,0.0,0.0,0.0,0.0,0.0,0.007589099417700076,0.034057531754692186,0.0,0.0,0.0,0.03031961501985745,0.0,0.0,0.0,0.02935189773289631,0.0,0.0,0.0,0.0,0.0,0.0,0.0,0.0,0.0,0.0,0.021299131065001406,0.034868475439746874,0.0,0.0007789364459774872,0.020086682202916623,0.016583703604180912,0.0,0.0119530637361686,0.02938654859821742,0.0,0.0,0.0,0.0,0.0,0.0,0.0,0.0,0.0,0.0,0.0,0.0,0.0,0.0,0.03999592714696631,0.030069803423844885,0.04260166396516193,0.04225479166060724,0.013691083850834564,0.0,0.0,0.0,0.0,0.0,0.005710857514236356,0.0,0.0,0.016115765785605085,0.0,0.011618234241200929,0.0,0.0,0.020322352163202294,0.002469611053315307,0.0,0.0,0.042782903225880894,0.0018479495480059208,0.0,0.030952107873437995,0.01745548341332328,0.008705043859000354,0.0,0.0,0.006714852218348949,0.0,0.0,0.027002052566902822,0.007770199924353222,0.0,0.0025807321126699104,0.0,0.0,0.0,0.0,0.0,0.0,0.03595542834263609,0.0,0.03219288045081155,0.01779626481764666,0.0,0.0,0.0,0.0,0.016094176579569578,0.0,0.04607737704770576,0.0,0.041546832646972294,0.0,0.0,0.0,0.0,0.0,0.0,0.01773438132001859,0.0,0.0,0.010079313971447533,0.017461272383974415,0.02190047212115091,0.00733627515799774,0.04236296205799545,0.0,0.0,0.03703516636375697,0.0,0.0,0.0,0.0,0.0,0.0,0.004422718534757972,0.0,0.0,0.0,0.0,0.01062370771526508,0.0,0.0,0.0,0.0,0.023037574399859866,0.0,0.02632837492514498,0.0,0.0,0.0,0.0,0.0,0.031362925697927764,0.0,0.0,0.0,0.0,0.0,0.0,0.0,0.0,0.0386794117366561,0.0,0.0,0.0,0.0,0.014165165004640552,0.0,0.0,0.0,0.0,0.0,0.008592609065044767,0.024004076698947233,0.0,0.0,0.0,0.0,0.0,0.0,0.0,0.0,0.0,0.0,0.0,0.00619967580215711,0.0,0.0,0.0,0.0,0.0,0.0,0.0,0.0,0.03810640525255808,0.0,0.0,0.0,0.0,0.0,0.0,0.015206518369973002,0.0,0.0,0.0,0.0,0.0,0.0,0.0038039771314833408,0.028160095105610614,0.0,0.034667501222646765,0.0,0.0,0.0,0.022625246086694882,0.0,0.0,0.0,0.026798051243518507,0.03481833884347459,0.0,0.0,0.0,0.025647615337990197,0.0,0.0,0.0,0.0,0.0,0.0,0.0,0.0,0.005908846579653649,0.0,0.0,0.0,0.012973999437158832,0.0,0.0,0.0,0.0,0.0,0.0,0.028225466056830108,0.016638655816022335,0.0,0.0,0.0,0.0,0.0,0.0,0.0,0.0,0.0,0.0,0.01725883227676952,0.0,0.006146677530017658,0.0,0.02167951106310723,0.0,0.0,0.00795273643295624,0.02455360890838782,0.0,0.02226620666464895,0.0,0.0,0.0,0.0,0.0,0.0030133513105403873,0.0,0.036301087882307854,0.013354715029518516,0.0,0.0,0.0,0.0,0.0025869353109768834,0.0,0.015043342617667283,0.0,0.014620760531730713,0.0,0.0,0.0,0.017825165442831123,0.0,0.0,0.014431521310582689,0.0,0.0,0.0,0.0,0.0,0.0,0.0,0.0,0.0,0.0,0.0,0.0,0.0006657860760169557,0.0,0.0,0.05494639615122478,0.0,0.015491208195332088,0.0,0.004706755562425371,0.0,0.0,0.0,0.0,0.0,0.0,0.0,0.0,0.0,0.0,0.0,0.0029732770090234585,0.0017540435047692354,0.0,0.0,0.0017668759034152309,0.004747262526475223,0.0,0.0,0.0,0.0,0.0,0.04941510709320243,0.0,0.0,0.020947477246971893,0.0,0.0,0.0,0.0,0.0,0.0,0.0,0.03096675158402068,0.0,0.0,0.0,0.0,0.0,0.0,0.0,0.0,0.02172186993683252,0.0,0.0,0.0,0.0,0.0,0.0,0.0,0.022381189371975044,0.0,0.0,0.0,0.007477531025440926,0.0,0.0031473331591540792,0.030119198294472065,0.0,0.0,0.0010118692230470464,0.0,0.0,0.0,0.0,0.0,0.0,0.0,0.0,0.0,0.0,0.018378904122171115,0.010237949096266099,0.003090510952756723,0.0,0.0,0.00639048763693493,0.0,0.003915675966244555,0.0,0.0,0.010605845705091255,0.0,0.0,0.030707320935788478,0.007837487720921943,0.0,0.0,0.0,0.008706421879705618,0.0,0.028852638262347245,0.010859963344791373,0.0,0.0,0.0,0.0,0.0,0.018901239878210456,0.0031381864948344168,0.0,0.010186126852499294,0.0,0.0,0.0,0.0,0.0,0.022982089580096503,0.0,0.0,0.0,0.0,0.0375141728193443,0.02844903018882542,0.0,0.0,0.0,0.040475986958032166,0.0,0.0,0.0,0.0,0.0,0.03241209022142354,0.0,0.0,0.0,0.020312693314996175,0.04233390461210245,0.04210824430601137,0.00934824606393445,0.0,0.0,0.0,0.0,0.027061161831579302,0.0,0.0,0.002206092537240306,0.01919505917042698,0.026007521861198393,0.0,0.028470569712386515,0.0,0.0,0.0,0.0,0.0074510916963652935,0.02565722847856614,0.0,0.0,0.0,0.0,0.0,0.0,0.0,0.012131852726698781,0.0,0.0,0.01647724890249277,0.0,0.0,0.0,0.0007469952229500321,0.0,0.0,0.0,0.0,0.0,0.0,0.0,0.0,0.0,0.0,0.010012417602497154,0.0,0.0,0.0,0.0,0.0,0.0,0.0,0.0,0.0,0.0,0.0,0.0,0.029392867035107302,0.0,0.0,0.0,0.0,0.0,0.0439712372071983,0.0,0.0,0.0,0.0,0.0,0.0,0.0,0.0,0.0,0.0,0.0,0.0,0.0,0.0,0.0,0.001919482718441624,0.008935041851898333,0.0,0.0,0.0,0.0,0.0,0.0,0.0020200310844496233,0.03415381698292547,0.0,0.0,0.0,0.001719428788327983,0.0,0.0,0.012624749495867527,0.0,0.0,0.0,0.0,0.0,0.0,0.0,0.009921819339086833,0.0,0.023801665032776725,0.0,0.0,0.0,0.04190448133812448,0.0059759819128789304,0.0,0.0,0.0,0.012473615276886424
0.0,0.0,0.20226716078732085,0.0,0.19463687062550203,0.2057242688244521,0.0,0.0,0.1921292669578388,0.0,0.16020919955732987,0.0,0.0,0.1983625796201044,0.2614326915867229,0.21930078073037654,0.0,0.0,0.17450603734655581,0.0,0.0,0.21667647893098152,0.24454395090681563,0.0,0.18552282008367452,0.0,0.18109005979525797,0.2241249850758847,0.0,0.15617440564360793,0.1862337368351812,0.0,0.0,0.0,0.19829486288312534,0.0,0.16090880499144122,0.24805890006731923,0.17788851909048034,0.1830495771971027,0.0,0.0,0.0,0.196726685942643,0.2297814090098915,0.0,0.0,0.0,0.0,0.0,0.0,0.0,0.2324402329530315,0.2021331339204547,0.20151189965396293,0.0,0.0,0.184813553697735,0.0,0.0,0.0,0.0,0.0,0.0,0.0,0.0,0.23168169125721413,0.0,0.0,0.19907215586976684,0.19825481066178754,0.0,0.20727352854286585,0.0,0.0,0.0,0.0,0.2230755781307205,0.0,0.0,0.18764701625160632,0.21381965226710425,0.16588548461801583,0.0,0.0,0.2064897730962917,0.0,0.0,0.21990300236995808,0.19520421638742597,0.1397738533470803,0.2268695105829413,0.0,0.0,0.18479246501627902,0.0,0.0,0.0,0.0,0.0,0.0,0.0,0.16365063851679837,0.0,0.0,0.0,0.0,0.0,0.0,0.2279599554522549,0.17356037780393652,0.0,0.0,0.2197851443329188,0.0,0.22062644099632533,0.0,0.0,0.0,0.0,0.1839364072874745,0.1875927497785604,0.18873260770888456,0.18923722645588753,0.199590111547975,0.0,0.0,0.0,0.18662773010390674,0.0,0.0,0.0,0.0,0.0,0.19439247962913575,0.0,0.0,0.0,0.0,0.0,0.0,0.21355708072631135,0.0,0.0,0.21500812374421457,0.19473325629274263,0.0,0.0,0.0,0.17721357103310106,0.0,0.0,0.2409347378733609,0.14773796245040216,0.2353873693095769,0.0,0.0,0.0,0.0,0.0,0.17659312694918444,0.0,0.0,0.23837877055874873,0.0,0.18185865083244174,0.15450437493072333,0.0,0.0,0.0,0.0,0.2323645372266211,0.1729245085323489,0.20380125045284694,0.16867045152678906,0.0,0.0,0.0,0.0,0.0,0.23657309490793976,0.0,0.1980691099012268,0.0,0.0,0.0,0.0,0.0,0.0,0.0,0.0,0.0,0.24832181260395467,0.0,0.0,0.0,0.21382768273728342,0.0,0.0,0.0,0.17898422963583957,0.0,0.20007792216690312,0.0,0.162948510726648,0.0,0.186843006059731,0.2472358072552839,0.16506741543804643,0.0,0.0,0.0,0.0,0.0,0.0,0.0,0.0,0.0,0.0,0.15684286773917688,0.20475239787404148,0.0,0.0,0.0,0.0,0.21236298527419967,0.0,0.17504960905509154,0.0,0.0,0.22574267202659976,0.0,0.23704695422228825,0.21217721176522614,0.0,0.0,0.22004702569394602,0.0,0.1702739091917837,0.23368881586740814,0.0,0.19766431636710102,0.1945557604457947,0.18677822018560367,0.21002171727483843,0.2278858144924445,0.0,0.1775423061435972,0.0,0.185398223828303,0.20187086187470557,0.0,0.0,0.0,0.17133923883779467,0.15804190685706845,0.18328035824908404,0.0,0.0,0.19774256525614345,0.0,0.1722218339141327,0.0,0.2388835454400508,0.17851852834428117,0.15763317520329365,0.0,0.0,0.242321957227806,0.0,0.0,0.0,0.19720252723773724,0.15651821389246398,0.19222734984270295,0.0,0.20946220367888174,0.27502270366677917,0.0,0.0,0.19627286266820396,0.0,0.0,0.0,0.0,0.0,0.0,0.0,0.22188210361112687,0.0,0.21176881286153254,0.0,0.0,0.20132628039769915,0.0,0.16760151177492777,0.0,0.19270394225321294,0.0,0.0,0.0,0.0,0.22951867528124295,0.0,0.20733929105664128,0.0,0.0,0.0,0.19114574738983048,0.0,0.2435179313638125,0.0,0.0,0.15836462941944443,0.0,0.21784910190221277,0.20363583277757075,0.195750803926369,0.0,0.21891998034503127,0.1985964952770469,0.0,0.20325262122128734,0.15429983233103792,0.21287195682554755,0.18496678867372837,0.0,0.0,0.18412379200070364,0.2094594417854186,0.1996633590119472,0.0,0.0,0.0,0.0,0.0,0.0,0.0,0.0,0.2440981304906877,0.1832747278708356,0.17405941936639394,0.16370945807706247,0.2175281676273409,0.0,0.0,0.0,0.0,0.0,0.0,0.0,0.0,0.0,0.18422375092309795,0.0,0.0,0.20130089188177064,0.2054882708578804,0.206827098988918,0.0,0.0,0.0,0.0,0.0,0.1725777408656814,0.21601035432435195,0.0,0.20059283150797239,0.0,0.20123214933878877,0.0,0.0,0.0,0.0,0.226293625807091,0.22655938621688418,0.0,0.0,0.0,0.0,0.0,0.0,0.20680955422183547,0.2190990239065561,0.0,0.2064282647902595,0.0,0.0,0.0,0.15641069025082552,0.0,0.0,0.0,0.0,0.19344804656166953,0.21148644884497078,0.1864552409153547,0.0,0.0,0.1409477322530587,0.1575114881634604,0.0,0.0,0.0,0.25018954452067216,0.0,0.0,0.0,0.20007183513121446,0.0,0.0,0.0,0.0,0.0,0.0,0.20847605968307606,0.0,0.2070830775845779,0.0,0.1875996697494029,0.0,0.0,0.0,0.0,0.2516027136322396,0.0,0.0,0.23054753857388458,0.0,0.19023498849649634,0.14953302047637243,0.0,0.0,0.0,0.0,0.0,0.17413874403093577,0.222504691671472,0.0,0.1961911797702361,0.0,0.0,0.0,0.18294743805401653,0.19660495487263793,0.0,0.18959480345229132,0.0,0.0,0.0,0.0,0.0,0.0,0.0,0.0,0.20657689412436975,0.0,0.0,0.0,0.0,0.20179093774966206,0.0,0.17586493946559412,0.0,0.0,0.0,0.19697209696519197,0.16350575979457713,0.0,0.20901988796196938,0.0,0.0,0.0,0.16837133910121158,0.0,0.0,0.20748983420693817,0.0,0.169715854986596,0.0,0.1823430236599349,0.16320520598909213,0.22876368078797746,0.22033316020027335,0.0,0.0,0.0,0.0,0.0,0.0,0.0,0.0,0.19326618177243177,0.24329928878105153,0.0,0.0,0.0,0.0,0.0,0.22695868739809588,0.2533873855542657,0.17821828390088246,0.2016285598678863,0.18791019213726234,0.0,0.0,0.0,0.0,0.18506404445774519,0.0,0.2018794380482207,0.25068725410443415,0.0,0.24605217440422306,0.0,0.17886404032668313,0.22921606796139468,0.0,0.0,0.19212905114199513,0.0,0.1718193241963639,0.0,0.0,0.14856044647052047,0.0,0.0,0.1574311889579908,0.0,0.0,0.0,0.0,0.2242727761121781,0.0,0.17330251896634213,0.0,0.0,0.0,0.22993369912994893,0.0,0.0,0.0,0.19432787990792688,0.0,0.16695558682752804,0.0,0.18393170985989735,0.20439318762382525,0.0,0.0,0.0,0.0,0.0,0.0,0.18519596998195878,0.15698845273074016,0.16375402807320769,0.17987261240357458,0.0,0.169694984100393,0.0,0.0,0.25854578000564743,0.0,0.18886916333738546,0.20589328192387743,0.0,0.2064871877864086,0.19330614167839633,0.0,0.19207112467369405,0.19118860300687646,0.0,0.0,0.0,0.0,0.0,0.0,0.0,0.25720478310512385,0.20417472637983664,0.1955873912064807,0.16817310885954098,0.19380957689359543,0.21517478730807324,0.20182259955299164,0.0,0.16070500006262337,0.0,0.17185250690995893,0.19130521142155268,0.17396988692371218,0.0,0.24032655143946213,0.16495043220175454,0.19196400104478586,0.0,0.0,0.1915747856484114,0.20137194616846685,0.21187596842340664,0.0,0.20109872730838826,0.0,0.0,0.0,0.2291188053514573,0.0,0.0,0.0,0.0,0.19891244670066877,0.0,0.0,0.15561986052723625,0.19857544634529353,0.1412300569445117,0.0,0.0,0.0,0.0,0.23602420308558536,0.0,0.20870981347564638,0.21899524613729723,0.19117237318127897,0.0,0.0,0.21858057008927234,0.0,0.0,0.0,0.0,0.0,0.0,0.0,0.17391105050117314,0.1688164499619534,0.0,0.0,0.0,0.0,0.0,0.0,0.0,0.0,0.0,0.19617906519519968,0.0,0.0,0.0,0.0,0.0,0.20726040495737774,0.2571117890213327,0.0,0.0,0.0,0.0,0.0,0.21679020510027383,0.0,0.24225951919538458,0.0,0.0,0.0,0.0,0.0,0.0,0.0,0.0,0.0,0.0,0.0,0.17435593696880616,0.1774449409089114,0.19337685477189281,0.2536700533848868,0.19641624860452664,0.0,0.18091900023325452,0.20254285923806972,0.0,0.0,0.21585275772835347,0.20499329703888042,0.2234223465433669,0.18040676065979505,0.1995059023685727,0.0,0.17750981328719068,0.16466607848118445,0.18484752567846324,0.0,0.0,0.0,0.160194522028215,0.0,0.20059340975485085,0.0,0.0,0.0,0.0,0.0,0.0,0.0,0.20840106457120836,0.19626942030925673,0.0,0.0,0.0,0.1742585122292035,0.0,0.0,0.0,0.22153042983765822,0.0,0.0,0.2017176216138387,0.0,0.0,0.0,0.17913457117567635,0.0,0.0,0.0,0.2410228727459355,0.0,0.0,0.0,0.2307604572532553,0.0,0.0,0.21570523533267738,0.2196444941818407,0.15747827745743628,0.0,0.0,0.0,0.23784210410429374,0.15114919970833468,0.18474781494503908,0.22224687576310098,0.22176080637975007,0.0,0.0,0.18412128566727753,0.1606143268129738,0.14424541130374574,0.0,0.1991718586784683,0.0,0.0,0.0,0.0,0.0,0.0,0.0,0.0,0.0,0.0,0.19133507564568217,0.0,0.0,0.0,0.1887862438926048,0.0,0.0,0.18339135719338792,0.0,0.0,0.0,0.0,0.0,0.0,0.0,0.18478611599848993,0.19807833123567278,0.19401616315205747,0.0,0.0,0.0,0.0,0.0,0.0,0.19021826245019716,0.16864168303337956,0.0,0.0,0.0,0.0,0.0,0.1955354200499445,0.0,0.0,0.18259490943664033,0.0,0.23058917576356278,0.2302190467894175,0.0,0.0,0.0,0.0,0.0,0.0,0.0,0.0,0.0,0.0,0.0,0.21696310090091098,0.1535344380525709,0.2214088148342616,0.0,0.2055574766273979,0.24052604522215343,0.178236540356647,0.0,0.21107415526346648,0.0,0.22916143564378819,0.0,0.0,0.0,0.0,0.0,0.2029460621525727,0.0,0.18910611669217525,0.0,0.1970621627106886,0.0,0.0,0.2537418527150357,0.14578823652773618,0.0,0.21856686413805895,0.0,0.0,0.22163878921149635,0.15893626890232343,0.0,0.0,0.0,0.21780372215301813,0.2152485994623533,0.20723515789693295,0.0,0.0,0.22358204605197723,0.0,0.1850138932983141,0.0,0.0,0.1707113147136545,0.0,0.0,0.1523417536586528,0.0,0.0,0.0,0.21741765151485448,0.0,0.0,0.0,0.0,0.1829165470776046,0.0,0.22502738848482215,0.0,0.22502389675617926,0.0,0.16772761932733873,0.0,0.0,0.0,0.15938349227627877,0.0,0.0,0.21111598640224566,0.0,0.0,0.0,0.24911660568624283,0.20333831750719014,0.0,0.15642702081947643,0.0,0.0,0.15581047075971882,0.16022879398932593,0.0,0.23396338646666867,0.19189326830328912,0.0,0.1741579358055835,0.0,0.0,0.0,0.0,0.2137262655453937,0.0,0.0,0.18028470669396543,0.0,0.0,0.22438938939025863,0.0,0.0,0.0,0.18172607012573627,0.0,0.0,0.0,0.16085345596708533,0.17499588917066364,0.0,0.0,0.0,0.22074222708397376,0.0,0.0,0.23962488196580323,0.23446245252891035,0.16251379779273706,0.0,0.0,0.0,0.2013265704695387,0.2265796541161522,0.0,0.0,0.0,0.0,0.20416042897265754,0.0,0.0,0.0,0.0,0.0,0.0,0.2149387348562253,0.2043593011854402,0.0,0.23118534261512758,0.19329440613551646,0.22794701243386523,0.0,0.19276427870879656,0.16069249775692027,0.14771827064192855,0.0,0.0,0.0,0.0,0.0,0.17117123722096503,0.0,0.0,0.2248581235874268,0.0,0.17940460325803667,0.0,0.14165613388029616,0.0,0.0,0.19774834210122355,0.0,0.20044487478385137,0.0,0.18902767420247577,0.0,0.0,0.0,0.0,0.0,0.0,0.0,0.0,0.0,0.1847957222158777,0.0,0.0,0.0,0.0,0.25995687221522507,0.0,0.0,0.19100098576001334,0.0,0.0,0.1805529317123721,0.18515499531486082,0.0,0.0,0.0,0.0,0.0,0.0,0.18781160130860802
0.0,0.0,0.0,0.0,0.0,0.0,0.0,0.0,0.0,0.0,0.0,0.0,0.0,0.0,0.0,0.1847744134859955,0.17897271112434113,0.0,0.0,0.0,0.22792201700347714,0.0,0.0,0.0,0.0,0.0,0.1617707983690174,0.21958089735230282,0.0,0.0,0.0,0.0,0.0,0.0,0.21737860752010774,0.0,0.17480294134197938,0.0,0.0,0.0,0.2229507766634006,0.0,0.0,0.0,0.0,0.0,0.19322241481720545,0.0,0.17810307274989737,0.0,0.0,0.165065534663621,0.20422610596340424,0.20948181363342913,0.21317791186679405,0.0,0.2012646748577596,0.1488180768415838,0.0,0.20201986522542423,0.0,0.0,0.21308367173247564,0.0,0.0,0.1686869744338069,0.0,0.0,0.16684521968658553,0.0,0.0,0.0,0.18999120420222634,0.0,0.0,0.0,0.18121841959133037,0.20355461473426767,0.0,0.0,0.0,0.18041567497132394,0.0,0.18084017635269753,0.1735919345243489,0.19208802874821052,0.0,0.0,0.0,0.0,0.0,0.1858044405443174,0.0,0.0,0.0,0.0,0.0,0.0,0.0,0.18421737495627033,0.0,0.1612094980198289,0.0,0.0,0.0,0.1863320213055139,0.0,0.0,0.0,0.1948591402009167,0.22650231760045164,0.1702964276508685,0.16329742822768165,0.0,0.17806771335526125,0.17908673514786308,0.0,0.0,0.1938260432936492,0.0,0.0,0.0,0.0,0.0,0.0,0.0,0.0,0.1958714812796296,0.0,0.0,0.0,0.0,0.18505479855504667,0.1670901410225731,0.0,0.1981830715104748,0.0,0.0,0.16161962991350873,0.17126172009226934,0.0,0.17727779476447908,0.20788876444483692,0.0,0.0,0.0,0.0,0.0,0.0,0.0,0.17958698659259154,0.0,0.0,0.20712072525187172,0.0,0.2145706051421276,0.0,0.0,0.0,0.0,0.0,0.1995778007793644,0.2008664052448271,0.0,0.0,0.0,0.20258320598172783,0.21135061983987788,0.2010767168449174,0.20904360635301789,0.20237357857535693,0.15104745599423533,0.0,0.0,0.20134886314583472,0.18614320139786364,0.21095941197573365,0.17366219219124057,0.0,0.0,0.0,0.0,0.1696189012520395,0.0,0.17970814470617605,0.0,0.1961031881125952,0.0,0.0,0.18876097550623963,0.0,0.20719763142475767,0.0,0.0,0.0,0.1723794565813561,0.0,0.18255995341608286,0.18115696655981964,0.0,0.0,0.0,0.21774923402629467,0.0,0.0,0.0,0.17656841127833994,0.19035510615562107,0.17037302407711588,0.0,0.0,0.18663648802231056,0.0,0.0,0.0,0.1914474841742526,0.16920190489306056,0.17563620835467736,0.14211373498658678,0.0,0.0,0.0,0.0,0.0,0.0,0.0,0.18543685692416434,0.17437138713649938,0.16599083527264283,0.0,0.1839642879398268,0.0,0.20659219661421682,0.1968485595827001,0.21342241496172698,0.20526935575371535,0.16847944428005635,0.0,0.2077680575807957,0.0,0.18841955556755619,0.0,0.23881668995288777,0.0,0.0,0.0,0.1633742792168924,0.2038719557245578,0.20425098368622407,0.182412532847539,0.0,0.0,0.0,0.0,0.2026439100827788,0.18744273464889608,0.0,0.0,0.0,0.0,0.0,0.0,0.0,0.0,0.0,0.0,0.18619855985722197,0.0,0.2049490912899589,0.0,0.0,0.0,0.0,0.19654653590257248,0.2120178174785367,0.20377746141905903,0.0,0.0,0.0,0.0,0.0,0.1648805542934506,0.21359053494628846,0.0,0.0,0.0,0.0,0.2251463079839606,0.19574628021775675,0.0,0.19447438537420927,0.0,0.0,0.0,0.0,0.1740841829738842,0.0,0.0,0.0,0.16995416022068893,0.23880022481567748,0.0,0.0,0.18100638023992935,0.0,0.0,0.18281920650244418,0.17449390592560454,0.0,0.0,0.0,0.0,0.0,0.16714861842992018,0.19475274565016368,0.0,0.1870487990583592,0.2068630949627202,0.196327500726973,0.0,0.0,0.16008343048584667,0.0,0.2201133161007862,0.0,0.18532377332135436,0.0,0.0,0.16620589860064716,0.0,0.2077959743246643,0.0,0.0,0.0,0.1761748702452625,0.0,0.0,0.0,0.1910273157300685,0.0,0.1670159765777422,0.0,0.0,0.0,0.0,0.0,0.0,0.18319171061033512,0.20783789439488776,0.0,0.0,0.18219906673964673,0.0,0.0,0.0,0.0,0.2153515035428991,0.1848429025357674,0.2154643159205943,0.15737908267420347,0.0,0.0,0.0,0.0,0.0,0.0,0.17280204889088419,0.18075584049668886,0.0,0.20677495059670783,0.0,0.18938668175049522,0.17294285292469902,0.0,0.0,0.21908646487915112,0.17219855891285868,0.0,0.0,0.16636359712997667,0.22442386998132358,0.1861903280703793,0.0,0.0,0.0,0.0,0.18544766579861036,0.0,0.0,0.16242902478034382,0.0,0.0,0.16708006506626605,0.0,0.0,0.2210585578306894,0.2004904646746469,0.0,0.0,0.0,0.18718604164627894,0.18932852377468498,0.206214825918506,0.0,0.0,0.0,0.0,0.0,0.0,0.0,0.18586382117040923,0.0,0.0,0.19553458213974323,0.1770225704365086,0.0,0.17924838208116473,0.15996042882438705,0.19012002414843687,0.0,0.18602758894819754,0.0,0.21605347754308035,0.15809579251817082,0.0,0.0,0.18692136931244263,0.158340008628617,0.0,0.17498492766921325,0.18468918064068243,0.0,0.0,0.18886580202755843,0.20559944578068384,0.0,0.19331838624544137,0.0,0.2003470051207177,0.0,0.0,0.0,0.19831979375338543,0.0,0.17273859990636725,0.0,0.0,0.16611941791879836,0.0,0.0,0.18016043987665226,0.0,0.0,0.0,0.0,0.22436831573743338,0.0,0.15651983024959984,0.0,0.0,0.0,0.0,0.20737135466941667,0.0,0.0,0.0,0.0,0.19717736756444398,0.20551416326348032,0.23319233067996467,0.19531606049382058,0.212208925770669,0.0,0.0,0.16292104002033392,0.0,0.17580925004724635,0.0,0.17901570519400317,0.17862277289567044,0.17818065594083854,0.0,0.15695995927327439,0.0,0.0,0.0,0.0,0.0,0.0,0.228967189075473,0.0,0.0,0.1727975010496613,0.0,0.0,0.0,0.0,0.0,0.1945556835900638,0.19350217061589045,0.20373072645611587,0.18787402553501856,0.0,0.20088465622773585,0.0,0.0,0.0,0.0,0.18525495014047808,0.20398156039148976,0.18275737352120128,0.0,0.0,0.0,0.0,0.0,0.0,0.17597744654520975,0.1550482760003147,0.16713539105686495,0.19997469394875356,0.0,0.0,0.218771376559314,0.22476370660631412,0.18709311343196539,0.0,0.18364483803789375,0.0,0.17997379924747167,0.0,0.24495888533179386,0.20051991945064268,0.0,0.20541976444283855,0.16592295718736136,0.0,0.0,0.2082826545076123,0.0,0.0,0.1921933615358976,0.18838743326891536,0.0,0.18847096333204177,0.0,0.20464513514030042,0.0,0.2034196923042016,0.0,0.2085452459219582,0.0,0.18064308756802944,0.1826007734750411,0.0,0.0,0.0,0.22780543288499033,0.20334814947102173,0.0,0.0,0.0,0.0,0.0,0.0,0.16375804947450875,0.17534828116084186,0.18701873153752657,0.0,0.21124301786021638,0.2088228948370034,0.20145718383275982,0.19803145473547834,0.0,0.18492431768820705,0.0,0.0,0.0,0.0,0.0,0.16304451913987444,0.0,0.0,0.0,0.18267108934407844,0.0,0.0,0.0,0.0,0.0,0.0,0.0,0.1809848638899926,0.0,0.22369304684901736,0.16586865279839816,0.0,0.0,0.0,0.20905691389218575,0.0,0.0,0.0,0.19446078197163472,0.0,0.0,0.15315470134596215,0.0,0.17032299213145857,0.0,0.0,0.17707297461419566,0.0,0.19030193569305498,0.0,0.1613950390363158,0.0,0.0,0.2059493406556493,0.0,0.0,0.0,0.0,0.22825303199267855,0.0,0.1875689435433929,0.0,0.0,0.0,0.0,0.18777650707341445,0.0,0.19128570696922206,0.0,0.0,0.0,0.0,0.1999222995497436,0.18415882527372754,0.0,0.0,0.0,0.0,0.0,0.0,0.0,0.0,0.16773506346847272,0.0,0.0,0.0,0.0,0.1716159034732242,0.0,0.0,0.0,0.0,0.18404951731680727,0.20077199108536156,0.19091240265635434,0.19976489408700973,0.0,0.16892742544219383,0.0,0.0,0.16803851948697757,0.17823681232444927,0.0,0.0,0.0,0.1774090075630035,0.0,0.0,0.17567842326784824,0.0,0.0,0.22033527102482103,0.0,0.0,0.0,0.0,0.17217570624496253,0.0,0.1938898862638552,0.18420037598153238,0.0,0.2064835548147558,0.20614990662559105,0.18358132133109492,0.15576323179976254,0.18132298593729457,0.14495842200192252,0.0,0.17428611188632315,0.0,0.0,0.0,0.0,0.19208547695309255,0.0,0.0,0.20227209703837437,0.1657295285592944,0.0,0.0,0.0,0.0,0.0,0.17233329319221788,0.2133763607637074,0.22934086346717497,0.0,0.0,0.0,0.0,0.0,0.0,0.21920267554479514,0.17757638582954874,0.0,0.0,0.16630288506960458,0.18893258133880733,0.16139799397824323,0.17993529796278365,0.1692149743032136,0.0,0.18636331844107043,0.16449245801646029,0.0,0.0,0.16779573683817542,0.16790455208008426,0.19146950282329314,0.21917995747355837,0.0,0.0,0.0,0.0,0.0,0.0,0.0,0.2040183395021423,0.0,0.18861661163012142,0.18977468969106034,0.19797568598057882,0.0,0.21037639289164833,0.16526716364474942,0.17406717011760162,0.0,0.0,0.19422330597037052,0.0,0.0,0.0,0.0,0.0,0.0,0.0,0.2189997936654567,0.0,0.0,0.0,0.0,0.18514558657810726,0.19312725611088533,0.0,0.0,0.1519884469947011,0.17672391732858259,0.0,0.20942563554056687,0.0,0.1726392005352436,0.0,0.20400826735344302,0.20942924375229083,0.0,0.19011192919129993,0.18958874358483516,0.0,0.18074642311686576,0.0,0.0,0.19577588394491757,0.15526632781554572,0.0,0.16465957998129124,0.0,0.0,0.188486743526972,0.0,0.0,0.1910276493769042,0.1887085820739728,0.15055890938177222,0.0,0.0,0.0,0.16651407630798165,0.0,0.19259769963144238,0.0,0.15651588646190348,0.0,0.17371691374818016,0.0,0.0,0.0,0.0,0.0,0.205925402451402,0.0,0.17802125695303458,0.0,0.0,0.17506350046369604,0.0,0.1814597056313656,0.0,0.0,0.0,0.0,0.0,0.0,0.0,0.0,0.20907881795078206,0.0,0.19890568088279828,0.0,0.2109429867652847,0.1885481263354074,0.0,0.1729891182483706,0.0,0.0,0.0,0.0,0.0,0.0,0.0,0.20228918611856458,0.0,0.0,0.0,0.0,0.21795091915557174,0.0,0.192140667183708,0.0,0.0,0.19316581371871816,0.1629516072728065,0.19736528690667443,0.0,0.0,0.16983959667818171,0.16246253095158772,0.2025230642500532,0.19926732191628668,0.1306594947781631,0.218174730005687,0.0,0.0,0.0,0.19163735665648274,0.0,0.22341201203528896,0.0,0.20128624212692123,0.0,0.0,0.0,0.0,0.0,0.0,0.0,0.0,0.19153375036534742,0.0,0.0,0.0,0.0,0.21590964859577705,0.0,0.0,0.0,0.0,0.0,0.0,0.0,0.20101965648711617,0.0,0.0,0.0,0.0,0.0,0.0,0.0,0.0,0.21928009887098937,0.0,0.0,0.0,0.0,0.0,0.0,0.20531174505546532,0.13197805730440468,0.0,0.0,0.164752362530393,0.0,0.20313705716026317,0.0,0.0,0.0,0.1845536427965622,0.0,0.0,0.0,0.0,0.0,0.17967254015446674,0.13848926159618175,0.0,0.0,0.0,0.0,0.0,0.0,0.0,0.0,0.0,0.0,0.16163145717069874,0.0,0.0,0.0,0.0,0.0,0.0,0.1904773346848071,0.0,0.0,0.0,0.22114917349582053,0.0,0.17935547808775976,0.0,0.0,0.0,0.0,0.1755443489582046,0.0,0.0,0.19298628995952727,0.0,0.19083123374282693,0.0,0.20218715894947764,0.17354829162387286,0.17330780167691862,0.0,0.0,0.2104161197201784,0.17490283773547785,0.18444230942590426,0.0,0.18239652266104636,0.0,0.0,0.0,0.0,0.0,0.0,0.1746699382112862,0.0,0.0,0.0,0.1743989781881866,0.19889754515737468,0.20068915093963163,0.0,0.18016470759757972,0.16038142562184857,0.19891494299168716,0.0,0.2105876556288268,0.0,0.0,0.0,0.16583340979822506,0.0,0.0,0.0,0.14033139528620905
0.0,0.0,0.0,0.0,0.0,0.0,0.748883467127685,0.0,0.7606959557488673,0.0,0.0,0.0,0.0,0.7688229242454324,0.0,0.0,0.7447566180114344,0.0,0.0,0.761621321691522,0.0,0.0,0.7505333384526761,0.0,0.0,0.0,0.0,0.757285649676621,0.0,0.7576630791962946,0.0,0.0,0.7533773534116008,0.0,0.7507401926681287,0.0,0.0,0.0,0.7648789948375659,0.7785840186986174,0.7669421216403653,0.0,0.0,0.0,0.7263786170473199,0.0,0.7457624302964846,0.0,0.7540999391381854,0.0,0.0,0.0,0.0,0.7577955177464307,0.7927007468716105,0.8208944556323388,0.0,0.0,0.7413748860524562,0.0,0.0,0.0,0.7879555170963882,0.0,0.0,0.7779492142730013,0.7097249618348846,0.7359936548240866,0.7428465195424284,0.0,0.7714312956993852,0.0,0.0,0.0,0.0,0.0,0.7260078047369452,0.7797267294937845,0.0,0.0,0.0,0.7538733380408881,0.743254769569989,0.7595863647999026,0.7787280004912565,0.7799016269343295,0.0,0.7569012223869422,0.7538975355564702,0.0,0.0,0.0,0.765525948904713,0.0,0.0,0.0,0.0,0.7952247341376518,0.0,0.0,0.0,0.0,0.7842345959539234,0.0,0.7216974873212978,0.7363879489349632,0.7910026635493115,0.0,0.0,0.767615253189609,0.0,0.7141347310904262,0.0,0.0,0.754240223677723,0.7337208543071096,0.0,0.0,0.0,0.0,0.7229134210245284,0.0,0.0,0.0,0.0,0.0,0.0,0.7713332120746644,0.0,0.0,0.0,0.0,0.0,0.7633129355602604,0.0,0.0,0.7618632705533114,0.0,0.7835932998123739,0.0,0.0,0.7361656137385323,0.7391864988575618,0.0,0.0,0.0,0.0,0.0,0.7641764942842346,0.7657595096637007,0.7765722820320071,0.0,0.7152217713900355,0.0,0.0,0.7390395020151429,0.0,0.0,0.0,0.0,0.733897466422322,0.7329810862283546,0.0,0.0,0.0,0.0,0.0,0.0,0.0,0.7692208884952516,0.0,0.7595315174379351,0.792073155886421,0.7800648205250043,0.0,0.0,0.7699820249313875,0.7666854872201943,0.0,0.0,0.0,0.0,0.0,0.7484089501838515,0.0,0.0,0.7386410182233626,0.7549124025378756,0.0,0.7798282562067608,0.0,0.7229388582029939,0.7504767206912335,0.7531874241991567,0.0,0.7619202506557254,0.0,0.7764868493008806,0.7250972612678785,0.0,0.7566706877813258,0.0,0.7596609903051357,0.0,0.0,0.7441084344491851,0.7892910451094982,0.754375323118183,0.7793496197230659,0.0,0.0,0.716172100460294,0.0,0.0,0.0,0.0,0.7851967533240457,0.0,0.0,0.7097416969446881,0.7264174803016862,0.7543948716492039,0.0,0.0,0.0,0.0,0.7657572329542061,0.0,0.0,0.0,0.0,0.0,0.7727636392326287,0.0,0.0,0.0,0.0,0.0,0.7515684437069362,0.0,0.0,0.0,0.7451560327337402,0.0,0.7513932811067981,0.0,0.0,0.698788699702448,0.0,0.7248324409024017,0.0,0.0,0.0,0.7619761424174062,0.0,0.0,0.0,0.7948044735857838,0.0,0.0,0.0,0.0,0.7860585355679244,0.7528933536019917,0.0,0.72477391911468,0.0,0.7654460418475476,0.0,0.0,0.7712994331361869,0.0,0.7992315458446004,0.7487895078563854,0.0,0.7633136000172801,0.0,0.7260791907138079,0.0,0.0,0.7415771777585665,0.0,0.0,0.7230922720785,0.7389135201672183,0.0,0.0,0.7549677023238064,0.0,0.0,0.0,0.0,0.0,0.0,0.0,0.0,0.0,0.0,0.0,0.0,0.0,0.0,0.0,0.0,0.7819792876810657,0.0,0.6911830705364642,0.7490442022668665,0.0,0.0,0.7593586811298209,0.0,0.0,0.0,0.0,0.7728535933388017,0.7514233494700898,0.7505241839758379,0.7272078725621794,0.0,0.0,0.0,0.0,0.7568598026543252,0.6967511196554969,0.0,0.0,0.0,0.7690242665694441,0.0,0.7651956847447932,0.7489867696397486,0.0,0.0,0.0,0.0,0.7807891669142158,0.7547756290941074,0.0,0.0,0.7340415181029578,0.0,0.7454051317123599,0.7547883067399336,0.6974510931689766,0.0,0.0,0.7839158098480542,0.0,0.7784295333594041,0.0,0.0,0.0,0.0,0.0,0.0,0.7462866049827934,0.7422046353059716,0.7184764798034116,0.7547852318885749,0.0,0.0,0.0,0.0,0.0,0.7698683166375202,0.0,0.0,0.7878252088227711,0.788286889424155,0.0,0.0,0.0,0.0,0.7779490181429951,0.7784486558950409,0.7321284165285176,0.735718099833492,0.0,0.0,0.0,0.7512077958030274,0.0,0.0,0.7721798743424418,0.7561401951141788,0.0,0.0,0.0,0.0,0.0,0.7216885435231071,0.7789291841164673,0.0,0.0,0.7541081325762119,0.7153077933412906,0.7260793625954355,0.0,0.0,0.0,0.0,0.0,0.740022760924601,0.0,0.7473155317057296,0.0,0.0,0.0,0.0,0.0,0.7288387937547567,0.0,0.7724414063539494,0.7635547950097492,0.0,0.0,0.0,0.7555853265305147,0.7558435364757579,0.0,0.7618222801316428,0.0,0.0,0.0,0.0,0.0,0.7118938700372368,0.0,0.7533106295472475,0.0,0.0,0.0,0.7142585260411496,0.0,0.7638653852247599,0.7271144365566521,0.7305700861775141,0.0,0.0,0.0,0.0,0.7648345988501972,0.0,0.0,0.0,0.7808996542483816,0.0,0.0,0.0,0.7904788494822033,0.0,0.0,0.0,0.771189774904056,0.0,0.0,0.0,0.0,0.7464324654478359,0.7851009918404893,0.7356289944166434,0.7543046409379704,0.0,0.7198667159280983,0.0,0.0,0.0,0.0,0.7310453433277742,0.0,0.7844793010748341,0.0,0.0,0.7812902359877432,0.0,0.7972162058415111,0.0,0.7128285437344775,0.716025022614868,0.7497357502199362,0.0,0.0,0.7583163957039756,0.0,0.0,0.0,0.0,0.7778007254265102,0.0,0.0,0.0,0.0,0.0,0.0,0.0,0.7359589311484114,0.7803325651133881,0.7918364041220456,0.7354490018073961,0.7787940094604527,0.0,0.7620459491493807,0.0,0.7545641588510901,0.7724476446808065,0.0,0.7500332116809406,0.7457526277804132,0.0,0.0,0.0,0.0,0.7577483325300959,0.0,0.7762775283031121,0.0,0.0,0.0,0.7416877542026035,0.0,0.81246349009084,0.0,0.0,0.0,0.0,0.0,0.0,0.0,0.0,0.0,0.0,0.7631880484770728,0.7703955631793262,0.7609518263303873,0.0,0.0,0.0,0.0,0.0,0.0,0.0,0.0,0.0,0.7494874118095833,0.0,0.7301605833432183,0.7398137692292898,0.0,0.0,0.0,0.7647254847932606,0.7431872933241974,0.0,0.7300698780502308,0.8024157120857989,0.0,0.7317779616833419,0.0,0.0,0.0,0.0,0.7345786957151746,0.0,0.7478125554178084,0.749848002732446,0.0,0.0,0.0,0.0,0.7260970279565732,0.7138118836980512,0.0,0.0,0.744501816650731,0.0,0.0,0.0,0.0,0.0,0.0,0.7649933493477835,0.7197798469501204,0.7780543632303424,0.0,0.0,0.0,0.0,0.7977837755015285,0.7547747913116498,0.0,0.0,0.0,0.0,0.0,0.7886116609904,0.0,0.7586445054000677,0.0,0.7718134808361544,0.0,0.0,0.7595549929518345,0.0,0.0,0.8077801867448472,0.759200605433178,0.0,0.0,0.78815859694609,0.7427048200025388,0.7483483693405821,0.0,0.0,0.0,0.0,0.0,0.0,0.0,0.0,0.7696578621617104,0.7894606824752801,0.7633448375448255,0.0,0.0,0.7760833196860223,0.0,0.0,0.7099720851329173,0.0,0.0,0.0,0.7381877250028094,0.0,0.0,0.0,0.0,0.7537165823560648,0.0,0.7802166107647452,0.8033164118778511,0.0,0.0,0.0,0.0,0.7531877355577627,0.0,0.7481506499276327,0.755743746669131,0.0,0.0,0.0,0.0,0.0,0.7405590596647227,0.0,0.0,0.7067713617740653,0.0,0.7600849833375047,0.7538380598281942,0.0,0.0,0.0,0.0,0.7397003009831696,0.0,0.0,0.7705023925320851,0.0,0.0,0.0,0.0,0.7420445782861025,0.7514231907612062,0.750530712592451,0.7505360500666198,0.0,0.7457301903320551,0.0,0.0,0.7366929882188282,0.7618925520677335,0.7631876677726573,0.0,0.7968963662951711,0.7131017726591933,0.7279745859684839,0.0,0.0,0.0,0.7560610277981376,0.0,0.7636251949251458,0.0,0.0,0.0,0.0,0.0,0.0,0.0,0.7465355369169824,0.7767840687267905,0.7086344248278613,0.7472928929542655,0.0,0.7728470555237178,0.0,0.0,0.0,0.0,0.0,0.0,0.7470904270392931,0.7472567171549317,0.0,0.0,0.7957907023681284,0.7652641930191969,0.0,0.0,0.0,0.0,0.0,0.748683646402575,0.0,0.7069697457229136,0.0,0.0,0.0,0.0,0.0,0.766260918125139,0.0,0.7577083698473894,0.0,0.0,0.0,0.0,0.8009708242518274,0.0,0.7687040633546344,0.7276779527779683,0.0,0.7489189694897358,0.7510491526124167,0.0,0.7255053660866247,0.0,0.0,0.7836127423990462,0.0,0.0,0.0,0.774953077432549,0.7394518348621709,0.0,0.7432010967286665,0.0,0.0,0.0,0.0,0.0,0.0,0.7361773842159383,0.6975876560758691,0.0,0.7572052384593264,0.7941113293962462,0.7409043859670705,0.0,0.0,0.0,0.7602987839039955,0.0,0.0,0.0,0.0,0.0,0.7923564219900663,0.0,0.0,0.8030847774373314,0.0,0.7648684918049151,0.7772877106220105,0.0,0.0,0.6956654946454013,0.7316007467363566,0.0,0.0,0.0,0.7377042378554469,0.0,0.0,0.0,0.0,0.7130691754880522,0.7944068121167115,0.0,0.0,0.7899438616081721,0.0,0.0,0.7444722383362642,0.0,0.0,0.0,0.0,0.0,0.7367166741293949,0.7656438457608735,0.0,0.0,0.0,0.0,0.0,0.0,0.0,0.0,0.7787727022609452,0.0,0.7352614586906995,0.7384155471559937,0.0,0.7482672272572757,0.0,0.767530298791511,0.0,0.0,0.0,0.7471378996960364,0.0,0.7936927166353227,0.0,0.7189561284628225,0.7392292867559983,0.7916040998127019,0.743571995105506,0.0,0.7980345087306219,0.0,0.0,0.7137394973580854,0.7581556371263596,0.7171157808547958,0.0,0.787482870486276,0.0,0.7653998115097107,0.0,0.7286765457376093,0.785373745250758,0.7191845805124417,0.0,0.7429193589543225,0.0,0.0,0.0,0.0,0.7842975545992167,0.0,0.0,0.7565721605862689,0.0,0.7099935018648282,0.0,0.0,0.0,0.0,0.7590889492789957,0.7538595637819129,0.0,0.0,0.0,0.7720136225977429,0.7589347747422965,0.0,0.0,0.0,0.0,0.0,0.0,0.0,0.0,0.7821746760773838,0.0,0.0,0.0,0.0,0.0,0.736868250700499,0.0,0.0,0.7750622217122273,0.0,0.0,0.0,0.0,0.0,0.0,0.7543234992433919,0.7463291634591245,0.0,0.0,0.0,0.0,0.0,0.0,0.7637188552630634,0.0,0.0,0.0,0.0,0.7441806569421328,0.0,0.0,0.0,0.0,0.7527659627627751,0.0,0.0,0.741781873560126,0.7849228360194823,0.0,0.0,0.0,0.0,0.0,0.0,0.0,0.7474784028878264,0.0,0.8171688865676126,0.0,0.0,0.0,0.0,0.0,0.0,0.7442752412626091,0.756074018761819,0.7510917720144277,0.0,0.0,0.7655232552068416,0.0,0.7640451641048328,0.0,0.0,0.779265077078,0.0,0.0,0.0,0.0,0.0,0.0,0.0,0.7951782512653147,0.0,0.0,0.0,0.0,0.757333739480036,0.8075099980796353,0.0,0.0,0.0,0.7148996683189189,0.7854089822942275,0.0,0.7984548299292061,0.7675531279409651,0.7658542151373162,0.0,0.724249231437025,0.0,0.0,0.7326135299014012,0.7361732131920585,0.7280651255368554,0.7775960171040994,0.7680019920266223,0.0,0.7556745152018597,0.0,0.0,0.0,0.0,0.0,0.7174403189098095,0.7752464391749059,0.7597676799132556,0.0,0.0,0.0,0.0,0.7474455659900535,0.7499266343764088
0.0,0.0,0.0,0.0,0.9171641899426066,0.8984034957711625,0.0,0.0,0.9464395589223997,0.0,0.0,0.0,0.0,0.0,0.9247786090164645,0.9373793331652582,0.9218898926245651,0.9604948635320494,0.9262069338811272,0.9001295030514672,0.9267620232161226,0.9488497977285467,0.0,0.0,0.0,0.9140164599749905,0.0,0.0,0.0,0.0,0.0,0.0,0.0,0.9401756394673269,0.9123276434303585,0.0,0.0,0.9315048634731552,0.9249200438384876,0.0,0.0,0.0,0.0,0.0,0.9256667989230357,0.908682383260692,0.9371115397734774,0.0,0.0,0.0,0.0,0.9256176315472653,0.0,0.9281741175645164,0.9209666250739584,0.0,0.0,0.9246644020648808,0.0,0.9538769217207999,0.0,0.0,0.9105386606339879,0.0,0.9242006762378675,0.9434207812444753,0.935452355298827,0.9245184857834957,0.0,0.0,0.0,0.0,0.0,0.916643401039974,0.9649799310507674,0.0,0.0,0.0,0.0,0.0,0.9360234566173273,0.9484692141924004,0.9568317972479382,0.0,0.0,0.0,0.0,0.0,0.0,0.0,0.0,0.9330201106559238,0.9330706048058691,0.0,0.0,0.0,0.8979985459744938,0.0,0.0,0.9295492193533588,0.0,0.0,0.9522198861235543,0.9522526758093942,0.9387032258007639,0.0,0.9625802501859696,0.0,0.0,0.0,0.9034884050546573,0.0,0.0,0.0,0.9184425923202265,0.0,0.0,0.9271014733628362,0.0,0.0,0.9084290232203388,0.904854126619668,0.9274772215613031,0.9091948282713137,0.9104221031912147,0.0,0.0,0.9164859768663002,0.0,0.0,0.0,0.0,0.0,0.9333435195868413,0.9664942567573471,0.9212464580863693,0.9378702047565363,0.0,0.0,0.0,0.0,0.9839085092868005,0.0,0.9533895589588106,0.9058563577989353,0.0,0.0,0.0,0.0,0.9397465040351087,0.9292354565554634,0.0,0.0,0.912295090817451,0.0,0.9752581910784047,0.0,0.0,0.9272826864264796,0.0,0.9444493624290078,0.9150820726253379,0.9480094546856741,0.0,0.924140703182203,0.9113907357365247,0.9184687195949093,0.0,0.9263729622873311,0.8957014102471547,0.0,0.0,0.0,0.0,0.9000303319759401,0.0,0.8982104903208488,0.9329426285565804,0.0,0.0,0.9402269402967757,0.0,0.945434781547422,0.0,0.91030293183671,0.0,0.8978883861256755,0.0,0.0,0.9161185599937692,0.9122914147174435,0.9036830541181433,0.0,0.0,0.0,0.9615404250520823,0.0,0.0,0.9423650524015805,0.9379644146492615,0.9112766194790621,0.9473368462383339,0.9423834442287108,0.0,0.0,0.0,0.0,0.943787074441616,0.9452924997741262,0.0,0.0,0.9620754659368882,0.0,0.0,0.0,0.9314955360863805,0.9217652557444405,0.0,0.9602429182689084,0.0,0.9420286621881827,0.9360575360973222,0.0,0.0,0.0,0.0,0.0,0.0,0.9889562548855164,0.0,0.9283368753371826,0.0,0.9321481498077983,0.0,0.8930338422211028,0.0,0.0,0.917394636826297,0.0,0.9261393021959056,0.0,0.9529244553194828,0.9384789104904124,0.9257705016344128,0.9020470292038205,0.9453797567700152,0.0,0.9206667280292168,0.0,0.9404831096591931,0.0,0.0,0.9511341606900148,0.0,0.0,0.0,0.0,0.0,0.9571085911280377,0.954664646658537,0.0,0.0,0.9126885421172181,0.0,0.0,0.9328988873841502,0.9156013779485832,0.0,0.0,0.9307178278325029,0.9334934814414548,0.0,0.0,0.9063742832929144,0.0,0.9384590116281367,0.9130908812099187,0.0,0.0,0.0,0.0,0.0,0.927492411240663,0.920635765312408,0.0,0.0,0.0,0.9451328120320462,0.0,0.0,0.0,0.0,0.93799941799336,0.0,0.0,0.0,0.0,0.0,0.0,0.9234246139299923,0.919742559947418,0.0,0.0,0.0,0.9456400541674707,0.0,0.8859853687654137,0.0,0.0,0.9435333356321901,0.969837584254838,0.0,0.0,0.0,0.9325133263000772,0.0,0.9134049809132052,0.0,0.0,0.0,0.0,0.0,0.0,0.0,0.923849886644809,0.9475328600836862,0.0,0.0,0.0,0.9500670611083122,0.0,0.956132639696214,0.0,0.9372778759839331,0.0,0.0,0.9402075785532894,0.0,0.9409712984387056,0.9508213600741737,0.9230742411691566,0.0,0.8996722059488292,0.9492893551053205,0.0,0.0,0.0,0.9404957447347266,0.0,0.9235815179509218,0.0,0.9308023324617817,0.9352289797987771,0.0,0.9198555660502198,0.0,0.0,0.0,0.9341791437711736,0.0,0.0,0.0,0.0,0.0,0.0,0.9231033441163378,0.0,0.9042529644810267,0.0,0.0,0.0,0.9665601773657878,0.0,0.0,0.9100652252818319,0.0,0.9413368820598,0.932813764012562,0.0,0.0,0.9119624234829625,0.0,0.0,0.0,0.9679453004648754,0.9214464290833947,0.9395828663770524,0.0,0.0,0.0,0.0,0.0,0.9488219711253034,0.0,0.0,0.9080491099470935,0.9509127625966203,0.0,0.0,0.0,0.9452666299147457,0.9187496361801047,0.942989341939978,0.8895611936031087,0.0,0.9287812439178227,0.9295418286530129,0.0,0.8939524347726617,0.0,0.0,0.9476914957397321,0.0,0.0,0.0,0.0,0.9300029531895225,0.0,0.9182685604719988,0.9442212270578895,0.0,0.9263424993700858,0.9402085308501781,0.0,0.9159832094034771,0.9488433740397797,0.0,0.949151819244882,0.0,0.8968558388589465,0.0,0.9514137072834831,0.0,0.959936426730987,0.0,0.0,0.9374556283775215,0.0,0.0,0.0,0.0,0.0,0.0,0.0,0.0,0.0,0.0,0.0,0.9127700179960344,0.9603337187146296,0.0,0.9264316612279795,0.0,0.0,0.0,0.9129019002831663,0.0,0.0,0.0,0.0,0.0,0.0,0.9066762438463745,0.0,0.9333659433876434,0.0,0.0,0.0,0.0,0.9317637736210918,0.0,0.0,0.0,0.0,0.0,0.0,0.0,0.927425251312199,0.9261993030155806,0.9347707201054142,0.927233620082642,0.9363918708577175,0.9287615247668206,0.9383731775864349,0.9314141799037362,0.0,0.0,0.0,0.0,0.0,0.9370287425731524,0.0,0.0,0.0,0.9583351459821847,0.9381640766247392,0.0,0.0,0.0,0.9404335614039746,0.906092729429889,0.9554433286662917,0.0,0.0,0.0,0.928672915997069,0.0,0.9194085826293876,0.955915377491832,0.9065468893419828,0.0,0.0,0.9278196421315871,0.0,0.0,0.0,0.0,0.0,0.0,0.0,0.0,0.0,0.0,0.0,0.952868394104086,0.0,0.0,0.0,0.0,0.0,0.0,0.8903215252931046,0.9141430388816653,0.9447249311148952,0.9230103931045984,0.0,0.0,0.0,0.0,0.0,0.0,0.0,0.0,0.0,0.0,0.0,0.9053887879187981,0.0,0.9069094476487954,0.0,0.9192760139662085,0.0,0.0,0.0,0.8957536019868962,0.0,0.0,0.933612984843927,0.0,0.0,0.0,0.9252186679259155,0.9294519390481686,0.0,0.9218913679393244,0.0,0.0,0.9435411675644858,0.9200366140331004,0.9142894729467177,0.9162749341732044,0.9467302998151174,0.915846437110779,0.0,0.9033013927462354,0.0,0.0,0.9177479880566953,0.0,0.0,0.0,0.0,0.9088758076256424,0.9608863782575051,0.923516595947908,0.0,0.9179125895298493,0.0,0.0,0.0,0.0,0.0,0.0,0.0,0.0,0.9241364513019172,0.0,0.9081092389618262,0.9108402242732697,0.9713141085043997,0.0,0.0,0.0,0.8882077796361945,0.9274614594045719,0.9330718936024873,0.0,0.9133030583973671,0.0,0.9519018400890052,0.9422388033434277,0.0,0.0,0.0,0.9307283850122671,0.9493861097487115,0.8781474403866996,0.0,0.9209173164129069,0.0,0.0,0.0,0.0,0.918118802468869,0.0,0.9459714218220241,0.0,0.0,0.0,0.0,0.9612915121977215,0.0,0.9277847465479466,0.9069263768354966,0.9125097968647272,0.0,0.0,0.9181252346641384,0.0,0.0,0.9422216036660556,0.9334645197129259,0.9552280327810244,0.9586696860021512,0.0,0.0,0.0,0.9434481729428819,0.9191251729054015,0.0,0.0,0.0,0.0,0.0,0.0,0.9340100076336418,0.0,0.0,0.8989964415615981,0.0,0.9396835846094347,0.0,0.9382047641730081,0.0,0.0,0.950544447249825,0.0,0.0,0.9113816319734755,0.0,0.9886683766268572,0.9381261700838212,0.0,0.0,0.9003443452219052,0.9323705450056247,0.0,0.0,0.9173988770149984,0.0,0.9148012833316231,0.920277174227537,0.0,0.0,0.0,0.937568498970669,0.9278018548418265,0.9279919991699159,0.9117831844212766,0.0,0.9315574582017592,0.9729921941773906,0.0,0.0,0.0,0.9568744143871606,0.9047655112888788,0.935208208719152,0.0,0.0,0.0,0.9178552912383725,0.0,0.0,0.9316617777255372,0.0,0.9316395127899821,0.0,0.9340744577029043,0.0,0.0,0.0,0.0,0.0,0.0,0.9178274721855683,0.0,0.0,0.0,0.0,0.9489511023616152,0.9521063322926038,0.9162949515684871,0.9397755521330101,0.0,0.9411883535880758,0.0,0.0,0.0,0.0,0.9306900654844075,0.0,0.9200176098526662,0.0,0.0,0.8971722709976256,0.9427002853656906,0.0,0.9111298180388242,0.0,0.9038941561220539,0.0,0.0,0.9481734503897431,0.9354599455484823,0.0,0.0,0.9012619992384985,0.9395570482195617,0.9483347087480017,0.0,0.9465107830913242,0.9504383149440983,0.9489739752031111,0.0,0.0,0.0,0.0,0.0,0.0,0.0,0.0,0.0,0.9398533285730024,0.0,0.0,0.0,0.0,0.0,0.0,0.0,0.0,0.0,0.0,0.0,0.0,0.9460963230202319,0.0,0.0,0.0,0.0,0.0,0.0,0.9080831276030896,0.9081196074783351,0.0,0.9588648468456334,0.0,0.9379608559865006,0.0,0.0,0.914388856728772,0.0,0.9396846912755386,0.0,0.0,0.9157293012127102,0.0,0.9390114546816538,0.0,0.0,0.0,0.0,0.0,0.0,0.9426334010115288,0.0,0.0,0.0,0.0,0.9004283749554377,0.9447216051086458,0.9214585581679055,0.0,0.0,0.0,0.0,0.0,0.9213458966929596,0.0,0.9537707939104321,0.0,0.0,0.0,0.9420261080075998,0.0,0.0,0.0,0.9011842851491433,0.0,0.9348808398879834,0.0,0.0,0.9177577139001152,0.9058678300544393,0.9475237585284951,0.9422443993478611,0.0,0.0,0.9283966281015414,0.9416379967782051,0.0,0.0,0.9520725492307465,0.9273491992451168,0.9228676029378441,0.9244557391848196,0.0,0.0,0.0,0.9669459311438934,0.9381985762559371,0.9228257272929675,0.0,0.8945167291017069,0.9401183380472269,0.9339900228150148,0.0,0.9379321307650823,0.9299571032359216,0.9225992698398068,0.0,0.0,0.0,0.9487610556617974,0.9758228702978502,0.9368854332856141,0.8938392649705484,0.0,0.0,0.9328044988198428,0.0,0.8993174142963957,0.0,0.9373855045957687,0.0,0.9040503780863254,0.0,0.0,0.0,0.0,0.0,0.0,0.0,0.0,0.9073125177852733,0.9090160299171521,0.9463342669908735,0.0,0.0,0.9445936130050646,0.9091727826718841,0.0,0.9215643377183464,0.9402826814504842,0.0,0.0,0.9420322038158017,0.9366279367265511,0.0,0.0,0.9413366051841372,0.0,0.909162742097627,0.0,0.0,0.0,0.926162629346468,0.9372743074485899,0.0,0.9005580102103431,0.0,0.0,0.0,0.9516857411514756,0.909491950060141,0.9425197997051253,0.0,0.0,0.0,0.0,0.0,0.0,0.0,0.9248333330163963,0.0,0.9386994895934062,0.9430084182775744,0.0,0.9337190334510755,0.0,0.9492160576300007,0.0,0.0,0.0,0.0,0.0,0.9119662051019984,0.949694096311746,0.9118536505757496,0.0,0.0,0.9685583341025558,0.0,0.0,0.0,0.9285806584070878,0.0,0.0,0.0,0.9187762831895108,0.9319123273101412,0.0,0.0,0.9103831036418686,0.0,0.9118305247747008,0.0,0.0,0.8983174695543993,0.0,0.0,0.9006099196606187,0.9703006921234217,0.9252079295607456,0.0,0.0,0.0,0.0,0.9230332802242456,0.0,0.9407570153788363,0.9068955451278443,0.0,0.916479214009636,0.0,0.0,0.9202759852963993,0.0,0.9281046975251718,0.0,0.8928853052409437,0.0,0.0,0.0,0.9245004462743872,0.0,0.0,0.8922418398520903,0.0,0.9216933753457799,0.9495739596597637,0.9303934895842444,0.9160727749366325,0.0,0.9428207953944109,0.9118178022001521,0.9435169959630068,0.9450731728302121,0.0
0.0,0.0,0.0,0.0,0.0,0.0,0.0,0.0,0.13272205852171343,0.0,0.0,0.0,0.0,0.0,0.0,0.09157369452244028,0.0,0.0,0.0,0.0,0.10896166742414348,0.0,0.14349816433264376,0.0,0.1241554619290049,0.0,0.09951859380353414,0.0,0.0,0.09499974725048596,0.07783879677840656,0.0,0.12696922081148793,0.0,0.0,0.0,0.0,0.11442069876898063,0.10836613337217471,0.0,0.0825569969518896,0.0,0.0,0.0,0.09438941434015312,0.0,0.0,0.0,0.0,0.13013511041059259,0.1194951308321925,0.0,0.0,0.0,0.0,0.0,0.1215184236258473,0.0,0.0,0.0,0.0,0.0,0.0,0.09303883049822192,0.0,0.10404085635172637,0.0,0.11133598167333807,0.0,0.0,0.0,0.09581736818799133,0.10019291593527196,0.0,0.0,0.0,0.09180848591714527,0.0,0.0,0.0,0.0,0.09956543043448385,0.12287933106336274,0.0,0.0,0.0,0.0,0.07253090425706875,0.0,0.0,0.0,0.10257757815073314,0.0,0.0,0.0,0.0,0.10311369988953845,0.0,0.1096378327034084,0.0,0.0,0.0,0.08940057082415061,0.0,0.0,0.0967778563992792,0.12761954948430476,0.11814220784047635,0.0,0.0,0.10562166370387407,0.0,0.0,0.0,0.0,0.0,0.09466910820722446,0.06391076561709927,0.10485417133441169,0.0,0.0,0.0976165059332723,0.10133068264887445,0.09991059029305047,0.0,0.0,0.0,0.1177554444753718,0.0,0.0,0.10026466537430041,0.10886505730559642,0.1139002030088857,0.0,0.104158560695112,0.12094150501368264,0.11714251188143117,0.0,0.09680265278907688,0.0,0.0,0.10738854866871067,0.0,0.0,0.10768919962202705,0.10889160994430429,0.10494834393444123,0.0,0.0,0.08258242265961208,0.08445117543051167,0.0,0.0,0.0,0.11335467801790648,0.0,0.0,0.08961682447724136,0.0,0.0,0.0,0.11860359181678314,0.08816338845278915,0.08344345998319319,0.0,0.0,0.0,0.09095748451480234,0.10227174136636284,0.11138172010813788,0.12725684121068018,0.08177946275196481,0.0,0.1148696501027202,0.0,0.12134457852963777,0.10740967441062002,0.12930345024254714,0.0,0.0,0.0,0.0,0.0,0.0,0.0,0.0,0.0,0.0,0.0,0.0,0.0,0.0,0.07588355869607001,0.1263808730975738,0.0,0.09141271346226472,0.0,0.0,0.0,0.0,0.0,0.0,0.11511288197700321,0.0,0.0,0.0,0.0,0.11465856216157137,0.09484308349010456,0.0,0.11769810383064418,0.0,0.1154446711435513,0.10424531974061939,0.0,0.07870012967034246,0.10652663701006335,0.0981542719530333,0.12358521712876595,0.0,0.10482361175942072,0.0,0.0,0.0,0.0,0.0,0.1348711758823842,0.0,0.10955424722899429,0.0,0.0,0.0,0.0,0.0,0.0,0.0,0.10910543465439788,0.0,0.08080565138414472,0.0,0.09788045690968837,0.0,0.11435169007624499,0.0,0.062304216126424866,0.0,0.08952007988059933,0.0,0.0,0.0,0.0,0.0,0.11412877954452412,0.0,0.0,0.0,0.11435122685208593,0.0,0.0,0.0,0.0,0.10854407384822284,0.0,0.0,0.0,0.10615634987780843,0.0837788307309999,0.0,0.0,0.0,0.0,0.0,0.0,0.0,0.0,0.10678599117683653,0.10246120820264824,0.10621328338792534,0.0,0.0,0.0,0.0,0.0,0.0,0.0,0.0,0.0,0.0,0.0,0.0,0.0,0.0,0.0,0.10073204565348337,0.0,0.0,0.0,0.0,0.0,0.09734536360673629,0.09761721142459227,0.0,0.0,0.11511899775250226,0.0,0.09266866462062343,0.11097613070513328,0.0,0.0,0.0,0.0,0.0,0.0,0.0,0.08244302921373216,0.0,0.0,0.0,0.0,0.0,0.0,0.0,0.0,0.11910826553875671,0.10001349071451544,0.0,0.0,0.0,0.0,0.0,0.103609250400425,0.08611382415042283,0.101812482323927,0.10382866188430391,0.0,0.0,0.0,0.0,0.0,0.10785479143621007,0.11600567216415836,0.0,0.1016429252462405,0.0,0.0,0.0,0.0,0.09629246550780009,0.1247907459013576,0.0,0.0,0.0,0.0,0.0,0.0,0.0,0.0,0.0,0.0,0.0,0.0,0.0,0.0,0.0,0.0,0.09784808475802013,0.08825570039721084,0.09533061201802567,0.0,0.08004303321592983,0.10780575526426793,0.0,0.0,0.0,0.0,0.0,0.0,0.08108023006665208,0.11098350673269079,0.0,0.1092051752323348,0.0,0.0,0.1052376166639897,0.0,0.0,0.0,0.0,0.11061037144724346,0.0,0.08978591831476927,0.0,0.0,0.0,0.0,0.0,0.11726073566482922,0.0,0.0,0.0,0.0,0.12527865536828817,0.0,0.10539823436824457,0.14335737503221477,0.0,0.0,0.10415975650871122,0.0,0.0,0.0,0.0,0.0,0.11002655153365486,0.0,0.0,0.0,0.10536517085865536,0.13417647390550808,0.0,0.0,0.0,0.0,0.0979141933908365,0.08289581504510941,0.0,0.0,0.08651431047382196,0.11106667760566674,0.0,0.0,0.0,0.0,0.0,0.12525065696324983,0.0,0.07251685762193523,0.0995317969381964,0.10917549902728853,0.1032736512189755,0.0,0.0,0.0,0.0,0.13449314258645104,0.0,0.0,0.0,0.0,0.0,0.11329415869695048,0.08125761352864494,0.0,0.0,0.0,0.0,0.0,0.0,0.10143609625038727,0.0,0.08714180463470882,0.1163401450375955,0.0,0.11198382127237812,0.0,0.0,0.0,0.0,0.0,0.12212620649673825,0.0,0.12588530406482384,0.0,0.09823662814168303,0.0,0.0,0.0,0.0,0.0,0.0,0.0,0.0,0.0,0.09947882315167397,0.0,0.0,0.0,0.0,0.0,0.0760599252588901,0.0,0.0,0.11780203951178732,0.0,0.10960686648425462,0.0,0.0,0.0,0.08701700383166677,0.1088687662075114,0.0876543641007073,0.0,0.0999414534896246,0.0,0.0,0.0,0.0,0.0,0.0,0.0,0.11599544149048632,0.1101393494805458,0.0,0.0,0.0,0.0,0.0,0.0,0.0,0.1160881238835113,0.0,0.0,0.0,0.0,0.09369812178939345,0.0,0.0,0.0,0.0,0.0,0.0,0.0,0.09262997895287504,0.0,0.0,0.0,0.0,0.0,0.0,0.0,0.10058224135069073,0.0,0.1096261723605501,0.0,0.0,0.10529368042687395,0.08890371864384142,0.11959719659226403,0.0,0.0,0.12456586726401961,0.07693903059436376,0.0,0.0,0.0,0.0,0.10888991985182724,0.0,0.0,0.10165100549833268,0.1106244684774913,0.0,0.12575834823921128,0.0,0.09115834529925212,0.0,0.09483319951427568,0.0,0.0,0.0,0.10597531925205661,0.07271872773390017,0.09801370463006508,0.11980675547618855,0.0,0.0,0.0,0.0,0.0,0.0,0.11018033673569089,0.10710245499810844,0.0,0.0,0.0,0.0,0.0,0.12068615953484257,0.10040508994574945,0.1355849090981244,0.0,0.0,0.0,0.0,0.0,0.10937120957885128,0.10012900746873427,0.13618585098811042,0.0,0.1305112421175977,0.09147160011461826,0.0,0.0,0.0,0.0,0.0,0.0,0.14202097142479553,0.0,0.0,0.0965199013642152,0.11958787986042797,0.0,0.0,0.10883971214866861,0.1192010034737574,0.12389331733389727,0.0,0.12328946883279085,0.0,0.0,0.0,0.10033439333393247,0.0,0.0,0.11457944082549897,0.0,0.0,0.0,0.0,0.0,0.1239290935672486,0.0,0.0,0.0,0.0,0.0,0.10428055276235847,0.0,0.1065657028887824,0.0,0.0,0.10786458627373793,0.0,0.09601302811991416,0.09226218518901065,0.08383818877183306,0.0835964870089021,0.0,0.11193259891617394,0.08602632312025357,0.0,0.0,0.08005020634915506,0.0,0.0,0.0,0.1015466805333889,0.0,0.0,0.0,0.10048267122910585,0.0,0.08143906092007998,0.0,0.09961013578091261,0.0,0.0,0.0,0.12765594581534206,0.0,0.0,0.0,0.0,0.0,0.11861109236270752,0.09946321527135148,0.0,0.0,0.0,0.09771426468895084,0.08558837891347519,0.0,0.0,0.0,0.08804603835772314,0.0,0.0,0.0,0.0,0.0,0.0,0.0,0.0,0.0,0.10421075947102403,0.0941193021007052,0.0,0.122024402036192,0.0,0.11617935165907574,0.0,0.0,0.07233066596330195,0.08785518340352659,0.0,0.0,0.10155942251025679,0.0,0.0,0.0,0.0,0.0,0.0,0.10844251028283934,0.0,0.0,0.10332345062794888,0.103708555055722,0.0,0.0,0.0,0.0,0.1020404159346908,0.12272188762319935,0.0,0.08494289996669305,0.0,0.0,0.0,0.08790432187245742,0.0,0.0,0.0,0.08546298715222206,0.0,0.0,0.0,0.0,0.10503191497711818,0.0,0.0866966094944015,0.11325873594113292,0.0,0.12879880274060726,0.07888906498767186,0.08857811525726107,0.0,0.0,0.0,0.0,0.0,0.0,0.11014771022690593,0.09536149872251017,0.0,0.0,0.09943138301564655,0.0,0.0,0.0,0.11276465329763166,0.0,0.09186055601651369,0.0995901359449991,0.08419250275453295,0.11022766269469102,0.09654560151621654,0.0,0.0,0.0,0.0,0.10537939889934858,0.0,0.11375225261228356,0.11590411345410985,0.07988658313885177,0.07924650203151137,0.0,0.12288579765863705,0.0,0.0,0.0,0.09760981246695409,0.0,0.0,0.10244530031697933,0.0,0.0916715792689369,0.11375671518105418,0.0,0.08225132649309747,0.0,0.0,0.0,0.0,0.0,0.0,0.12446274398175998,0.0,0.0,0.0,0.0,0.10344796042536022,0.0,0.09600074167072363,0.0,0.0,0.0,0.0,0.12760172119866559,0.100846776646675,0.12220590082682196,0.0,0.0,0.11511341802221835,0.11236162376937915,0.09093742555132299,0.09952656847780247,0.0,0.0,0.0,0.0,0.10128665107035117,0.11900326802062104,0.0,0.08264215479958163,0.0,0.0841521585390395,0.11868851081089166,0.122940274997341,0.10637983821896593,0.0,0.09524720833750984,0.0,0.09761500918703617,0.0,0.0,0.0,0.0,0.11659272776040285,0.0,0.10261026441084926,0.13196094487346513,0.1320688386863297,0.12058710316680576,0.0,0.08702549271166655,0.10549050924231754,0.0,0.0,0.10183139319239838,0.0,0.1065929592208553,0.10204520639740879,0.0,0.0,0.0,0.0,0.0941892906844709,0.0,0.0,0.09419224592702248,0.0,0.10952430803056523,0.0767209382048287,0.11112484441912836,0.0,0.0,0.11398560512042699,0.06561915882603839,0.0,0.13052432938633637,0.0,0.0813125977573074,0.0,0.0,0.0,0.0,0.08959128580220121,0.09001235109830844,0.0,0.10340083991793848,0.06495427024866145,0.0779846509718006,0.11848463624459978,0.10091632203125596,0.0,0.10334681490611841,0.12262344885181325,0.0,0.0,0.0,0.08786637254886792,0.09865555738289204,0.09479264770186242,0.0,0.10913316803452304,0.09964311271167979,0.10761116139204749,0.0,0.0,0.0,0.12983681643678524,0.0,0.0,0.0,0.0,0.0,0.0,0.09878482252495535,0.0,0.11622942020380968,0.0,0.0,0.12017817274347803,0.12027131185615479,0.0,0.1270807416693714,0.1189875620109642,0.0,0.0,0.0,0.08999293706714324,0.11217137417501878,0.0,0.08969729126068063,0.09673739891379196,0.08419506602063921,0.0,0.0,0.0,0.0,0.0,0.0,0.0,0.0,0.0,0.0,0.0,0.0,0.0,0.12698863672244437,0.0,0.08646364138722953,0.0,0.0,0.0,0.09730751324237517,0.09942842683495433,0.0,0.08692435359166126,0.0,0.0,0.0,0.0,0.10653777321315513,0.0,0.0,0.1120422791496661,0.0,0.11245298510149679,0.0,0.0,0.0,0.11043363570213398,0.0,0.0,0.0,0.10157615507968232,0.0,0.0,0.09692436254145864,0.11637796473443116,0.0,0.0,0.08556777022093862,0.0,0.0,0.0,0.09358429826092336,0.10627205950365029,0.0,0.0,0.09997046523341845,0.07849667473461139,0.0,0.11638707921140484,0.11004316554402324,0.0,0.11717099480343285,0.0,0.0,0.08555564056000912,0.12135849721050386,0.0808162537204242,0.10552516881633008,0.0,0.0,0.08580766691927615
0.0,0.0,0.0,0.0,0.0,0.0,0.6656177827143195,0.0,0.0,0.0,0.0,0.6589610906012721,0.0,0.6664646038866758,0.0,0.0,0.0,0.6346501561977943,0.6377786133105735,0.0,0.6767030728470068,0.0,0.6142998219296191,0.0,0.0,0.0,0.0,0.0,0.0,0.612181157075362,0.0,0.0,0.0,0.6617665069937745,0.6385719684862119,0.0,0.0,0.6409534315987404,0.6483954216425205,0.0,0.6108955637684903,0.0,0.0,0.6375971945525577,0.0,0.0,0.6513329330534599,0.0,0.618755567788612,0.6708270484667566,0.0,0.0,0.0,0.0,0.6222454163660128,0.6399892859533489,0.0,0.6863540384129095,0.0,0.6730834298014315,0.6374532001413251,0.0,0.0,0.6533924226915169,0.0,0.0,0.0,0.6411821871922064,0.0,0.670123668159901,0.0,0.6605145542849223,0.6527233234790102,0.0,0.6640538748904811,0.0,0.6428072148199588,0.5874719453601928,0.0,0.0,0.0,0.0,0.6353654548564804,0.6417593533344287,0.0,0.6409069485920792,0.0,0.0,0.0,0.6953524607347745,0.0,0.6633367127629068,0.0,0.0,0.0,0.0,0.0,0.6210251165278543,0.0,0.6849980113026589,0.6723308338687592,0.0,0.6167439556459461,0.0,0.0,0.0,0.6015996125472687,0.0,0.0,0.0,0.6291924319731177,0.0,0.0,0.0,0.0,0.6305945632456941,0.0,0.0,0.0,0.0,0.6465721687546698,0.6767783496417611,0.6603850322458447,0.6603234825256312,0.652900885259592,0.0,0.0,0.0,0.0,0.6391757578148812,0.0,0.6904464076378011,0.0,0.0,0.6630411544963701,0.6814723926960459,0.0,0.0,0.0,0.0,0.0,0.6204253649091886,0.6440065175025873,0.0,0.0,0.0,0.0,0.0,0.5957950541611623,0.0,0.6261925268712982,0.0,0.6594659055523698,0.6776910676597844,0.6332256053606281,0.0,0.6668030172024958,0.6672504301419476,0.6380963990484387,0.6617576808197732,0.6623729466744253,0.6160938837585338,0.0,0.0,0.6707813971417917,0.0,0.6746817328012505,0.664753965327786,0.6633546622815154,0.6717501703654553,0.0,0.0,0.0,0.6571927850012493,0.0,0.0,0.6414928979357545,0.6314256240086681,0.0,0.0,0.6652802665749248,0.0,0.0,0.0,0.0,0.0,0.6702109621029239,0.0,0.0,0.0,0.6619103349635495,0.0,0.0,0.0,0.0,0.0,0.6775774823966338,0.6480975940456545,0.0,0.0,0.6265974134843115,0.6681254092925444,0.615636417248063,0.0,0.0,0.0,0.0,0.6333811858335422,0.0,0.0,0.0,0.6668243260939652,0.6317454862565994,0.0,0.0,0.0,0.6476969322132221,0.0,0.6253600968234004,0.6566837948959737,0.0,0.0,0.0,0.0,0.0,0.0,0.6261248505532342,0.0,0.6461279662583356,0.0,0.6579698844940582,0.6685146364294562,0.6588447739439961,0.6473085345410824,0.665128833227623,0.0,0.0,0.6095368403486066,0.6334850011869645,0.0,0.6312526084893295,0.0,0.0,0.0,0.0,0.6305645677008538,0.6951231015265138,0.0,0.0,0.6226753162894808,0.0,0.0,0.0,0.0,0.6845860861598757,0.6405357633987372,0.0,0.0,0.6744221581169099,0.6636746507381118,0.6487855624827582,0.6579663605488247,0.6344174171372731,0.6442808699602165,0.0,0.0,0.0,0.6409902696770136,0.0,0.0,0.0,0.6642566380953175,0.6242805460311275,0.605102146985008,0.0,0.672566218718322,0.0,0.0,0.0,0.0,0.0,0.0,0.0,0.677307560055293,0.6194112747193087,0.6527240920750491,0.6733498219432783,0.6590365579831424,0.6289729019884774,0.0,0.6549459994548082,0.0,0.0,0.6720629898419859,0.0,0.0,0.0,0.0,0.0,0.6598940820568697,0.6590156726190576,0.6579609740717391,0.6775873503690942,0.0,0.0,0.0,0.0,0.6815909624920905,0.0,0.6702549721826199,0.6342791558705714,0.0,0.0,0.0,0.0,0.5960895222347161,0.607553808160747,0.6420524675004011,0.0,0.0,0.6825484900619355,0.615609048076285,0.0,0.6309289070330948,0.6954118923548049,0.0,0.0,0.0,0.6230442621040647,0.0,0.6500375279862656,0.6342841775429771,0.0,0.6546975842218559,0.0,0.6758683819179906,0.6288112231095087,0.6845447925690068,0.6463211351446106,0.6867871835272897,0.655940274357719,0.6429171621514227,0.0,0.6710211079777163,0.0,0.0,0.6459939816729424,0.6395736919212164,0.0,0.0,0.0,0.0,0.0,0.0,0.0,0.0,0.0,0.0,0.6619477535689559,0.0,0.0,0.6571889834028704,0.6779315457797046,0.6561165384486827,0.0,0.6290652045315455,0.0,0.6347333601476209,0.6256141834013542,0.5949846312749175,0.646519394320014,0.648978062458872,0.0,0.0,0.6333560766327547,0.0,0.6562961882591934,0.6622469691211197,0.0,0.0,0.6159509191106557,0.6400685474202742,0.0,0.0,0.6391910639297217,0.0,0.6482118097270616,0.0,0.0,0.0,0.6502340074060992,0.0,0.0,0.0,0.0,0.6454532565364772,0.0,0.0,0.0,0.6419442312987447,0.0,0.6529247499468543,0.6562721271853125,0.0,0.6404930177896118,0.0,0.0,0.0,0.6988110301472127,0.0,0.681811178210563,0.0,0.6640467063595942,0.6203158162366569,0.0,0.0,0.0,0.0,0.0,0.6222170638368191,0.0,0.0,0.0,0.0,0.0,0.6290452239085267,0.0,0.0,0.0,0.0,0.0,0.0,0.0,0.6308329140136609,0.6973820658014017,0.0,0.0,0.0,0.0,0.6828514821143865,0.0,0.0,0.6650663596014401,0.6733428998669491,0.6430514997108864,0.0,0.0,0.0,0.6865005896613193,0.0,0.647077045734874,0.0,0.0,0.0,0.0,0.6719403262076521,0.6416171982739898,0.0,0.6409134209185021,0.6599274019529725,0.6610383597298739,0.0,0.0,0.0,0.6648297566518109,0.0,0.6251735569876389,0.0,0.6817428574352432,0.0,0.0,0.6037721082280227,0.0,0.0,0.0,0.6544682894244507,0.0,0.6643425545105311,0.0,0.0,0.5818523779388662,0.0,0.0,0.6086416608713046,0.0,0.0,0.0,0.0,0.0,0.6566622811145478,0.0,0.0,0.0,0.0,0.0,0.0,0.6580018588797168,0.0,0.6080027463587483,0.6486592651341005,0.0,0.6718858883299444,0.0,0.6713880148326393,0.0,0.0,0.0,0.0,0.6244225159109253,0.6424365847867027,0.0,0.6553576107554444,0.0,0.0,0.6444078589028861,0.6515136917103276,0.0,0.0,0.0,0.6443490965498533,0.0,0.6134317704765305,0.0,0.0,0.0,0.0,0.0,0.0,0.0,0.6648419274871464,0.0,0.6356183382181918,0.6416921100998013,0.6383212227326082,0.0,0.0,0.684268465838027,0.0,0.6868044025974325,0.0,0.6660916541506006,0.6505043933095799,0.0,0.659158655273105,0.0,0.6748132052143796,0.0,0.0,0.6676648817259547,0.0,0.0,0.0,0.6599525474594546,0.0,0.6405333759269933,0.6400963330170897,0.0,0.0,0.0,0.0,0.646834843167172,0.0,0.6728306465469795,0.0,0.6236441683641724,0.0,0.6898172249392364,0.6479620874028513,0.0,0.0,0.6309509184642019,0.0,0.0,0.0,0.6628896024674412,0.0,0.0,0.6309461392658634,0.0,0.6751818125909812,0.0,0.0,0.0,0.0,0.6757713358995361,0.6677414537303983,0.6857802779472244,0.6386732841282718,0.672806294131905,0.0,0.646728758647359,0.0,0.0,0.0,0.6701987902469614,0.6365742823491677,0.0,0.6260816736930558,0.6912932129527631,0.6609672014894701,0.6500259814004076,0.0,0.5906063136898497,0.0,0.0,0.6544796799214782,0.6374678303678095,0.0,0.0,0.6447605759806554,0.0,0.0,0.0,0.0,0.6738218690386127,0.640905358506102,0.0,0.0,0.6133973631609173,0.0,0.6367850608206836,0.0,0.0,0.6809917798682135,0.7144230193320763,0.619042240397596,0.0,0.0,0.6583881128638257,0.0,0.0,0.0,0.0,0.0,0.6904971611918607,0.0,0.0,0.6198141828454158,0.7026221833912921,0.0,0.6046670350506754,0.0,0.0,0.0,0.685567373719929,0.6617367676494618,0.0,0.0,0.0,0.0,0.6831059677840592,0.0,0.6477849002954672,0.6525007871263009,0.0,0.0,0.0,0.0,0.0,0.0,0.0,0.0,0.6401609637077469,0.0,0.0,0.0,0.701176260700623,0.0,0.0,0.0,0.0,0.6908573334956334,0.6875201903472337,0.647689660352723,0.6401782004512404,0.0,0.0,0.0,0.0,0.0,0.0,0.620755266918434,0.0,0.6461919355715662,0.0,0.0,0.6176195061692388,0.610999826098635,0.0,0.0,0.0,0.6111911698621922,0.0,0.0,0.0,0.6182396279625038,0.6854935143595627,0.0,0.6425414149530337,0.6008419613490759,0.6463474671078997,0.0,0.0,0.6372759432256525,0.6423326699446988,0.6745860345362753,0.6290403679313818,0.0,0.0,0.0,0.6321176363513206,0.0,0.0,0.0,0.0,0.0,0.0,0.6225160773698437,0.0,0.0,0.6584304844164326,0.648671551191282,0.0,0.0,0.6652877422044859,0.0,0.0,0.0,0.0,0.0,0.6494232856240179,0.0,0.628821765118078,0.0,0.6733900366775285,0.0,0.6753745368035972,0.6446820545735,0.0,0.6543740491226167,0.6426355923155957,0.0,0.0,0.0,0.6329991464015082,0.6579172478745671,0.6930967458654135,0.0,0.0,0.0,0.0,0.0,0.686840634348935,0.0,0.6417865654750226,0.0,0.0,0.0,0.0,0.6506423572919479,0.0,0.6192383345217771,0.7090387205059279,0.6625339918859192,0.6442515241544463,0.0,0.6431862938805418,0.6381151472555812,0.0,0.0,0.0,0.0,0.0,0.6131742436678587,0.0,0.0,0.0,0.6536223792277908,0.6499201361855877,0.6405445640402231,0.0,0.0,0.0,0.636125661120914,0.0,0.0,0.6416317552468705,0.0,0.6707762442532241,0.0,0.0,0.0,0.6836805883043958,0.0,0.0,0.0,0.0,0.6478928865921869,0.0,0.6525090009637707,0.0,0.0,0.0,0.0,0.0,0.0,0.0,0.0,0.0,0.0,0.6666393771100563,0.0,0.6306399285230704,0.0,0.0,0.6213952152965612,0.0,0.0,0.0,0.0,0.6610432364559566,0.0,0.0,0.0,0.614449794796386,0.0,0.6513979554026391,0.0,0.6508798754297784,0.0,0.0,0.6791129008796629,0.0,0.6420026544990666,0.0,0.0,0.6663438990339657,0.0,0.0,0.6572194302839864,0.0,0.0,0.0,0.673106221017796,0.654062964806559,0.6611488110058455,0.0,0.0,0.6424613879821783,0.6341271949939751,0.0,0.0,0.6518085612777139,0.0,0.6833027525049904,0.0,0.6337728182864207,0.0,0.6762688505906835,0.64829283065527,0.0,0.6277147186400931,0.0,0.0,0.6433177759758377,0.0,0.0,0.6974717095852042,0.6627511228608899,0.0,0.0,0.0,0.0,0.648361969859236,0.0,0.0,0.0,0.0,0.0,0.6568541015693894,0.6273527947200102,0.6736616687485926,0.0,0.0,0.666522371572603,0.6433064405573213,0.5992441298689088,0.0,0.0,0.0,0.0,0.6552166680635313,0.656377167955617,0.6612894117333536,0.6402605358371065,0.6117044297169931,0.0,0.6541012223361535,0.661122612449957,0.6699315333741463,0.0,0.0,0.0,0.0,0.0,0.0,0.0,0.0,0.0,0.0,0.6580884817675686,0.0,0.0,0.0,0.6785724239203001,0.6466571260877233,0.6676510399201478,0.0,0.0,0.6980727266551672,0.0,0.6888701900580582,0.0,0.6185049333795373,0.0,0.0,0.0,0.6211955458255395,0.0,0.0,0.0,0.0,0.0,0.6726742240078316,0.646051008233392,0.0,0.0,0.0,0.6516544796263234,0.0,0.0,0.0,0.640041350698321,0.0,0.0,0.6802333749394458,0.0,0.0,0.0,0.6269693926777055,0.0,0.6445212573691238,0.0,0.0,0.0,0.0,0.6691763134653226,0.0,0.0,0.6276580841919767,0.0,0.6589422603253764,0.655056080165888,0.0,0.0,0.6075465334926321,0.0,0.0,0.0,0.6593206965559281,0.0,0.0,0.6660790636197912,0.0,0.6110724428273346,0.0,0.0,0.0,0.0,0.6337558649924278,0.0,0.0,0.0,0.0,0.0,0.6159724098724492,0.6515641627718287,0.6390075049158265,0.661447218875471,0.6863710983069943,0.0,0.6345682387539651,0.6368086602757377,0.6411873458951496,0.0,0.0,0.0,0.0,0.6492041186264738,0.6603091226172636
0.5762470288234894,0.0,0.5631022435909657,0.0,0.0,0.0,0.5284557409998756,0.0,0.589631582052403,0.0,0.5466507492381675,0.0,0.5492352019060496,0.5718302302438178,0.6050607407531218,0.0,0.0,0.0,0.5878684802966848,0.5374812649927213,0.614616261563374,0.5321670910194171,0.0,0.0,0.0,0.0,0.0,0.0,0.0,0.568815608513736,0.538102678469666,0.0,0.5791293337795915,0.0,0.6013653712379127,0.0,0.5464097300612055,0.0,0.6308666026516493,0.0,0.0,0.0,0.0,0.0,0.0,0.0,0.5879803006255783,0.0,0.0,0.5626913709618693,0.5850414394622896,0.0,0.0,0.6235207714657186,0.5805899917119333,0.0,0.5546299909962528,0.0,0.0,0.5807406989149045,0.0,0.5279972742145052,0.0,0.5709113440295933,0.0,0.0,0.0,0.0,0.0,0.0,0.6001028994888571,0.5659951599167847,0.0,0.0,0.0,0.0,0.6056152011285136,0.0,0.0,0.0,0.6112883899207683,0.0,0.5756597046810832,0.5564428772020013,0.0,0.527784753005502,0.0,0.0,0.5997851699264359,0.5929806063809341,0.0,0.5366225627291015,0.5784321064311276,0.0,0.0,0.0,0.5693731847630058,0.5674519062529415,0.0,0.5390320418234759,0.0,0.5176815417835057,0.5678690428727642,0.0,0.0,0.6215685262626435,0.0,0.0,0.5894400637347936,0.61262726642202,0.6391268188442553,0.0,0.5920605121512569,0.0,0.0,0.5933994559955027,0.5949370150780074,0.0,0.0,0.0,0.0,0.5969238760552351,0.5933534589462209,0.0,0.6146644057903197,0.0,0.5564775164514011,0.5793519873600457,0.5854385293905865,0.6236780750994774,0.0,0.0,0.0,0.0,0.6026633785490714,0.0,0.6033800619172883,0.0,0.5563305726414061,0.0,0.0,0.0,0.6281231925289352,0.5708116575029719,0.0,0.0,0.5808600431755846,0.0,0.6079085499349264,0.0,0.591777205772263,0.0,0.0,0.5575258499283754,0.0,0.6138578452671163,0.0,0.5826121759711884,0.0,0.5993135856068504,0.5481266596803126,0.5739794583414338,0.0,0.0,0.0,0.0,0.620682018419155,0.5787827503137833,0.5393224258095639,0.5267641399150979,0.5841233731692232,0.0,0.6096465024250669,0.0,0.6111980205819321,0.0,0.0,0.0,0.0,0.0,0.0,0.0,0.5907622900143857,0.0,0.5920750563544491,0.0,0.5945712519531394,0.0,0.0,0.0,0.5462743519243232,0.5726870664176577,0.5490812985900425,0.0,0.0,0.0,0.0,0.0,0.0,0.0,0.5413247565528732,0.0,0.6276526253904741,0.0,0.5818233391662615,0.5860959939873164,0.5801877499186576,0.0,0.0,0.5481979921817769,0.5425720358090597,0.5997126082179141,0.6099427319846425,0.0,0.0,0.0,0.5724052125136809,0.5983822931922711,0.5644748152668273,0.6026880758220405,0.0,0.0,0.0,0.0,0.0,0.0,0.0,0.5638696563534449,0.0,0.0,0.5764376200062161,0.5199580095108115,0.5960277392672594,0.0,0.0,0.0,0.0,0.5851205909360304,0.5650307950252427,0.0,0.0,0.0,0.6149012374338082,0.0,0.0,0.0,0.5728546652391255,0.5721780830955544,0.0,0.5447387026640409,0.5639134641980265,0.0,0.6126418453766042,0.5820581201741958,0.5330645267897397,0.5991374977599822,0.0,0.0,0.5731855925880737,0.0,0.0,0.0,0.5869457473988526,0.0,0.5557409305086557,0.5543015926766377,0.5827900529581134,0.0,0.0,0.0,0.0,0.5544755713208809,0.0,0.5824023929718087,0.6200233458862482,0.0,0.5584810947374287,0.0,0.0,0.0,0.0,0.0,0.616279364882868,0.5432074893976594,0.5789700571173638,0.0,0.0,0.6016037917151501,0.5936117267441572,0.0,0.0,0.0,0.0,0.5855601611374571,0.0,0.5385661786988545,0.0,0.0,0.0,0.5798314967956458,0.610736070848484,0.0,0.0,0.0,0.0,0.0,0.5803783909824378,0.5434292898625704,0.0,0.0,0.0,0.0,0.0,0.0,0.5721854542533045,0.6003737292400961,0.0,0.0,0.60510397316958,0.6015938952035903,0.5567847532193424,0.0,0.0,0.5482241985319568,0.0,0.0,0.0,0.5678058679131167,0.5796045888153397,0.0,0.6099817293046593,0.0,0.523117316734647,0.0,0.0,0.0,0.0,0.5402308462807068,0.598052363274553,0.0,0.6177685535869438,0.584789789303312,0.0,0.0,0.5505502755669657,0.0,0.0,0.5797790862730673,0.5516240918063426,0.0,0.5436208573085056,0.0,0.0,0.5678675893464521,0.5940184282498233,0.0,0.0,0.0,0.5746274576222753,0.5308122925005333,0.0,0.5953563375854545,0.0,0.600998800160398,0.5652549819361414,0.0,0.61840459931925,0.607782387275245,0.0,0.6184995487456375,0.0,0.0,0.0,0.0,0.0,0.0,0.562687628166744,0.0,0.0,0.0,0.0,0.0,0.5628522915802869,0.5984453455609039,0.0,0.0,0.5769887958000549,0.0,0.0,0.5685708828023274,0.0,0.0,0.0,0.0,0.5729859735565649,0.5821339868559539,0.0,0.0,0.5533183486412944,0.0,0.5655888039805917,0.0,0.0,0.0,0.0,0.5562303500779847,0.0,0.0,0.5434155829106012,0.564396961781922,0.5902460903142774,0.0,0.0,0.0,0.5948589203314074,0.0,0.613619959434592,0.0,0.0,0.562023239537282,0.0,0.0,0.0,0.5754960802499538,0.0,0.0,0.0,0.0,0.5493571589231372,0.576949447625931,0.5901410317952058,0.0,0.0,0.0,0.0,0.0,0.0,0.5447366655751715,0.6078196153511949,0.0,0.0,0.0,0.0,0.0,0.5830578250822693,0.0,0.569998216081014,0.5571780857087197,0.0,0.0,0.0,0.5633775476267294,0.0,0.0,0.0,0.0,0.0,0.0,0.0,0.0,0.5895713611931925,0.0,0.6140879399968558,0.6354392417809046,0.580490793256442,0.0,0.0,0.5857225902268552,0.0,0.0,0.0,0.0,0.0,0.6177598847327448,0.0,0.5643123260779014,0.0,0.5563940952388208,0.0,0.5776140092046935,0.6263095035793514,0.0,0.0,0.5383613953735111,0.5736159666403451,0.0,0.0,0.0,0.5530064041514922,0.0,0.5737010778788502,0.5427906349192524,0.0,0.0,0.5830513525269096,0.0,0.5681704333431304,0.0,0.0,0.0,0.0,0.5340000108083092,0.0,0.5613860917888926,0.0,0.5723080000941765,0.0,0.5435650742579546,0.5705375828577172,0.5858128416790233,0.0,0.0,0.5500110900334068,0.5964879108035056,0.0,0.5877981826657954,0.0,0.0,0.0,0.0,0.5990231245072339,0.0,0.5629749813675173,0.0,0.6209787093655065,0.0,0.0,0.0,0.0,0.0,0.0,0.0,0.0,0.0,0.0,0.0,0.0,0.0,0.0,0.0,0.5597905947085923,0.5576856590567542,0.0,0.583942273861187,0.0,0.0,0.5705894604077294,0.5858253730869818,0.0,0.0,0.5866759470664099,0.5540506715095053,0.0,0.0,0.6246197339419723,0.0,0.5547661002125618,0.5968102120957246,0.5831348580393002,0.0,0.5667972867282705,0.0,0.0,0.0,0.5990637543428641,0.611102427652681,0.0,0.0,0.0,0.0,0.0,0.0,0.6259405042635235,0.5593347467238444,0.0,0.0,0.0,0.5526315063679074,0.0,0.0,0.0,0.5567960310709527,0.0,0.0,0.0,0.0,0.0,0.0,0.0,0.5633932000301322,0.0,0.0,0.0,0.0,0.6014395836646718,0.0,0.0,0.0,0.0,0.5760680358541378,0.5703929640950254,0.0,0.0,0.0,0.537267813392121,0.0,0.5863117834267194,0.5945083245361384,0.0,0.0,0.536150592194489,0.5614928217477723,0.0,0.0,0.5635687955091251,0.5884315197556146,0.5679279309422891,0.0,0.6285162397277226,0.0,0.0,0.0,0.0,0.5918426640312474,0.0,0.6006222517315357,0.0,0.5628889040135817,0.5473648111871889,0.0,0.0,0.0,0.0,0.5657868215422467,0.0,0.0,0.5698394253889071,0.6222954735712612,0.0,0.0,0.6081498079297886,0.0,0.57272440237133,0.0,0.5232214208416331,0.5752111384364051,0.0,0.5814061763331394,0.0,0.0,0.0,0.6369295058684126,0.0,0.0,0.0,0.0,0.0,0.6011721994353898,0.5447117696383748,0.5953538944299356,0.0,0.0,0.5458178806672151,0.0,0.5729929801984366,0.5603518202031569,0.5679650684954638,0.0,0.0,0.0,0.607083672041585,0.6186083482273782,0.0,0.0,0.5717268483494622,0.0,0.0,0.0,0.6095391537547229,0.0,0.6221544036386855,0.5448141824651253,0.562201733200533,0.0,0.5419741571398063,0.5549919548507352,0.6147739709405953,0.5844198644513502,0.5961073019442975,0.0,0.0,0.0,0.598326071692306,0.0,0.0,0.6192937238571912,0.0,0.0,0.0,0.621007147134468,0.5847237919048902,0.0,0.0,0.0,0.0,0.0,0.0,0.0,0.5819417468790659,0.0,0.0,0.0,0.0,0.5416994413383218,0.6143457762555515,0.0,0.0,0.0,0.5597782024761391,0.0,0.0,0.0,0.0,0.0,0.5323988697027133,0.0,0.5563359737990498,0.5708463218857426,0.0,0.0,0.6039628374693571,0.0,0.0,0.0,0.5743042232647195,0.5727280097154469,0.5577937832019698,0.0,0.6241353914845787,0.6023562234031601,0.0,0.0,0.5715997199115844,0.5780814660216288,0.6003041614407236,0.5617944724438318,0.0,0.0,0.614268329627878,0.0,0.60208721139924,0.5679042908955096,0.5672300021381365,0.5480099899257382,0.0,0.5594891277819937,0.0,0.0,0.0,0.6074109422569967,0.0,0.0,0.5497897818630941,0.0,0.5810395041905634,0.6290430995141524,0.6155333692275495,0.0,0.0,0.0,0.0,0.5598138550375392,0.0,0.0,0.0,0.0,0.0,0.5973966430316596,0.6213194897162837,0.0,0.5872377586718165,0.0,0.0,0.0,0.0,0.5314111273623969,0.5718404876748949,0.0,0.5754834582064646,0.6101862285082198,0.0,0.0,0.5834544074441299,0.0,0.0,0.5706664380481583,0.0,0.6066669105073406,0.5739380200613651,0.0,0.0,0.0,0.0,0.5745361662009106,0.0,0.5288590518608615,0.0,0.5436299304190636,0.0,0.0,0.0,0.6021540731925901,0.5649311956153336,0.0,0.0,0.0,0.0,0.0,0.6001399420460902,0.0,0.0,0.0,0.5493548400629816,0.5432650656234238,0.0,0.0,0.5670076596132959,0.0,0.6052849241648719,0.5972821015814265,0.0,0.5872073279081175,0.0,0.0,0.5673729588530841,0.0,0.571379728721702,0.0,0.0,0.0,0.5869940958325814,0.0,0.0,0.52997423486097,0.5763579793019351,0.0,0.6280259183654844,0.0,0.5679493054293864,0.6108921126943325,0.0,0.0,0.5969907685060327,0.5391721345516871,0.5719535859029831,0.5564121713768253,0.5856266902622822,0.5432746084825665,0.0,0.5716093726810605,0.0,0.0,0.5973448994810197,0.5834740807119849,0.6002579911184797,0.5827108112267291,0.6093580195304596,0.0,0.5763959459414355,0.0,0.0,0.0,0.6035226643960061,0.5802451867339238,0.6063847661214091,0.6089632454817576,0.5620987691283121,0.0,0.0,0.6013575909429881,0.6278476613649736,0.0,0.0,0.0,0.5681778849048428,0.0,0.5875846652825065,0.0,0.0,0.5879046925239478,0.0,0.0,0.0,0.0,0.5540170394492383,0.5541414030883802,0.0,0.5893369086109329,0.0,0.0,0.0,0.0,0.5417430930854618,0.0,0.0,0.0,0.0,0.0,0.0,0.0,0.0,0.0,0.0,0.0,0.5698118149401489,0.0,0.0,0.0,0.591959810807344,0.571629910402108,0.5831403833043076,0.0,0.0,0.0,0.0,0.0,0.5359737282563342,0.0,0.5673799581691031,0.5565615840771708,0.0,0.5956220915468904,0.5584692486140773,0.579502527993123,0.0,0.0,0.0,0.0,0.0,0.0,0.0,0.0,0.0,0.6017630864895648,0.0,0.0,0.0,0.0,0.0,0.5473542566501016,0.0,0.0,0.0,0.0,0.0,0.5778913270001181,0.5745808705706951,0.0,0.0,0.5736728235953135,0.0,0.0,0.6287738388456506,0.0,0.0,0.5828125768008602,0.0,0.0,0.5989015558063595,0.5965234890693197,0.0,0.0,0.0,0.5935087657716099,0.5984603777580338,0.0,0.0,0.5734082402937934,0.0,0.0,0.5752339163430803,0.5959753712417547,0.0,0.0,0.0,0.0,0.0,0.0,0.57174251680359,0.5679081287124589,0.6582517242367579,0.6048950938775778,0.0,0.5565415407452989,0.5559722345514112,0.573914466685445,0.5722983655508148,0.0,0.0,0.5285500675833271
0.0,0.0,0.0,0.0,0.0,0.0,0.0,0.0,0.5758777325330907,0.0,0.0,0.0,0.0,0.0,0.0,0.0,0.0,0.0,0.0,0.0,0.5485429435819843,0.5649008703725071,0.502405046550371,0.0,0.0,0.0,0.0,0.0,0.0,0.0,0.0,0.0,0.5650157996093631,0.0,0.0,0.0,0.0,0.4886745785025974,0.5313714594643715,0.0,0.48352683141767877,0.5524384524762856,0.0,0.0,0.0,0.5376338397345903,0.0,0.0,0.0,0.0,0.0,0.5368137586894096,0.0,0.5601760836357408,0.5365775153916537,0.5697687058147275,0.5798165628064326,0.5484358762459304,0.0,0.5329747257059816,0.5350448688313318,0.0,0.0,0.0,0.0,0.5650954875919731,0.5013134309420667,0.5668558927669202,0.0,0.0,0.0,0.0,0.0,0.0,0.0,0.0,0.5274607096466146,0.47781497667711226,0.0,0.0,0.0,0.0,0.0,0.5008613233918952,0.0,0.4899425483805412,0.0,0.5464980117729271,0.0,0.0,0.5145803195467075,0.0,0.0,0.0,0.5755517597408472,0.5705994167876307,0.0,0.5656383282672758,0.0,0.0,0.5690330701191003,0.0,0.0,0.0,0.0,0.0,0.5754100998527215,0.0,0.0,0.0,0.0,0.0,0.0,0.0,0.5513304023882664,0.5523137789625394,0.0,0.5136309853665652,0.5429649010997516,0.0,0.5628236244780814,0.0,0.0,0.0,0.0,0.0,0.5697324152887666,0.0,0.5560174366264589,0.0,0.0,0.0,0.5674835537752921,0.0,0.0,0.5646718525517134,0.5630381056708262,0.0,0.5285506327133953,0.0,0.560320983356015,0.0,0.5512385605740648,0.0,0.0,0.0,0.0,0.0,0.0,0.0,0.0,0.0,0.0,0.5686340559115367,0.0,0.0,0.0,0.0,0.0,0.572350467072671,0.0,0.5166257321701171,0.5569364611687669,0.0,0.5898769460137315,0.0,0.0,0.0,0.5340059787507578,0.0,0.0,0.5112900471822467,0.5537304828403153,0.5430325205281308,0.0,0.0,0.0,0.0,0.586632536013016,0.0,0.5698967041408064,0.5485568115911931,0.0,0.0,0.0,0.0,0.580973781215699,0.0,0.0,0.5593851700056917,0.0,0.6108933614948517,0.5354598235953237,0.0,0.0,0.0,0.561832016306355,0.0,0.5264637008787637,0.0,0.5385206102018716,0.0,0.549669075579407,0.0,0.0,0.5376866463522876,0.0,0.0,0.561893459300241,0.546117078327494,0.5859529406671393,0.0,0.5530617651555094,0.5630540959391049,0.0,0.5859226254190539,0.0,0.0,0.0,0.5164397971223296,0.5408334510691236,0.0,0.0,0.0,0.5538311789189043,0.0,0.5733756906367329,0.0,0.5299251894182454,0.0,0.0,0.0,0.5280028144551954,0.5948879501857532,0.5797525994479646,0.0,0.0,0.5812265158289749,0.5177026548039935,0.0,0.5298446573802423,0.563618971415844,0.5514915559221919,0.5166294091868099,0.0,0.0,0.5851046778801652,0.0,0.0,0.57192131028279,0.5012244058949857,0.0,0.5432018974349523,0.5424848180948341,0.5408829237712988,0.5464016789236216,0.0,0.0,0.5622500242050702,0.5540048935163588,0.5022162759444638,0.0,0.0,0.0,0.0,0.0,0.5629851332201482,0.5310134162813137,0.0,0.0,0.0,0.0,0.5132699980690084,0.0,0.0,0.5460920810068808,0.5436753726166159,0.0,0.0,0.0,0.5095526810389573,0.5645662703004534,0.5735620372976606,0.0,0.0,0.5138630800697103,0.0,0.5860886447671134,0.0,0.0,0.5409321616840677,0.0,0.0,0.0,0.0,0.0,0.0,0.0,0.0,0.0,0.0,0.0,0.0,0.0,0.0,0.0,0.0,0.0,0.0,0.0,0.0,0.5014931838687562,0.5499729848249444,0.5413661525630395,0.5669234773661483,0.0,0.5863842632848293,0.5402946870347632,0.0,0.5750079861849624,0.5025690480823782,0.5722491395949779,0.0,0.0,0.0,0.0,0.0,0.0,0.0,0.0,0.0,0.5436752369045796,0.5504579493841696,0.5771894719078822,0.0,0.0,0.0,0.0,0.5225738872202086,0.0,0.0,0.5453539465014403,0.0,0.0,0.5338774138731339,0.0,0.552541659821422,0.5481430121129983,0.0,0.0,0.5744376731442964,0.0,0.0,0.0,0.0,0.5841527239754142,0.5814904897907132,0.5284228485770679,0.0,0.5396148516638669,0.0,0.0,0.575352647721349,0.5900303538012717,0.0,0.5436073853212453,0.561031068046704,0.0,0.564506573789126,0.0,0.0,0.5248724219162093,0.0,0.0,0.0,0.5667479973007017,0.0,0.5340267246121999,0.0,0.5682353855361957,0.0,0.0,0.0,0.0,0.0,0.0,0.0,0.0,0.0,0.5390431367688052,0.0,0.0,0.5208652519966961,0.0,0.0,0.0,0.5235600156590745,0.5447875263156579,0.0,0.0,0.0,0.5297073003732738,0.5654448788655927,0.5351619444853998,0.0,0.5487357851966151,0.5430003499700522,0.0,0.0,0.0,0.0,0.0,0.0,0.0,0.5829981541608952,0.0,0.0,0.5473410064485303,0.0,0.0,0.0,0.0,0.0,0.5336227156142302,0.0,0.0,0.0,0.562138428184689,0.0,0.0,0.5445980932906058,0.0,0.0,0.514141044036015,0.5575165978561245,0.0,0.0,0.0,0.0,0.5748699551400946,0.0,0.0,0.5713985643784564,0.0,0.5702517882429514,0.0,0.0,0.5451486226409213,0.5292012854290181,0.5619855004818803,0.5426345719290107,0.0,0.0,0.0,0.568271480683751,0.0,0.5848426415748073,0.595199651579153,0.0,0.5317237525390814,0.0,0.0,0.0,0.5409483488383009,0.0,0.0,0.5762641872665143,0.5821416429363733,0.0,0.0,0.0,0.5333395495849026,0.0,0.0,0.5497690702340248,0.0,0.5443904670496629,0.0,0.0,0.46710332098299756,0.0,0.6102836099217712,0.0,0.5150750449387653,0.0,0.0,0.0,0.0,0.0,0.0,0.5697092844516038,0.0,0.0,0.0,0.0,0.0,0.0,0.5519086704514397,0.5404353168378836,0.5374355876174349,0.5307739964610442,0.0,0.0,0.0,0.0,0.0,0.5402361753155848,0.5834883596074337,0.0,0.5590678144869297,0.5282473376572903,0.550167862151195,0.0,0.0,0.0,0.0,0.0,0.0,0.0,0.5381490076272261,0.5567795353087462,0.536361746921034,0.0,0.5426198022426781,0.5817417702873634,0.5717147733626576,0.0,0.0,0.0,0.0,0.0,0.0,0.5848278222875195,0.0,0.5291173675689659,0.0,0.5957597476440252,0.0,0.0,0.0,0.0,0.544933217559144,0.0,0.0,0.0,0.0,0.0,0.5385705074288962,0.5747539905672336,0.5751963651087412,0.0,0.5823720828673694,0.0,0.6247412444771393,0.0,0.0,0.0,0.5367752660111118,0.0,0.0,0.0,0.5253338745179367,0.0,0.0,0.0,0.0,0.5881347065567349,0.5323440176861987,0.5661894674716565,0.5257011846368763,0.5504144032754725,0.0,0.5714205567754987,0.0,0.0,0.0,0.0,0.0,0.0,0.5960451648999738,0.0,0.0,0.5364361207822654,0.5482948350355894,0.5794052871005937,0.0,0.0,0.5296635382440769,0.57719998051718,0.0,0.5434957212026436,0.0,0.0,0.5596811465342649,0.522508983820225,0.0,0.0,0.611605532722507,0.5755847443814407,0.5667522444921331,0.5459263624974368,0.0,0.5280594664607543,0.0,0.0,0.5766484651175442,0.5365818964681558,0.5559900064890142,0.0,0.5702331103415513,0.0,0.0,0.0,0.540774979632306,0.0,0.0,0.0,0.5868656581321066,0.5485128104979279,0.0,0.0,0.5611497439438249,0.0,0.5018696126667931,0.5121989866364586,0.5371598454801403,0.0,0.0,0.5254932133637078,0.0,0.5738184136447448,0.0,0.0,0.5660599963543491,0.0,0.0,0.5023108831300492,0.5816335730754466,0.5373383966877835,0.5668797473144287,0.5322787808175728,0.0,0.0,0.0,0.0,0.0,0.0,0.0,0.0,0.5424769323602397,0.0,0.0,0.5643376806420597,0.5373851947436913,0.5276826799565918,0.0,0.0,0.0,0.0,0.0,0.0,0.0,0.0,0.0,0.5909907078595026,0.0,0.5968148291131128,0.0,0.5704132576808294,0.0,0.5687105368102947,0.0,0.0,0.0,0.0,0.0,0.5254475600400614,0.0,0.5368173370124528,0.0,0.5568716349951415,0.0,0.0,0.5325442107331754,0.0,0.5697158009002349,0.0,0.0,0.5432289818919687,0.0,0.0,0.5578242657817422,0.0,0.5659079965608083,0.0,0.5976872861841666,0.0,0.5488599622910749,0.5351152195763095,0.5539097573609061,0.5469706274110457,0.0,0.0,0.5118701392266346,0.5567679379055923,0.5454045654030525,0.0,0.5372658130816338,0.0,0.0,0.5810836251358216,0.0,0.0,0.0,0.0,0.5504548389443985,0.5388880014140559,0.5619383543597634,0.5800495067081481,0.0,0.0,0.5578483193415937,0.5687092801621568,0.0,0.5486982058664517,0.5616982321770532,0.5229531497356148,0.0,0.0,0.0,0.0,0.0,0.0,0.0,0.5987902392692911,0.0,0.0,0.5664322661526137,0.545428472460152,0.5330147933614621,0.5319632808883829,0.5594792379039528,0.5468600616721774,0.5669273819364168,0.0,0.5717849026747902,0.0,0.0,0.5436111565802545,0.0,0.5079387822168001,0.5691203949378634,0.5768860872531815,0.5586131625505301,0.0,0.0,0.0,0.5552288027755679,0.0,0.5483486931769115,0.0,0.527255642443286,0.0,0.5475039996834761,0.5176031425168546,0.5253789042648884,0.0,0.5294227941349797,0.0,0.0,0.5671473441207852,0.5253028670686752,0.0,0.5807800882975014,0.5779845196509326,0.5465942687935299,0.0,0.5340959260825431,0.0,0.5376724354529154,0.0,0.0,0.0,0.0,0.0,0.0,0.561631288022881,0.0,0.0,0.0,0.0,0.5772593353216634,0.5339643040223939,0.0,0.0,0.5747903760031665,0.0,0.5256938361685649,0.5596417270563613,0.0,0.0,0.0,0.0,0.5140561865001511,0.0,0.0,0.0,0.0,0.0,0.0,0.528211641751735,0.5408588583628386,0.5750740651146588,0.5455419467347744,0.0,0.0,0.5339149073207223,0.5352114703571771,0.5295718091459904,0.0,0.0,0.0,0.0,0.0,0.550503187069423,0.0,0.0,0.0,0.5353401231647006,0.0,0.4755772923347134,0.5458455205974273,0.562307078551407,0.5473604132725621,0.0,0.0,0.5786923799563927,0.0,0.0,0.0,0.0,0.518219621705975,0.0,0.0,0.5559566788854269,0.5386294718276025,0.0,0.0,0.5353379526397233,0.0,0.559914221438174,0.0,0.0,0.0,0.0,0.0,0.5936410054373812,0.0,0.0,0.5715255876662954,0.0,0.0,0.572014567478111,0.0,0.579948469987572,0.0,0.5235846749987965,0.0,0.5352715811529635,0.0,0.5428575511266438,0.0,0.5522861579876314,0.0,0.0,0.0,0.0,0.0,0.0,0.0,0.5233968300267339,0.5359910103289907,0.5566723296670915,0.5239410848332554,0.5560189284794144,0.0,0.5311959631710111,0.0,0.0,0.5662787315245816,0.0,0.0,0.5890656879855737,0.5684691499513667,0.5509109659593313,0.5380494487615303,0.0,0.0,0.0,0.0,0.0,0.0,0.0,0.515974609426718,0.5713649534757209,0.5605343648390534,0.5733469609865274,0.0,0.0,0.0,0.5627680464527951,0.0,0.0,0.0,0.5426827389222127,0.0,0.0,0.5790342422794325,0.5770820703881275,0.5233624818230318,0.0,0.0,0.5529790786098542,0.0,0.0,0.0,0.5406168381155629,0.5213995305210378,0.0,0.0,0.0,0.5770718925403608,0.0,0.6204567105165492,0.0,0.0,0.0,0.0,0.5527870669080044,0.0,0.0,0.5661694771004362,0.5484205528176253,0.5976452504573477,0.0,0.0,0.5091164531300654,0.0,0.5369192823828389,0.5440484629418344,0.0,0.5135098957819355,0.0,0.0,0.5465242769288562,0.5628333215624052,0.5444713494496006,0.0,0.5887327261607743,0.0,0.5547588720540215,0.0,0.0,0.5853138471878929,0.0,0.0,0.0,0.55162759407596,0.5249488303363995,0.5469113548684905,0.0,0.5710112270952284,0.0,0.5666752976868493,0.0,0.0,0.0,0.0,0.0,0.0,0.5300586398546843,0.0,0.0,0.0,0.0,0.5925892174439663,0.0,0.5598211612443111,0.0,0.0,0.0,0.5565052740088682,0.0,0.0,0.5683349405726986,0.0,0.5317071997227654,0.0,0.0,0.5538461158909199
0.0,0.0,0.0,0.0,0.7098921833071061,0.0,0.0,0.0,0.0,0.0,0.0,0.0,0.0,0.6652562291693883,0.6893715169681197,0.0,0.6773071139135962,0.0,0.7589826105136677,0.0,0.0,0.7006338477230999,0.7008230738254153,0.0,0.6767864560093744,0.0,0.0,0.7320745242397635,0.0,0.0,0.0,0.0,0.6911160671455319,0.0,0.6958628618148186,0.0,0.0,0.0,0.0,0.6819633942443349,0.6469583755191911,0.0,0.6923392615897003,0.0,0.0,0.7435975741583843,0.7265106093985644,0.0,0.652912802764622,0.0,0.6872599235374465,0.0,0.0,0.7067156345797228,0.0,0.0,0.0,0.0,0.7050921838825368,0.0,0.7161167604139554,0.0,0.0,0.6716396630811577,0.0,0.0,0.7069056511172825,0.6667012015006497,0.0,0.0,0.0,0.0,0.0,0.0,0.0,0.0,0.7014938084765218,0.0,0.0,0.0,0.0,0.0,0.0,0.6841877463695277,0.6928139522714198,0.0,0.0,0.0,0.0,0.6764494592864198,0.0,0.0,0.0,0.0,0.0,0.0,0.0,0.7348451267995275,0.0,0.6931065878113862,0.0,0.6474935641665652,0.6993474776458586,0.0,0.6918892780256651,0.0,0.0,0.0,0.6684672767856338,0.698882627073532,0.685103131951906,0.6551138096733609,0.0,0.0,0.6990506454979741,0.0,0.0,0.0,0.71555498622247,0.0,0.691150581762118,0.0,0.7169093559372618,0.6827086136522724,0.7093831652675595,0.0,0.7020191791807884,0.0,0.6726393897723921,0.71949690269891,0.0,0.0,0.683569548709814,0.0,0.0,0.0,0.0,0.0,0.6678646407014788,0.0,0.0,0.0,0.0,0.0,0.7165385115475871,0.0,0.6675554488521632,0.0,0.7008264575450152,0.0,0.0,0.0,0.0,0.0,0.6607410710872287,0.0,0.0,0.0,0.6732895899927415,0.0,0.0,0.0,0.7289783096383516,0.7073872335203555,0.0,0.0,0.0,0.737445757111201,0.0,0.6843451405095149,0.692028626662932,0.0,0.0,0.7037571121600011,0.7104387342888714,0.0,0.725265696743348,0.0,0.7061395474144677,0.0,0.0,0.0,0.0,0.0,0.0,0.0,0.7067378006616747,0.0,0.0,0.0,0.0,0.0,0.0,0.0,0.7246774826329837,0.0,0.7287469737492683,0.0,0.6564643636245026,0.0,0.6921644516554101,0.0,0.708056486812378,0.0,0.0,0.0,0.6816287127175501,0.7117084384686886,0.0,0.0,0.0,0.0,0.7089800070861886,0.0,0.0,0.7745886396069622,0.0,0.6674858311122512,0.7098514855648259,0.6802958517872071,0.0,0.0,0.0,0.0,0.0,0.6565334108367796,0.0,0.0,0.0,0.0,0.7026750603678518,0.0,0.6758639169945897,0.0,0.6441405346586868,0.7093704806660919,0.0,0.6625184278167217,0.6848064163898558,0.7214824072279554,0.0,0.6745092573924049,0.7078740116031804,0.0,0.7023477785315457,0.0,0.0,0.0,0.0,0.7310076557517606,0.6573288050761837,0.0,0.7007127071013277,0.6925533926555492,0.6770750851223512,0.6754673375650899,0.7189015277209613,0.0,0.7269290907397878,0.7313493828571583,0.0,0.0,0.0,0.7036518868858652,0.0,0.0,0.0,0.0,0.6889580650951933,0.0,0.0,0.690864729437273,0.7239782442255416,0.7099416757880769,0.7115697520409762,0.0,0.0,0.7031037000314772,0.0,0.0,0.0,0.0,0.0,0.0,0.6819306188897563,0.0,0.0,0.7269769885725901,0.6837480411681454,0.0,0.6777384051474906,0.0,0.0,0.0,0.0,0.718131704867198,0.0,0.0,0.0,0.0,0.0,0.0,0.0,0.0,0.713535055302013,0.7282025642149421,0.0,0.0,0.0,0.7254370634151512,0.0,0.0,0.0,0.0,0.0,0.7019736936314579,0.6973361140592828,0.0,0.0,0.0,0.6813307994266788,0.6819636893824217,0.0,0.6748215585854596,0.6930664843355957,0.0,0.0,0.0,0.0,0.7109359796463264,0.0,0.0,0.0,0.0,0.0,0.0,0.0,0.0,0.7220609222788569,0.690971778971219,0.7304770791379438,0.6788983343793727,0.7067731219986844,0.0,0.0,0.0,0.0,0.0,0.0,0.0,0.0,0.0,0.0,0.0,0.7077973622921557,0.0,0.7714019310699314,0.0,0.6961361116548211,0.0,0.0,0.0,0.7044154536793367,0.0,0.0,0.0,0.656394361675379,0.0,0.0,0.7356926693722731,0.0,0.6960603353539112,0.0,0.0,0.0,0.0,0.6654050180961405,0.0,0.0,0.0,0.0,0.0,0.7025964595843787,0.0,0.0,0.7477254736337272,0.0,0.0,0.0,0.0,0.0,0.0,0.7201258072811343,0.0,0.0,0.0,0.709404874945394,0.6932545799575099,0.0,0.0,0.7150085574013663,0.7611451222639538,0.6772196047541844,0.6654149811824879,0.7169238968161132,0.6821543144784474,0.0,0.0,0.0,0.0,0.0,0.0,0.0,0.0,0.0,0.0,0.6913618254776575,0.0,0.6827975050921784,0.6948926814852202,0.0,0.0,0.6679052996222454,0.0,0.6568383809846239,0.0,0.6757720927938431,0.6711133883223218,0.0,0.0,0.0,0.0,0.0,0.0,0.7324198857717938,0.0,0.6774484765428109,0.7232109055869671,0.6696591233442886,0.0,0.0,0.0,0.0,0.700039619661743,0.6786484254748286,0.0,0.0,0.0,0.0,0.0,0.7262267262056578,0.7014807178990335,0.0,0.0,0.0,0.6963445062148605,0.0,0.6876069395683594,0.0,0.0,0.0,0.6666195643342022,0.0,0.7249878280494625,0.0,0.0,0.0,0.6580099016537627,0.0,0.691818916072605,0.7072805397402351,0.7350607006808757,0.0,0.0,0.0,0.0,0.7175914555308952,0.0,0.6876039408821859,0.0,0.7165844410826232,0.0,0.0,0.7056593107649531,0.0,0.0,0.0,0.0,0.6934276858548513,0.0,0.0,0.0,0.0,0.0,0.0,0.0,0.6902443980176198,0.0,0.6870918673443718,0.7053366864846716,0.0,0.0,0.644934230237396,0.6699482280172087,0.0,0.0,0.7405013454601662,0.7029151517898842,0.0,0.0,0.0,0.6933724348004712,0.0,0.0,0.0,0.0,0.0,0.7415066259877203,0.0,0.7380406062925695,0.67112180966787,0.698961451431997,0.6736600382161275,0.7130121887140599,0.0,0.6632143771215444,0.0,0.0,0.6936626582558519,0.0,0.0,0.7110256874774008,0.7387074187813829,0.0,0.7129726155034881,0.0,0.0,0.0,0.7311189580017178,0.7212806907397055,0.0,0.6653232355660066,0.6725492225420666,0.0,0.717659097796641,0.0,0.0,0.688250011181255,0.7194200327063711,0.0,0.0,0.0,0.696503624307314,0.7255196937103942,0.0,0.0,0.0,0.0,0.0,0.0,0.0,0.0,0.0,0.0,0.6969695706137723,0.0,0.0,0.0,0.0,0.0,0.6774559032945455,0.0,0.0,0.0,0.6701166261625092,0.7251860877598061,0.7305635897056436,0.6929878646348211,0.0,0.6886272802456178,0.6870086897132758,0.0,0.0,0.0,0.7009303314244735,0.0,0.0,0.7121340445567771,0.0,0.6692166669458262,0.0,0.0,0.7019355727925188,0.717431320673622,0.7088914833736158,0.0,0.0,0.7046919738973605,0.0,0.7048905295501678,0.682030939511283,0.0,0.0,0.0,0.7270536280232996,0.6848183284059003,0.7072149976637161,0.6879657987457318,0.7234865098431702,0.0,0.0,0.0,0.0,0.6989609847984173,0.0,0.0,0.0,0.0,0.6986084725941419,0.0,0.0,0.6979766663387771,0.0,0.0,0.0,0.0,0.0,0.0,0.666931812965495,0.0,0.0,0.0,0.0,0.0,0.0,0.0,0.6667530661065952,0.0,0.0,0.0,0.0,0.0,0.0,0.0,0.0,0.0,0.0,0.68870198855597,0.0,0.0,0.7291856978080699,0.7287809117852855,0.7146260137676058,0.0,0.7223165155576823,0.0,0.0,0.7498328553993078,0.7071964593640964,0.0,0.7203304544099465,0.0,0.7090067541812863,0.0,0.0,0.6851744114148423,0.0,0.0,0.7125193677847564,0.7088349465043061,0.0,0.0,0.0,0.0,0.6663206260767264,0.0,0.0,0.0,0.7268557928681075,0.0,0.0,0.6690376570862075,0.0,0.0,0.0,0.686740284026481,0.7186610609676477,0.6290460879584785,0.0,0.6944035692914088,0.734272062603695,0.7246326367452995,0.0,0.0,0.0,0.6787494048002337,0.0,0.0,0.7151494956157421,0.6997867200343867,0.7235402950928763,0.7394876218598974,0.0,0.716788180019471,0.0,0.6755386475294642,0.0,0.0,0.0,0.0,0.731937166116775,0.0,0.0,0.0,0.7112492008815348,0.0,0.0,0.6971508204101318,0.6748021845008395,0.0,0.0,0.0,0.0,0.0,0.0,0.0,0.680423667402821,0.0,0.0,0.0,0.0,0.0,0.0,0.6938181577510264,0.6875273658719083,0.7100859572079607,0.6985524758535481,0.0,0.0,0.0,0.0,0.7123377398084565,0.703854599220709,0.0,0.0,0.0,0.0,0.746548517593117,0.0,0.0,0.7401784390101719,0.0,0.0,0.0,0.7669935961634051,0.0,0.0,0.6528719840659921,0.0,0.7038900238574792,0.0,0.7401082717888422,0.0,0.0,0.6704047256105655,0.0,0.0,0.6922720513854843,0.0,0.0,0.7503744664898643,0.0,0.6769896600121139,0.0,0.7326686928442409,0.6696142969197988,0.708547601255973,0.7066640333934702,0.0,0.7357293487668205,0.7361946081477554,0.0,0.6879611865916617,0.6792075079558709,0.0,0.0,0.6998071081431835,0.0,0.0,0.0,0.6955611169421619,0.0,0.0,0.0,0.0,0.6864009268616841,0.7218670431646962,0.7123410355009545,0.0,0.0,0.0,0.0,0.7243741738895936,0.6978773088454072,0.0,0.7137061932300764,0.0,0.0,0.0,0.0,0.6947135995446507,0.6681690116259819,0.0,0.0,0.0,0.691825114232742,0.7098061431119672,0.0,0.0,0.0,0.0,0.0,0.0,0.0,0.6483130784307081,0.0,0.0,0.0,0.6894083990063337,0.0,0.0,0.7048166291962042,0.0,0.0,0.6743216767605292,0.0,0.7243423715445578,0.0,0.0,0.0,0.7239296579366433,0.0,0.0,0.0,0.0,0.0,0.0,0.0,0.6755481092151611,0.6588985412886595,0.6962860134250662,0.0,0.7193848966231505,0.6999895897006153,0.0,0.0,0.0,0.0,0.0,0.0,0.7072757623447373,0.0,0.0,0.7101776405856506,0.0,0.0,0.0,0.0,0.6853214747694685,0.0,0.693088405692188,0.0,0.0,0.0,0.7284848664659304,0.0,0.0,0.0,0.0,0.7287630703626262,0.0,0.0,0.7246551522347052,0.7094415168208005,0.639479450249152,0.0,0.6861883420090147,0.0,0.0,0.0,0.0,0.0,0.0,0.0,0.6603033004584439,0.0,0.0,0.7423773912492737,0.0,0.0,0.0,0.0,0.6858123857078468,0.0,0.0,0.0,0.0,0.0,0.0,0.0,0.0,0.6538934152945015,0.0,0.0,0.6995112572333151,0.0,0.0,0.0,0.670421858286618,0.6460810091789041,0.6572928544377613,0.0,0.7142854286040025,0.6653174691265157,0.0,0.0,0.0,0.0,0.689638819083364,0.0,0.7058715166809885,0.0,0.6977336793485095,0.0,0.0,0.0,0.0,0.0,0.0,0.6659046087251455,0.0,0.684708932178253,0.0,0.6932861465653488,0.7031318196118285,0.732396186574109,0.0,0.0,0.0,0.0,0.0,0.7818458384416995,0.0,0.0,0.0,0.0,0.0,0.0,0.0,0.0,0.6851798463939208,0.6547008661532814,0.0,0.0,0.0,0.0,0.0,0.0,0.0,0.0,0.0,0.0,0.0,0.0,0.0,0.0,0.0,0.0,0.0,0.7128151501075928,0.0,0.0,0.6667579560772751,0.0,0.6904899639663712,0.71536379568639,0.0,0.67867461780543,0.0,0.7044146963010753,0.0,0.705335177444831,0.0,0.0,0.0,0.0,0.0,0.0,0.6844214055353491,0.6573541039290663
0.0,0.0,0.0,0.0,0.1495668361352614,0.0,0.15053200553215046,0.0,0.0,0.0,0.0,0.0,0.0,0.0,0.1376952397016125,0.0,0.0,0.1654692039570552,0.1415345294261379,0.0,0.16457581517290096,0.1464230444644709,0.16248760094041695,0.0,0.12962497013837418,0.0,0.14456493802844161,0.12363458990251193,0.0,0.0,0.0,0.0,0.0,0.0,0.0,0.1358051193743449,0.0,0.0,0.137113381991843,0.0,0.11241089622148476,0.0,0.0,0.1532487794893413,0.0,0.14767709572645052,0.0,0.12762508821520416,0.0,0.13861426866003715,0.0,0.0,0.1536434156772087,0.1329018919220905,0.14297519990656732,0.0,0.0,0.0,0.0,0.0,0.15802609297034198,0.1307970266655011,0.1447380093793946,0.12770130695083576,0.0,0.15986346882759989,0.15733709727225587,0.16014618987785986,0.0,0.1411314025649477,0.13728616469118918,0.14948728263597938,0.0,0.1299786011705762,0.0,0.0,0.0,0.0,0.0,0.0,0.15241489957259943,0.15330513250905967,0.14447446010867282,0.13854548224551255,0.0,0.1473996041891584,0.0,0.0,0.14468882957972085,0.0,0.0,0.0,0.0,0.13415526626849555,0.0,0.0,0.15922274083601212,0.0,0.14326357791313224,0.0,0.0,0.16345036785486056,0.0,0.0,0.14678097228393738,0.0,0.0,0.11571117235920414,0.0,0.0,0.0,0.0,0.0,0.0,0.0,0.16575053997858472,0.12160394253575374,0.0,0.0,0.0,0.1584142367458801,0.14031434608950313,0.11902375265475047,0.0,0.11080129264082768,0.12654016415743727,0.0,0.0,0.0,0.0,0.0,0.0,0.15727095205183128,0.0,0.0,0.13343958414182697,0.14358202473355705,0.0,0.0,0.0,0.0,0.0,0.15509027752809867,0.0,0.0,0.15795028044285095,0.0,0.0,0.0,0.0,0.13821958845947335,0.0,0.0,0.0,0.0,0.10301786520459108,0.12099923509408496,0.0,0.14723776563468596,0.13605846511963673,0.0,0.14266168024998507,0.12708692736874905,0.0,0.0,0.0,0.0,0.13429625098938047,0.0,0.13167345187610735,0.0,0.0,0.0,0.13511618040422552,0.15336331979755197,0.0,0.16856045716364604,0.11748945693314489,0.0,0.0,0.0,0.0,0.0,0.0,0.0,0.0,0.167294445733181,0.0,0.0,0.14798230647645827,0.1567494956129754,0.0,0.13343096744324784,0.0,0.0,0.0,0.0,0.0,0.0,0.15106877274279207,0.14706769812031154,0.0,0.0,0.0,0.0,0.0,0.10010985434802502,0.0,0.14943482927512156,0.1383533224169235,0.0,0.09960275407166554,0.15207401847080168,0.0,0.0,0.0,0.0,0.15667307983536288,0.16758064734002137,0.11837867792671615,0.16124893231046888,0.0,0.0,0.0,0.0,0.0,0.0,0.0,0.0,0.0,0.12780842099296877,0.0,0.0,0.13762811605600495,0.0,0.0,0.12972785990484287,0.1611482960399937,0.14098418227230253,0.0,0.0,0.1675598678484774,0.14243985648444824,0.16068381036766732,0.139704261333787,0.1328377970740152,0.0,0.1133586524949652,0.0,0.0,0.0,0.1628055094373756,0.0,0.1772167419093963,0.16098511243207503,0.11716452414512958,0.0,0.0,0.0,0.16449564365503294,0.1223254150714859,0.0,0.15540823889584676,0.0,0.0,0.0,0.1423447750730369,0.13901963615013083,0.1443848574752568,0.0,0.12692786467854913,0.13235315431164987,0.1392129619034564,0.0,0.14699548208668814,0.0,0.13496369672520706,0.0,0.0,0.0,0.14868066399109653,0.16175264916766588,0.11475366551053019,0.13258999291264076,0.0,0.0,0.0,0.0,0.0,0.0,0.14185972258418988,0.0,0.0,0.0,0.0,0.12902035428324496,0.0,0.0,0.0,0.1338082880760134,0.13859371802307197,0.0,0.14725463730110713,0.0,0.12879901743347028,0.0,0.1441082491988586,0.0,0.14948191881233816,0.1614393611983901,0.0,0.1678245099830937,0.0,0.15381076268364308,0.1618585949860229,0.0,0.0,0.0,0.0,0.0,0.13722731194671017,0.0,0.0,0.0,0.13877275443400652,0.0,0.0,0.0,0.1422440236681432,0.0,0.0,0.11668952002095268,0.0,0.1602865033773287,0.0,0.0,0.0,0.0,0.0,0.1629558348099171,0.0,0.16420580341827382,0.13444131591433867,0.11112711672050264,0.13094574753228447,0.0,0.15155335657012048,0.0,0.0,0.0,0.0,0.0,0.0,0.0,0.1299222333763214,0.0,0.13135098150800906,0.11754766678718291,0.0,0.0,0.0,0.142779709951429,0.0,0.13363858489830918,0.0,0.0,0.1643669499022924,0.1790909651026645,0.1525680905048495,0.14975891057541732,0.11258044220127829,0.09595585754734975,0.0,0.0,0.13467808503983097,0.0,0.13865119095095918,0.0,0.14610984587985043,0.0,0.141059471802566,0.0,0.0,0.0,0.0,0.0,0.0,0.0,0.12133914427217747,0.1485759251940029,0.0,0.0,0.0,0.0,0.13318603676656443,0.15067327303856934,0.0,0.0,0.0,0.0,0.0,0.0,0.0,0.1270847245483024,0.0,0.0,0.14669391451981853,0.15735206310351155,0.0,0.0,0.15118810746693673,0.0,0.0,0.0,0.1521616341413867,0.0,0.0,0.0,0.0,0.1399925123926649,0.0,0.0,0.0,0.0,0.14538851512512893,0.13351949482469025,0.0,0.0,0.0,0.0,0.1493953873394181,0.1366635795597478,0.13819722543969035,0.10650104591129557,0.0,0.0,0.1246419955111823,0.0,0.0,0.15350025521391786,0.0,0.0,0.1127538419811579,0.0,0.0,0.0,0.0,0.0,0.15556315209539964,0.14379267872504373,0.0,0.0,0.0,0.0,0.0,0.10547280684850954,0.0,0.0,0.11398840275092072,0.0,0.15122426122550356,0.10737827757946883,0.0,0.0,0.1218005649092635,0.0,0.15668649789281044,0.0,0.1308837470915224,0.12631460130517985,0.13329779763974925,0.0,0.0,0.0,0.0,0.15252424889092417,0.0,0.146845423779362,0.0,0.0,0.11406599117837551,0.15126509958565784,0.0,0.13865131150215418,0.0,0.0,0.0,0.0,0.13543886411507336,0.10063663667240726,0.16017984270056013,0.0,0.0,0.15342673413232422,0.0,0.0,0.0,0.0,0.15183639326109047,0.14058583357409746,0.0,0.0,0.0,0.0,0.0,0.13445332888064684,0.0,0.0,0.14244596769882265,0.14286573417917142,0.0,0.0,0.1698756197928402,0.0,0.0,0.1460140998687732,0.0,0.0,0.0,0.0,0.0,0.0,0.15472336644502163,0.14015187923461808,0.12779567600244823,0.1699895699944728,0.0,0.1438189564656297,0.12449211254773417,0.0,0.0,0.0,0.13385866366417737,0.0,0.0,0.12224689029556118,0.0,0.0,0.16030113710380373,0.1299375351385705,0.0,0.0,0.13850928233750373,0.0,0.0,0.1353579482219824,0.0,0.1115352365876849,0.0,0.16751447045444487,0.16098900019667306,0.0,0.1284227420369116,0.1126146872168463,0.0,0.0,0.0,0.1417680930674022,0.13704909674427554,0.12439085991152693,0.15984266596761162,0.0,0.13093866927000625,0.0,0.0,0.0,0.14251789557913125,0.15626727207182636,0.0,0.0,0.10969730049666379,0.10762903414381496,0.14559943410893136,0.0,0.14675041957759227,0.162379827266543,0.0,0.15374992714791635,0.0,0.0,0.0,0.0,0.0,0.0,0.0,0.0,0.0,0.0,0.0,0.11749476367360011,0.0,0.0,0.0,0.0,0.11966483137308147,0.0,0.1341844627289912,0.16729020843316922,0.0,0.0,0.0,0.15420474129436318,0.15525679722454516,0.1433913269837034,0.0,0.12649369758081658,0.1251462386850303,0.14584912886425577,0.0,0.15997167091605707,0.0,0.0,0.0,0.0,0.0,0.1060699227566498,0.0,0.0,0.0,0.0,0.0,0.0,0.0,0.1369125551541411,0.0,0.0,0.0,0.0,0.1542206559174104,0.0,0.0,0.0,0.0,0.0,0.0,0.0,0.15517503329055674,0.0,0.1082043047319935,0.0,0.0,0.0,0.13587127434361024,0.0,0.0,0.0,0.0,0.12060848093688716,0.12069095071336372,0.0,0.15701272094629806,0.0,0.13680130024013928,0.0,0.12834824161354302,0.0,0.0,0.0,0.0,0.0,0.14919012520680025,0.0,0.1260571185309082,0.0,0.0,0.0,0.0,0.0,0.1254651370505268,0.13175712304279444,0.0,0.0,0.13834087946840468,0.11614536396873512,0.13761829487518126,0.15375233108114944,0.09488876217657966,0.0,0.15167320345247673,0.0,0.1325277747918434,0.14775733090930743,0.0,0.0,0.0,0.0,0.0,0.11815531810010983,0.0,0.0,0.13850069020467534,0.14627974581238612,0.0,0.0,0.13962802351551049,0.0,0.11333323291762076,0.0,0.12632491892808023,0.13423145629812877,0.13592662935060684,0.11573546766328739,0.14094841705729325,0.16820596915650046,0.13092885046153968,0.14153376072905796,0.0,0.12206437159768828,0.0,0.12321293019977653,0.0,0.0,0.0,0.0,0.12702155841790036,0.17672195787956585,0.0,0.1355517179128057,0.0,0.0,0.0,0.0,0.0,0.1308005716338506,0.1479395268391139,0.0,0.14231977662179812,0.0,0.0,0.14935044499488057,0.11257647293184651,0.13320866613170396,0.1415365007887903,0.0,0.0,0.0,0.0,0.13913743421433952,0.0,0.0,0.14605191607477333,0.0,0.0,0.1439266770501606,0.0,0.0,0.0,0.0,0.1425836013937291,0.0,0.0,0.0,0.0,0.0,0.0,0.0,0.1429164013856189,0.0,0.0,0.0,0.0,0.0,0.0,0.0,0.0,0.0,0.0,0.0,0.0,0.0,0.0,0.0,0.0,0.15791221210173387,0.12621590442266734,0.17624500911281096,0.10849129604542922,0.0,0.0,0.0,0.0,0.0,0.0,0.1441904832126396,0.0,0.0,0.14220839563608365,0.09555777812676063,0.11241163025314968,0.0,0.0,0.0,0.0,0.11988235019902391,0.0,0.0,0.17169120713657032,0.16712704161966863,0.130737920316561,0.0,0.0,0.0,0.0,0.0,0.0,0.0,0.12402256595905216,0.0,0.09984563906897959,0.13456720001492006,0.0,0.1308086522864021,0.0,0.0,0.0,0.14151920446535038,0.13756882251716973,0.0,0.0,0.0,0.0,0.0,0.14087445171043508,0.0,0.14032343376400108,0.0,0.0,0.0,0.0,0.15173695693821265,0.0,0.0,0.0,0.0,0.1657150621115987,0.0,0.12944257321285388,0.12888543199024916,0.0,0.17385487344609699,0.13352840668525529,0.15670219401817276,0.13079129838005185,0.16187794250373147,0.0,0.0,0.0,0.0,0.13468216986848364,0.14111633410017158,0.1293718828817939,0.0,0.0,0.11997087749107142,0.0,0.1178977232290716,0.14410255086519697,0.0,0.0,0.12591771121828416,0.0,0.13837417874169006,0.0,0.0,0.0,0.0,0.11863882438121925,0.0,0.14002388561977436,0.14656435189812736,0.11006725712836193,0.0,0.14253979827968805,0.11250884016813195,0.0,0.134515260992166,0.0,0.12348135073124851,0.0,0.12228373761168485,0.13295811864041793,0.0,0.0,0.13517251746470865,0.0,0.0,0.17628958858876495,0.0,0.0,0.0,0.15472456620528358,0.0,0.15572016954465176,0.13587403847870588,0.0,0.0,0.0,0.1125166473705771,0.1301238726874581,0.0,0.0,0.0,0.0,0.0,0.1401225254498511,0.159314468150706,0.0,0.0,0.0,0.0,0.0,0.12870087049951656,0.11959630894825812,0.0,0.0,0.171131619243088,0.0,0.0,0.0,0.16301522071816552,0.15470012920623394,0.0,0.0,0.15727078430191888,0.0,0.0,0.0,0.12967650615915183,0.0,0.0,0.0,0.14359939755877116,0.0,0.0,0.15097853687383497,0.0,0.0,0.0,0.15706814583807477,0.0,0.0,0.12150599290376345,0.0,0.1651729039362599,0.14935250052297638,0.11842787249255697,0.0,0.0,0.15680395499420985,0.0,0.0,0.0,0.0,0.0,0.0,0.0,0.0,0.0,0.0,0.13339490667276377,0.0,0.0,0.0,0.13342499988312725,0.0,0.1252579615122381,0.0,0.0,0.0,0.11992521404098204,0.0,0.0,0.0,0.0,0.1636565466244834,0.0,0.0,0.0,0.0,0.0,0.0,0.12989088860890957,0.0,0.0,0.0,0.1414511753452728,0.0,0.1449808381231849,0.0,0.0,0.12458524642758644,0.12179818483888492,0.0,0.0,0.0,0.0,0.0,0.0,0.0,0.0
0.0,0.0,0.0,0.0,0.6743904483696943,0.0,0.0,0.0,0.0,0.0,0.0,0.0,0.0,0.0,0.680887300158304,0.6731735056077361,0.0,0.0,0.0,0.6671257442633928,0.6808766512354967,0.6901173181963991,0.0,0.0,0.6801307887847201,0.0,0.0,0.0,0.0,0.0,0.0,0.0,0.0,0.0,0.686272750847837,0.0,0.6746778910655938,0.644637601880572,0.6742094994072654,0.6766756509823255,0.6799291893919497,0.0,0.0,0.6815142468768087,0.0,0.0,0.0,0.0,0.6577309398383676,0.0,0.0,0.0,0.0,0.6630882763813992,0.7104428379770756,0.0,0.6642053295557928,0.6319384830202882,0.6794260689899194,0.0,0.664722413365618,0.6551781202075034,0.6793207227182587,0.0,0.0,0.0,0.0,0.0,0.0,0.6737700268878871,0.0,0.0,0.0,0.0,0.0,0.0,0.6801741072565229,0.6810595802322199,0.6458133517779379,0.0,0.6949001719382004,0.6781786187756625,0.0,0.0,0.0,0.6976436887318649,0.0,0.0,0.7128364446607397,0.6469957555523592,0.6950920167984489,0.6468338148419398,0.0,0.6267197180782191,0.0,0.6427697296028078,0.0,0.6646771490514147,0.654068136659543,0.0,0.6289065930234733,0.0,0.6425188251394272,0.0,0.0,0.7168024748677498,0.0,0.0,0.6477343952542566,0.6628987778137353,0.0,0.6858682108427396,0.6937660077518972,0.0,0.6718712177685354,0.0,0.0,0.0,0.6908192468676407,0.0,0.0,0.6752286210971591,0.0,0.0,0.0,0.0,0.0,0.0,0.0,0.0,0.0,0.0,0.6601109011775586,0.0,0.6454438925467492,0.0,0.6327377635919714,0.645761518611729,0.6452136632657145,0.6747793900803488,0.0,0.0,0.0,0.0,0.0,0.6806925351748373,0.0,0.0,0.6692613527639687,0.0,0.0,0.0,0.6693953195539085,0.6572200142693355,0.6607423999183036,0.6926168676840354,0.6513538692084737,0.0,0.6898310249479374,0.6732645731577189,0.0,0.6857179046847527,0.0,0.0,0.6649407569197374,0.0,0.6729308055945226,0.0,0.0,0.6889477240638188,0.0,0.684928360196559,0.6736307531240495,0.6749573375515031,0.0,0.6952108369724891,0.6620037754182948,0.7111911058085911,0.0,0.6554637376349121,0.6540113437756497,0.0,0.7019477444988557,0.0,0.6730198715238114,0.661701851072074,0.0,0.0,0.0,0.0,0.6298716329960299,0.0,0.6968208982904198,0.0,0.0,0.0,0.6612397250597973,0.0,0.0,0.6778850533608809,0.0,0.0,0.6923842101768631,0.0,0.6905621213069449,0.0,0.0,0.0,0.6830604529950748,0.0,0.6644621132348467,0.0,0.0,0.0,0.0,0.0,0.0,0.7071426713474024,0.0,0.0,0.0,0.0,0.0,0.0,0.0,0.0,0.0,0.0,0.0,0.0,0.6442296581795993,0.6792719767137472,0.0,0.6709543611380759,0.6745418872416677,0.6403436113539538,0.68908801587588,0.6501184185609189,0.6637154696519688,0.6543322652068633,0.0,0.0,0.0,0.6902902926879633,0.0,0.6445236778850746,0.0,0.6615506419611563,0.6701597771014305,0.0,0.0,0.0,0.6510121471656647,0.63894685878157,0.0,0.6768847863174574,0.0,0.6528405521913013,0.6195971861147744,0.0,0.6723788098533433,0.6983787774532343,0.0,0.6850403653394509,0.6601041255548442,0.0,0.0,0.0,0.6480125662912031,0.0,0.0,0.0,0.695545510430327,0.6652319434764824,0.6678505745171301,0.6730043135765146,0.6439080204869383,0.0,0.0,0.0,0.6680965629771812,0.6583472950822642,0.6808663879376649,0.0,0.7015097273887492,0.7021707758991025,0.0,0.659115824070779,0.0,0.0,0.6592512834480586,0.0,0.0,0.0,0.0,0.0,0.0,0.0,0.0,0.0,0.0,0.6718385110751092,0.0,0.0,0.6280525279363022,0.665497007350123,0.6737521767949985,0.0,0.6570301948609634,0.0,0.7059696335672411,0.0,0.0,0.6377906257444925,0.0,0.6718163028774735,0.6629913740475927,0.0,0.6786196810938165,0.0,0.6545693934753589,0.0,0.0,0.0,0.6644269771540309,0.0,0.0,0.0,0.0,0.0,0.0,0.6466606368908758,0.6418242889115675,0.6770400815374819,0.681286441724875,0.0,0.6553748685204493,0.0,0.6279180956009193,0.7095149698743477,0.0,0.0,0.671929596346004,0.0,0.65155436442852,0.0,0.6549092565454019,0.0,0.698374204210478,0.6802819118057646,0.0,0.6869261241648614,0.0,0.0,0.0,0.0,0.0,0.0,0.6763238195744045,0.0,0.0,0.0,0.6579627346864017,0.6434113969967656,0.6453274884995639,0.0,0.6497045347326955,0.0,0.0,0.6207354436044116,0.0,0.7086877827512702,0.0,0.0,0.0,0.6694732758474582,0.6793229972579036,0.6683959271262719,0.0,0.0,0.6863555238981378,0.0,0.0,0.0,0.7038776738704662,0.6702219974892174,0.0,0.0,0.0,0.6733883018808953,0.0,0.0,0.657440512394869,0.0,0.0,0.6762464097287616,0.6662324121683162,0.0,0.6550271082242501,0.0,0.0,0.6389680201784979,0.0,0.6477393922097362,0.6706801086831231,0.0,0.0,0.0,0.0,0.0,0.0,0.6643188186089417,0.6606152541667112,0.6404414672561662,0.0,0.0,0.0,0.0,0.7094229123786966,0.6919318280643263,0.0,0.0,0.0,0.0,0.6664155757929069,0.0,0.0,0.0,0.0,0.0,0.0,0.0,0.0,0.0,0.6565297809682838,0.0,0.0,0.6722743033207301,0.6632311542542907,0.6661911788229536,0.0,0.6622537270767977,0.691853820780769,0.0,0.669120468483036,0.0,0.0,0.0,0.7000976569889694,0.0,0.6367536100603358,0.6773500860266863,0.0,0.6771244338488299,0.0,0.0,0.6615935060622552,0.0,0.0,0.0,0.6941326721230573,0.0,0.0,0.6505270467859618,0.0,0.0,0.651910994076753,0.6842893907410073,0.662150736337991,0.0,0.0,0.6772174193323778,0.0,0.6606536473269604,0.0,0.642043594779027,0.6742425324098613,0.0,0.6541256291237866,0.702715048806843,0.0,0.0,0.0,0.0,0.0,0.6671816977539273,0.0,0.0,0.0,0.6686859326059215,0.0,0.0,0.0,0.0,0.6965590077473649,0.0,0.651782785767827,0.0,0.0,0.0,0.0,0.0,0.0,0.6741848823346032,0.0,0.0,0.6063839647947854,0.6156724911535056,0.0,0.6651194813751488,0.6706528683922179,0.0,0.0,0.0,0.0,0.6609295569387611,0.0,0.6790982276537743,0.0,0.0,0.6647998695901977,0.0,0.0,0.0,0.0,0.6710595341230418,0.0,0.646250794459344,0.665371067713055,0.0,0.0,0.0,0.0,0.6797581360693096,0.0,0.0,0.0,0.0,0.6626497600225774,0.6465508377097176,0.0,0.6709522073080241,0.0,0.0,0.0,0.0,0.0,0.6393995137800598,0.0,0.0,0.6586829432574575,0.0,0.6422027924724881,0.6647585566882496,0.0,0.0,0.0,0.6443882652387928,0.0,0.0,0.0,0.0,0.0,0.0,0.6328948821915334,0.6692101071010534,0.0,0.0,0.0,0.650021800922368,0.0,0.0,0.0,0.6721264290751692,0.6905168738500385,0.0,0.0,0.6546812048643569,0.6457858688485368,0.682503724807438,0.0,0.0,0.0,0.6687457498300379,0.6839529382076027,0.666191485770491,0.0,0.0,0.6967793958296508,0.0,0.0,0.0,0.0,0.0,0.6953334980176439,0.0,0.0,0.6826247207194176,0.6197943535516718,0.6610118873952925,0.0,0.0,0.0,0.0,0.0,0.0,0.6669052154919907,0.6549854640206835,0.0,0.668702078371494,0.0,0.0,0.0,0.0,0.0,0.6642099915231435,0.0,0.6544077202436472,0.649170676854929,0.0,0.6630033712277281,0.0,0.0,0.6781882739794656,0.6553552574604906,0.6921263726147627,0.0,0.0,0.6822976451849415,0.0,0.6849012938673735,0.6434724374078414,0.0,0.6466662818422163,0.0,0.0,0.7125374468787592,0.6887834958988972,0.6691473758273543,0.0,0.7062920507596872,0.0,0.6826440886534454,0.6947894175267254,0.7066474849038581,0.0,0.0,0.0,0.6740932880048441,0.0,0.6548375202848379,0.6993107764746069,0.0,0.0,0.0,0.0,0.0,0.0,0.0,0.6191121599456795,0.6763080758605594,0.0,0.6475465668627971,0.0,0.0,0.6738976194096788,0.6807722728364257,0.0,0.6410464781004465,0.0,0.6500641398412464,0.6617623511897975,0.0,0.6229783226873384,0.6761569179539374,0.0,0.6506341268038701,0.0,0.644417592979312,0.695711292677481,0.0,0.7024704061911451,0.0,0.0,0.0,0.0,0.641387968887861,0.0,0.6607778142050713,0.0,0.6905137130860557,0.6771887917722645,0.0,0.0,0.0,0.6883539040112051,0.0,0.0,0.6028823138142773,0.0,0.0,0.6905216452454582,0.0,0.0,0.0,0.0,0.6454920829081576,0.0,0.67968907316791,0.0,0.6342565292695383,0.0,0.6574312643241624,0.0,0.6756764848543948,0.6696334625405931,0.0,0.0,0.0,0.6970875279310886,0.6818276717064444,0.0,0.0,0.0,0.6526308046900201,0.0,0.0,0.6853749628641874,0.0,0.0,0.0,0.0,0.7125566754639914,0.0,0.0,0.7268203310207568,0.0,0.6665490740596177,0.6483978321670611,0.6321988843214328,0.0,0.0,0.0,0.0,0.0,0.0,0.6473412912272946,0.0,0.6693123914499395,0.0,0.0,0.0,0.6715303216587222,0.0,0.6638248527969265,0.6926824559586691,0.0,0.0,0.0,0.6228380082367001,0.0,0.0,0.6552619224114494,0.0,0.6321831635713058,0.684625625274824,0.0,0.0,0.0,0.7186948774318572,0.0,0.0,0.0,0.0,0.0,0.670195852899057,0.669267860656302,0.6850817610231165,0.7032653894721014,0.6579729750864716,0.0,0.0,0.0,0.0,0.642978644089495,0.0,0.0,0.0,0.0,0.6542233465169234,0.0,0.0,0.7083267151933798,0.0,0.0,0.0,0.6254438724271785,0.0,0.6782617472515378,0.0,0.0,0.0,0.0,0.0,0.0,0.0,0.6894882856659533,0.0,0.0,0.0,0.6978395448889835,0.6885588184004957,0.0,0.0,0.0,0.6839663330850351,0.6587419751769306,0.0,0.6480091082939076,0.0,0.6526728836117649,0.0,0.0,0.6690677819649015,0.6474938228745506,0.0,0.0,0.6854909229191282,0.676895095192504,0.0,0.0,0.0,0.6653487044573725,0.6429849059765519,0.0,0.6513286903861987,0.6239342941328195,0.0,0.0,0.0,0.0,0.0,0.0,0.6307739200525393,0.7165155055655037,0.6941239154188017,0.0,0.0,0.69425313958302,0.0,0.6614903870693334,0.6863631686010138,0.0,0.0,0.6441069149544822,0.6723313129705755,0.6652648595957164,0.6489400708684533,0.0,0.0,0.0,0.6736088950734488,0.0,0.0,0.0,0.695144425374844,0.6476118274799095,0.0,0.6441389235859533,0.0,0.6651816206981456,0.0,0.6647988530182875,0.0,0.6546798573875704,0.0,0.0,0.6701491387218527,0.0,0.6582531038181916,0.6668199474408862,0.0,0.0,0.6453873274158821,0.6357234252050062,0.0,0.6685795484714322,0.0,0.0,0.0,0.0,0.6797167655128247,0.6725280739066177,0.0,0.6815515552645365,0.675809447340625,0.0,0.0,0.6523943575482959,0.0,0.0,0.6429289541677917,0.6747709652718302,0.662066297037386,0.0,0.0,0.0,0.0,0.6785578617613086,0.0,0.6580036996012459,0.6715543959845358,0.0,0.0,0.0,0.0,0.6870070098962537,0.0,0.0,0.6461582428317866,0.6994314684530332,0.0,0.6107423758465009,0.6986340962027646,0.0,0.0,0.0,0.672728902431123,0.0,0.6596516798044489,0.0,0.0,0.65811338175225,0.6511825554569338,0.7028978884463863,0.0,0.6556036949671601,0.0,0.6447896335600959,0.0,0.0,0.6681218021295583,0.6917449858537861,0.0,0.0,0.0,0.6624819194233172,0.625548707898444,0.0,0.0,0.0,0.67908134636907,0.0,0.0,0.0,0.0,0.6866956414264573,0.0,0.0,0.0,0.6647833924495944,0.0,0.6477811119488719,0.0,0.0,0.6670010092274306,0.6739954930400526,0.0,0.0,0.6246602460066414,0.0,0.0,0.0,0.0,0.642732626384004,0.0,0.6745312499654961,0.0,0.0,0.7105649225530786,0.6565373117856754,0.6838311181610348,0.0,0.0,0.0,0.6911037986353832,0.0,0.0,0.0,0.0,0.0,0.6411182600964214,0.0,0.0,0.6682628338076733,0.6928906676759589,0.6952667351384598,0.0,0.0,0.6485414579304016
0.0,0.0,0.0,0.0,0.0,0.3879947263879912,0.0,0.0,0.0,0.0,0.0,0.40303206979057515,0.37643602073458005,0.34562913385299115,0.0,0.0,0.0,0.0,0.4099153547597321,0.35784092883101265,0.0,0.0,0.36816997548161373,0.0,0.0,0.3651405589760359,0.0,0.0,0.0,0.3869009471257256,0.0,0.0,0.0,0.0,0.39910588707407824,0.0,0.0,0.0,0.0,0.40332619761746397,0.3714278073050872,0.0,0.0,0.35895332959922494,0.0,0.0,0.4139088937566221,0.421689136503011,0.0,0.0,0.41041589947427076,0.3815557867689722,0.3760807676751993,0.38240727040854,0.0,0.3750425742682618,0.36343240499604396,0.0,0.0,0.0,0.4239397540082272,0.0,0.0,0.0,0.39556185851276304,0.3766809078456802,0.0,0.36612720458545484,0.0,0.0,0.0,0.0,0.37520737734636256,0.0,0.0,0.0,0.44863901342363915,0.0,0.0,0.0,0.37386851503102475,0.37638556729318035,0.0,0.4483125333282936,0.40433338177117056,0.0,0.4153625621865039,0.41209588994454205,0.0,0.0,0.44290567248379875,0.0,0.0,0.0,0.37420946259910776,0.3628677184041211,0.3483480129505648,0.44816539814071643,0.0,0.0,0.0,0.0,0.0,0.0,0.0,0.4307961384908037,0.0,0.0,0.41088281828376827,0.0,0.36374130238643654,0.0,0.0,0.39093682912972244,0.0,0.3769707398231085,0.39864496320784504,0.0,0.4202523576712433,0.0,0.3864976663857257,0.0,0.0,0.3715025270836806,0.0,0.4172885138328984,0.0,0.0,0.0,0.38906682563586065,0.37665821298326546,0.0,0.0,0.0,0.0,0.39970137670111827,0.3828403848169556,0.40212274717990937,0.40050810441401,0.0,0.0,0.0,0.446462905420853,0.0,0.36231845482900116,0.3776136035900306,0.0,0.0,0.0,0.40324303652728677,0.0,0.0,0.4033422719368683,0.0,0.4128242026315467,0.0,0.0,0.0,0.4150312129802896,0.0,0.0,0.4054953159340305,0.37981686823073424,0.41078744662500766,0.4218563912108352,0.0,0.38752708470682845,0.4213055289058287,0.0,0.35125776091656513,0.0,0.4267962996865434,0.0,0.43733771138159533,0.0,0.0,0.0,0.0,0.0,0.0,0.3918212590870511,0.0,0.0,0.0,0.4058294567103268,0.0,0.423667852596565,0.3995012819071185,0.0,0.3584822906240867,0.0,0.38321167476606294,0.0,0.0,0.0,0.0,0.42117830829209857,0.0,0.0,0.37760345750325625,0.3758770425213503,0.0,0.41296584529161945,0.0,0.34185304796545735,0.36226058518840504,0.4153495126208878,0.0,0.3948031897555807,0.3860683374244671,0.0,0.4350843813168487,0.0,0.3869275292838935,0.0,0.0,0.38901620718251695,0.4057301215917768,0.3879329478661448,0.3866574416059222,0.0,0.0,0.0,0.0,0.0,0.40925735993167517,0.0,0.3940044362919762,0.37875913180860526,0.0,0.3394766311583924,0.0,0.0,0.46410245151575924,0.0,0.42245882012701547,0.0,0.0,0.3678882034333144,0.0,0.0,0.363365021664631,0.38814527249612796,0.4325215567286358,0.0,0.3927817879617261,0.0,0.0,0.0,0.4087273995224504,0.0,0.0,0.36240050350494946,0.0,0.0,0.41362130984248147,0.0,0.0,0.0,0.0,0.42054608524625153,0.0,0.0,0.4272439362898607,0.0,0.0,0.4282398104791107,0.3956892062622799,0.4309055744344885,0.0,0.3946809007300187,0.37962582721503846,0.43552214867927397,0.43163131715086145,0.39182764835139355,0.40637217611427123,0.0,0.0,0.0,0.0,0.0,0.0,0.398910083392396,0.36255007118199994,0.4209671595734112,0.0,0.0,0.0,0.0,0.0,0.0,0.0,0.0,0.0,0.0,0.0,0.0,0.0,0.0,0.0,0.0,0.0,0.0,0.0,0.4116434940463968,0.42916939434148466,0.0,0.0,0.0,0.0,0.0,0.0,0.39401246608255347,0.4362338138389975,0.39577861166245243,0.410094635454472,0.0,0.0,0.3884862560966813,0.0,0.0,0.0,0.0,0.355697185353537,0.0,0.0,0.0,0.0,0.0,0.4120933494923211,0.0,0.40025936435460313,0.3822045445178309,0.3772865177547612,0.0,0.0,0.0,0.3627156027205362,0.4034478462032894,0.3194345632673151,0.0,0.40243168685501646,0.0,0.0,0.4041537673682209,0.3826786378094923,0.40849823102578503,0.3783972140666395,0.0,0.0,0.37962709371383624,0.0,0.3442992487592306,0.0,0.0,0.0,0.0,0.0,0.0,0.0,0.0,0.0,0.3841437876704555,0.0,0.3604515647814809,0.0,0.3985082621912859,0.45217698059954736,0.3883352381707445,0.0,0.0,0.3468542451323651,0.0,0.0,0.0,0.35177313294463647,0.0,0.40003286904767815,0.0,0.0,0.0,0.0,0.0,0.0,0.39297562627386695,0.4430135912145621,0.0,0.0,0.4275624230243441,0.3921479278807554,0.0,0.0,0.0,0.0,0.0,0.367346084268098,0.38417773821373363,0.0,0.0,0.39948140410393934,0.0,0.0,0.34941167290084385,0.0,0.396982134460362,0.3354255159714682,0.0,0.0,0.0,0.3703677804320753,0.0,0.0,0.0,0.42035515914780863,0.42945239877689523,0.0,0.0,0.4015558148441542,0.0,0.0,0.0,0.35399997536620403,0.3314421761785913,0.0,0.0,0.407722251720085,0.0,0.0,0.3845342953846883,0.0,0.39404826556155587,0.0,0.0,0.0,0.0,0.0,0.0,0.0,0.38723214012262613,0.0,0.0,0.0,0.0,0.372421828344117,0.0,0.0,0.0,0.40717245654238876,0.4112904681705202,0.0,0.3834211350518888,0.41452479174958634,0.0,0.0,0.0,0.38289529601683936,0.0,0.0,0.0,0.3991787395473688,0.40652551112279395,0.4112937450028647,0.0,0.0,0.41595096902961404,0.0,0.0,0.0,0.0,0.0,0.0,0.0,0.0,0.4092713949437513,0.0,0.44613123743338573,0.0,0.40227168230998095,0.3880771406818225,0.0,0.3956444296132418,0.0,0.0,0.41435040634276454,0.0,0.0,0.0,0.3931144546220788,0.4211098862994295,0.0,0.0,0.4012626473515789,0.0,0.4029689672271036,0.3971997425687948,0.0,0.0,0.0,0.0,0.35786069558846645,0.0,0.0,0.0,0.32215543123813983,0.0,0.0,0.37801735587776325,0.0,0.36385578334606844,0.3905079389436623,0.3989252267433261,0.3984043603029858,0.3771804329833452,0.0,0.0,0.0,0.0,0.40717481192907906,0.0,0.0,0.0,0.0,0.0,0.0,0.0,0.3863082545492927,0.0,0.0,0.0,0.38354343282521425,0.0,0.0,0.0,0.0,0.35725218637067374,0.0,0.0,0.0,0.40300907098980726,0.0,0.0,0.0,0.0,0.0,0.3637659945975635,0.0,0.343718852466439,0.0,0.0,0.0,0.0,0.38004851298476805,0.40943962332820905,0.0,0.0,0.0,0.0,0.412176155260315,0.0,0.0,0.40991067171890166,0.0,0.0,0.42792096355359444,0.0,0.39722385021140694,0.0,0.3631308154324013,0.0,0.0,0.0,0.0,0.4168413468635975,0.3720771521817237,0.0,0.3714472621122259,0.0,0.0,0.0,0.3459689361074589,0.0,0.0,0.0,0.0,0.0,0.3392678664448552,0.0,0.37149006493704634,0.0,0.0,0.0,0.0,0.0,0.0,0.4130059262832127,0.40987588785502943,0.0,0.36794167458229465,0.0,0.3392307277064952,0.0,0.0,0.0,0.0,0.0,0.3424752401137461,0.0,0.0,0.0,0.0,0.36895697875510014,0.0,0.0,0.41311325950610317,0.0,0.3972240841226706,0.0,0.0,0.38859388554765134,0.0,0.40900338976729744,0.3957902198494061,0.0,0.0,0.38826691560044896,0.39271407876069303,0.0,0.35855888478314624,0.37875015468825457,0.0,0.0,0.0,0.3512889092093197,0.0,0.3557064842451518,0.0,0.0,0.0,0.440423030195148,0.3652467209320496,0.0,0.0,0.34489531199420226,0.0,0.0,0.0,0.0,0.3963475661180483,0.0,0.0,0.3747366583831476,0.0,0.0,0.0,0.0,0.0,0.0,0.0,0.0,0.3954785040427889,0.0,0.0,0.0,0.0,0.3489940675710148,0.3975632516913133,0.4058923088742135,0.0,0.40270186466754515,0.0,0.0,0.4328085675855098,0.4212371789450143,0.0,0.37827103447571675,0.34002646840618084,0.0,0.37427941439247575,0.3844967442209863,0.0,0.37204575381690735,0.4169583863398815,0.0,0.0,0.3669637631994762,0.0,0.40974541630281114,0.0,0.3843730067398968,0.0,0.0,0.41161749920835666,0.41685718373683034,0.0,0.0,0.3767903659959886,0.0,0.0,0.0,0.3951052559297329,0.3875264150567341,0.0,0.3924389292415691,0.3878558991705954,0.39123028876458277,0.0,0.0,0.0,0.0,0.0,0.0,0.0,0.0,0.0,0.0,0.402013174252463,0.38942921598158914,0.0,0.392628814036165,0.0,0.0,0.0,0.0,0.0,0.3803329971847862,0.0,0.4231243131515259,0.0,0.0,0.3796286210735634,0.0,0.0,0.3697269548982168,0.0,0.0,0.41966576382714127,0.0,0.4082605513350503,0.38029285325887474,0.0,0.38545151043469267,0.0,0.4074830011242019,0.0,0.0,0.4219335561709218,0.37129165921992446,0.407286975308225,0.3846370212976143,0.45622703894367067,0.4591294424605362,0.41249847730317035,0.37335805916923565,0.39908452359505675,0.38442331712421196,0.4071180319303266,0.0,0.0,0.0,0.3880916253281503,0.0,0.42953529556009706,0.4114994143619283,0.0,0.0,0.42248519683726926,0.41308992264649835,0.0,0.0,0.0,0.0,0.0,0.0,0.40556865250480584,0.39651679632804027,0.36011045124871577,0.0,0.43956553980734836,0.4086263741525031,0.4180303045954957,0.0,0.0,0.0,0.0,0.0,0.0,0.0,0.0,0.40536130840309126,0.40444413034559,0.0,0.0,0.0,0.0,0.0,0.37783954939679737,0.38155145494033277,0.4131638601384721,0.0,0.0,0.0,0.0,0.0,0.3982302697556333,0.0,0.3880628410799103,0.0,0.0,0.0,0.433207257095995,0.0,0.0,0.0,0.369652179210765,0.0,0.4109274208992823,0.0,0.4212374968416185,0.39227199349523356,0.0,0.0,0.3767593444178786,0.0,0.0,0.36362930319573383,0.0,0.0,0.0,0.0,0.4397196185088668,0.3529360604475424,0.4078398702416554,0.0,0.41015309145985024,0.38890347626225485,0.0,0.41523100532847995,0.39942040409056095,0.4321731310794082,0.38905278469058147,0.0,0.0,0.0,0.0,0.3907254906988582,0.39801689053515743,0.3948896553524713,0.0,0.41881710865123556,0.0,0.0,0.0,0.38303621668442506,0.38725793218306886,0.0,0.39143164149723164,0.4287041608476869,0.0,0.40010731898032287,0.0,0.0,0.0,0.423161445867745,0.0,0.36898671517625653,0.0,0.40901478870121166,0.3742600824933558,0.0,0.0,0.0,0.0,0.3664804519782459,0.0,0.42825009246754714,0.4037959008677845,0.0,0.0,0.0,0.422764105375805,0.0,0.0,0.3900977551927188,0.0,0.3744483145331013,0.4210694432019052,0.0,0.0,0.0,0.3349685459828771,0.0,0.0,0.400429722273656,0.38072528587147875,0.3922820908575431,0.42418989011355623,0.0,0.0,0.0,0.40017162233022074,0.0,0.0,0.3726341330330223,0.41348755873977994,0.0,0.0,0.44625424816051934,0.389840031054654,0.3701064996037296,0.0,0.0,0.37267745602852653,0.0,0.0,0.0,0.3847061275349607,0.0,0.0,0.0,0.0,0.42717052837490505,0.0,0.37739877041483894,0.3818248188027082,0.4314934954641061,0.0,0.0,0.4328866718836851,0.0,0.0,0.0,0.0,0.0,0.0,0.0,0.0,0.41553454317361344,0.0,0.0,0.0,0.0,0.0,0.38145147965114784,0.0,0.4252111891712506,0.0,0.0,0.0,0.0,0.0,0.0,0.0,0.0,0.0,0.0,0.4018057523842608,0.3797808562566544,0.0,0.0,0.0,0.0,0.0,0.3784182829561826,0.0,0.0,0.3935202298327257,0.0,0.0,0.0,0.0,0.0,0.0,0.3762629728281873,0.0,0.4262220084282016,0.0,0.3676376676335363,0.40056429245086944,0.0,0.4057617757011793,0.0,0.3886860661959414,0.4188260374072531,0.0,0.0,0.0,0.41633678148396197,0.3843813313253405,0.0,0.0,0.0,0.0,0.41022413007053493,0.3815406555510747,0.0,0.3972360935076923,0.38488608971673893,0.0,0.4167805418910987,0.4100770574017055
0.0,0.3268316019049728,0.34083666638938714,0.0,0.0,0.0,0.0,0.0,0.319738354630926,0.33751419873363697,0.0,0.0,0.0,0.2924140095675954,0.2815710223274295,0.0,0.3741120577890511,0.0,0.0,0.33938016509001667,0.2948599308011683,0.32330813977248024,0.0,0.0,0.0,0.0,0.0,0.3134299579331486,0.0,0.0,0.0,0.0,0.0,0.3244325046689052,0.3110392975549812,0.0,0.3655259197432818,0.3358357812429376,0.3394020633912428,0.0,0.0,0.0,0.0,0.0,0.35100854033381546,0.0,0.2989493095909087,0.0,0.35777589882806166,0.0,0.0,0.0,0.0,0.0,0.0,0.0,0.3058471405961038,0.0,0.0,0.2910126163466035,0.3119424733190946,0.0,0.3682997097278651,0.0,0.0,0.0,0.31817390546517493,0.2890197556583376,0.0,0.31712069891953465,0.305463813042397,0.0,0.3182482842138873,0.337915503808056,0.0,0.0,0.31735965363211177,0.3636178417537903,0.0,0.0,0.0,0.0,0.32362177574856194,0.0,0.26827219775024264,0.0,0.0,0.0,0.0,0.0,0.3648325701659032,0.0,0.0,0.35878055500074985,0.0,0.0,0.3337744491697167,0.353873488638757,0.0,0.0,0.30946275288575864,0.0,0.0,0.0,0.0,0.31232930334764647,0.0,0.0,0.0,0.0,0.0,0.3128481543313442,0.3648058401009548,0.0,0.0,0.31908866817757725,0.0,0.3208477393520416,0.0,0.34173812039135365,0.30807733093427103,0.3435432019205974,0.2963215141493664,0.0,0.3041203655821284,0.0,0.0,0.37021646351430687,0.3331057619364505,0.0,0.0,0.3291390751343203,0.0,0.30995422379063986,0.0,0.31440894997126606,0.3258880399893279,0.0,0.0,0.0,0.3129233323709709,0.31563525212316895,0.32114157007527816,0.0,0.0,0.0,0.0,0.3314462757777922,0.0,0.3554361490919441,0.3593397705565631,0.0,0.3122256417348179,0.0,0.0,0.30859379713738594,0.35546021496586033,0.3274041600918678,0.3194432836356904,0.3495719796813358,0.33608414646763113,0.34290968078482026,0.0,0.0,0.0,0.3726631894191744,0.3507070364493082,0.0,0.33627744303150936,0.3154564949047523,0.30740096673637496,0.0,0.3295718195040683,0.28695240074692174,0.3091223709633611,0.28558035827310596,0.29447946697521343,0.0,0.0,0.3413555874287286,0.32470727970133195,0.0,0.0,0.0,0.0,0.0,0.31800250812966485,0.0,0.0,0.32486974965567017,0.0,0.0,0.31529580670091467,0.0,0.0,0.3422003156137507,0.342319051177239,0.0,0.29646792476630396,0.0,0.0,0.0,0.3007154400772558,0.0,0.3150917563413466,0.3454608009055,0.0,0.0,0.3550501404877267,0.0,0.3035595685887731,0.30838686048129366,0.0,0.0,0.0,0.0,0.0,0.0,0.0,0.0,0.0,0.0,0.33101647105602156,0.3546716316495442,0.0,0.0,0.337526991762403,0.0,0.0,0.0,0.292134167697625,0.0,0.0,0.0,0.33038589389550216,0.2993196617624877,0.3353482299255174,0.0,0.30527296996197023,0.0,0.35625469542665206,0.0,0.0,0.3241428196124403,0.0,0.0,0.3333397717694932,0.0,0.34565867919520665,0.0,0.3414853544447378,0.0,0.3201583612796802,0.0,0.33732176869191793,0.0,0.3078248551386409,0.0,0.0,0.0,0.3462498175258662,0.0,0.0,0.31327403403970266,0.33258035236538147,0.3187742537475808,0.0,0.3149150711029516,0.0,0.0,0.31898776652834165,0.0,0.29698195236945635,0.33093929741889894,0.29301863486870994,0.3345897985541531,0.0,0.32479191871730073,0.0,0.0,0.0,0.0,0.3356493992886915,0.34970873518747736,0.33167426858387716,0.31994474459579675,0.0,0.2768969140431772,0.34964252549470387,0.0,0.0,0.0,0.0,0.0,0.0,0.0,0.0,0.0,0.0,0.0,0.2933797114591556,0.0,0.3363315445592398,0.0,0.30351371360792145,0.0,0.0,0.0,0.0,0.0,0.31457482621217725,0.0,0.0,0.0,0.28822936158305984,0.0,0.0,0.0,0.2980985744773753,0.0,0.3038689310499229,0.0,0.0,0.3513479135882425,0.31870037171411514,0.32494971504173575,0.0,0.0,0.3518961207293389,0.0,0.0,0.32880948930281706,0.3355806843641727,0.0,0.0,0.0,0.0,0.0,0.313855885574708,0.2935366938458238,0.3127198876314508,0.2997505417659086,0.0,0.30958610407986814,0.0,0.0,0.0,0.0,0.0,0.0,0.0,0.3439694185451572,0.0,0.0,0.0,0.0,0.31316478528915764,0.0,0.0,0.0,0.0,0.0,0.0,0.0,0.0,0.0,0.0,0.0,0.0,0.302751043154253,0.3475680001936564,0.29761977656323085,0.0,0.0,0.0,0.33189083296689725,0.2835010154243994,0.0,0.0,0.0,0.0,0.0,0.0,0.32499890764859063,0.3559071275057972,0.0,0.3390325867204261,0.0,0.0,0.33620351832722484,0.0,0.0,0.0,0.0,0.3139390420298025,0.33622014358353036,0.34388194260562277,0.3229760604758968,0.0,0.0,0.0,0.0,0.0,0.0,0.2690578444218796,0.0,0.0,0.32272262654690753,0.0,0.0,0.0,0.30118163446137336,0.30166723169330567,0.0,0.0,0.3437946564871732,0.0,0.0,0.0,0.2711534651869886,0.0,0.31282889056607804,0.3213343992873797,0.3193897888245458,0.0,0.0,0.34620005677577614,0.0,0.0,0.37441444259845025,0.0,0.0,0.0,0.3564953941761409,0.0,0.0,0.0,0.30894118579079005,0.0,0.3331924939181971,0.325789861609274,0.0,0.31509572988930057,0.28453013038471586,0.0,0.32625752682993064,0.34247903424561166,0.0,0.31424360075844415,0.0,0.24872018638580917,0.2585515616126314,0.0,0.0,0.0,0.0,0.0,0.0,0.0,0.0,0.3509690469768627,0.0,0.3116075158716136,0.0,0.3283718353633118,0.0,0.3719027299164793,0.0,0.0,0.30614756872139626,0.3134996715600484,0.0,0.0,0.0,0.33993231599977264,0.34687510306058467,0.31494778677699,0.0,0.29568660333335417,0.34673005804120494,0.0,0.3086192609410073,0.0,0.32812070126997417,0.0,0.31067661115509937,0.0,0.0,0.0,0.0,0.0,0.0,0.0,0.0,0.3163688189091801,0.0,0.28679525253214816,0.0,0.0,0.0,0.3274581900400612,0.3567844798042588,0.3396646047500861,0.2750156053712352,0.0,0.3299690596107332,0.0,0.33079417871661276,0.3009073176893279,0.0,0.32055843928422095,0.3037129541419449,0.0,0.3349490214128238,0.0,0.3675513932644621,0.32738138041980525,0.2691157044358118,0.0,0.3147604825509165,0.0,0.0,0.0,0.0,0.0,0.29067182322839297,0.0,0.0,0.301304993060718,0.0,0.0,0.3477281278504773,0.31623541095133534,0.293919549250714,0.2890749462784808,0.3123282971347085,0.0,0.36376835308825517,0.0,0.3058593603503521,0.0,0.3192833789335183,0.3364201909802778,0.3360290309233756,0.2896170803039166,0.0,0.0,0.30211467269847025,0.30922975978792977,0.0,0.0,0.0,0.2909953958228112,0.292364505655938,0.0,0.31028182682883454,0.0,0.0,0.0,0.0,0.34058511873543323,0.35340937233747083,0.0,0.0,0.0,0.0,0.0,0.3326984228898049,0.3000730687324275,0.0,0.36610980271611104,0.0,0.0,0.315589626700048,0.26977595849266567,0.0,0.30943098840832617,0.29274892707384303,0.33269322645027233,0.0,0.0,0.0,0.0,0.0,0.0,0.31785449064136306,0.3165148332297794,0.3043648084040974,0.0,0.0,0.0,0.0,0.0,0.0,0.3096205961774453,0.0,0.0,0.3010636570347705,0.0,0.27187544930380925,0.3201619766218715,0.0,0.0,0.0,0.0,0.3340056739233068,0.3140070962954561,0.3234215583023839,0.0,0.0,0.0,0.0,0.0,0.33090536275180127,0.0,0.36606943115828644,0.35578987843944915,0.0,0.2826334106680769,0.0,0.0,0.0,0.0,0.0,0.0,0.32931488038853485,0.0,0.3203522863905527,0.2989752301658778,0.0,0.3175355592867396,0.0,0.0,0.0,0.0,0.0,0.3145857786087346,0.0,0.3439242724824895,0.0,0.0,0.0,0.31271660393844,0.0,0.0,0.348825009484426,0.0,0.32858979830653545,0.36584798111552785,0.0,0.0,0.27935406861328893,0.0,0.0,0.3027980662821212,0.3142818364833417,0.0,0.28138845092938414,0.0,0.0,0.0,0.0,0.32103370332393644,0.0,0.34679767785643845,0.31881787184314,0.34971420900449435,0.0,0.0,0.0,0.0,0.2735269930826222,0.0,0.33843484184662137,0.0,0.2880833992623194,0.373718248602985,0.32265844539370253,0.29780888037776354,0.33770939965598795,0.31772170011259754,0.353225447170114,0.0,0.0,0.3221702146223006,0.0,0.3072288862897274,0.31341325439122614,0.0,0.0,0.0,0.2942080073726289,0.3168408407079402,0.0,0.0,0.0,0.31126241958675854,0.34927281354412903,0.0,0.0,0.0,0.0,0.0,0.33318980811458754,0.0,0.0,0.0,0.34433673261472214,0.317300274625144,0.3148272364974249,0.0,0.0,0.0,0.0,0.0,0.33497392706274953,0.0,0.0,0.29306570490484257,0.0,0.0,0.36148691404200123,0.3266191112505851,0.0,0.0,0.0,0.0,0.0,0.0,0.0,0.34436790139833656,0.0,0.0,0.30147071982677587,0.0,0.3136137720291673,0.3056615613546879,0.0,0.0,0.3347852738781597,0.0,0.0,0.30470792615918285,0.34226914275220605,0.3119452338419738,0.0,0.0,0.0,0.0,0.0,0.29349654166849604,0.0,0.0,0.0,0.0,0.0,0.0,0.32940277052377515,0.0,0.0,0.0,0.0,0.0,0.3006015514276345,0.3374124425699983,0.2955241746639018,0.0,0.29835311924125046,0.0,0.0,0.0,0.0,0.30710804700549454,0.0,0.0,0.2657652939613329,0.0,0.3472340968070675,0.31432837379448386,0.0,0.303536089491759,0.3129134826682508,0.0,0.34988424864469503,0.32725407286803276,0.0,0.31748372811174563,0.0,0.3550983466550355,0.0,0.0,0.3213263916204805,0.0,0.0,0.3532359928720526,0.0,0.0,0.2813961638581067,0.0,0.0,0.0,0.0,0.2782255809963132,0.29886146916692347,0.3357110274017403,0.298621904749718,0.0,0.0,0.3490899371271078,0.0,0.31726147662651216,0.0,0.34289870314856596,0.0,0.3477965126907712,0.0,0.29428319503989797,0.0,0.34068997973795945,0.0,0.3407408855534085,0.0,0.0,0.33993432768394477,0.0,0.0,0.0,0.0,0.3070929251171928,0.0,0.0,0.29268785183285434,0.0,0.31811066134438337,0.0,0.3358392902228639,0.0,0.0,0.0,0.3167715123611235,0.0,0.32188574108970364,0.0,0.0,0.0,0.0,0.0,0.0,0.30278519613033517,0.0,0.0,0.30760347243755964,0.0,0.0,0.0,0.3435776628475455,0.3680463110772325,0.0,0.0,0.0,0.0,0.0,0.32542505042177533,0.0,0.0,0.34345601438478074,0.0,0.3155656336015979,0.0,0.0,0.30446610787100037,0.0,0.37199476969190526,0.0,0.2988601293384592,0.0,0.34644098817202457,0.0,0.0,0.2857343370082458,0.32884317447192823,0.0,0.0,0.0,0.27509673053038863,0.30633125699216157,0.2903095484945231,0.31796183156804153,0.0,0.0,0.0,0.3169830492511635,0.29472201744459936,0.33682740002217365,0.0,0.0,0.0,0.32706979664024755,0.0,0.0,0.0,0.0,0.3298407579449797,0.3334028030263545,0.0,0.0,0.3476873651164833,0.0,0.0,0.0,0.33344900574086633,0.3027419495488692,0.0,0.0,0.29520567560649,0.3208141972760845,0.0,0.0,0.0,0.3523992817056951,0.34938447329553374,0.0,0.0,0.0,0.35605914426557084,0.0,0.3400358508127543,0.0,0.0,0.33782848630321005,0.0,0.0,0.0,0.0,0.0,0.0,0.0,0.0,0.3559715740202923,0.0,0.0,0.31204398330837185,0.34164240327991435,0.0,0.0,0.3024891358132328,0.32209705873673977,0.0,0.29288572342321145,0.0,0.33191114390029497,0.28580666545048755,0.33330116922240866,0.0,0.0,0.0,0.0,0.0,0.0,0.35938771032917094,0.30565859476739565,0.0,0.0,0.0,0.0,0.0,0.38644077455665554,0.0,0.0,0.0,0.0,0.0,0.3435341237409761,0.0,0.3365233785377834,0.0,0.32506045932885086,0.0,0.0,0.32145953207341305,0.3158573048511168,0.0,0.0,0.0,0.0,0.0,0.0,0.31040771101397036,0.0,0.29842306311290656,0.32300109724339937,0.30927390269846516,0.0,0.0,0.0,0.36380861543986126,0.0,0.0,0.0,0.3288198231098128
0.0,0.0,0.0,0.0,0.0,0.4844712995562997,0.0,0.0,0.4296202086412119,0.0,0.0,0.0,0.0,0.45088694937096674,0.48600921528268937,0.0,0.0,0.0,0.44452969824113703,0.4482508147527219,0.45213705844860813,0.4189563147787335,0.0,0.0,0.42926019323384984,0.0,0.4869026881585183,0.0,0.0,0.4374428802902834,0.0,0.0,0.0,0.0,0.42168588013208463,0.4838782909670352,0.0,0.44961397984832213,0.0,0.4448121737624541,0.4322042092896417,0.0,0.0,0.0,0.47816941379303474,0.0,0.0,0.0,0.4327617133588025,0.0,0.0,0.4818382566367766,0.42541019899016524,0.0,0.0,0.0,0.4411037672474956,0.4737626112579189,0.0,0.4355115332852123,0.4611349262197252,0.0,0.0,0.41738495399175823,0.0,0.4101524483545049,0.40686203523140424,0.0,0.0,0.45180114988950115,0.4683123656446329,0.0,0.4700132597190092,0.4771892409935664,0.0,0.0,0.0,0.0,0.0,0.0,0.0,0.4640615243521734,0.45648509148704747,0.45073011044573286,0.0,0.422330363068499,0.0,0.40855286804985314,0.45436555481391067,0.4266907045141251,0.0,0.0,0.0,0.0,0.0,0.0,0.0,0.0,0.46423088311182076,0.0,0.46793741719879867,0.0,0.0,0.0,0.0,0.4517547475446366,0.42315700312116133,0.0,0.42619630499248123,0.0,0.0,0.46166341884645967,0.4482726207531658,0.0,0.0,0.41849653822450567,0.0,0.4700037065057601,0.476070169311001,0.0,0.4467744099447158,0.46687550135090694,0.47374240758206243,0.427905281170685,0.4326959958509386,0.0,0.0,0.0,0.4108756678072291,0.4674247625544768,0.0,0.0,0.0,0.0,0.4950949292079467,0.0,0.0,0.0,0.42676995474337837,0.0,0.0,0.4289531955260275,0.0,0.4858029476280532,0.0,0.0,0.0,0.0,0.0,0.0,0.0,0.0,0.4596467075163766,0.0,0.42337917275522213,0.44506734957782124,0.0,0.0,0.46584831137479715,0.44716912322964386,0.0,0.0,0.43115412304918355,0.0,0.4693592614086944,0.0,0.0,0.0,0.0,0.0,0.0,0.4211481660546271,0.4440008627868408,0.0,0.0,0.4726052641742672,0.0,0.4270573146285337,0.0,0.460861386177808,0.45642782429010414,0.0,0.0,0.0,0.0,0.0,0.41286249298681543,0.0,0.0,0.0,0.0,0.46213783814490467,0.438500033046208,0.0,0.0,0.0,0.4389650357701111,0.0,0.0,0.4680421967657943,0.0,0.0,0.0,0.0,0.4474681140084748,0.0,0.0,0.0,0.0,0.0,0.4734246054244399,0.4396327736398095,0.48025976140397264,0.0,0.0,0.0,0.43885815293903585,0.0,0.0,0.4196113826482375,0.4759792703542701,0.49433696179974496,0.0,0.0,0.0,0.4545838092988705,0.0,0.0,0.0,0.0,0.4711422589217982,0.0,0.4605461243020932,0.0,0.47773048713257504,0.45603920332640563,0.4671409454013831,0.463352223605534,0.0,0.44756808604033876,0.4260511636487709,0.0,0.4523330594290975,0.448299542600518,0.48010596005520256,0.45618486351481946,0.4547891106804142,0.45551419404654486,0.45181144362626213,0.48792718741268626,0.4348639358535241,0.5001838868474958,0.0,0.0,0.0,0.0,0.0,0.0,0.4580489118303843,0.0,0.0,0.0,0.45633608192496805,0.45421544227385535,0.0,0.0,0.4680064528037686,0.48338795780942384,0.0,0.0,0.0,0.0,0.0,0.0,0.4484214223153542,0.4761477725730768,0.0,0.4566830451925597,0.0,0.0,0.44402091166337493,0.0,0.4768761286207621,0.4707863886668517,0.0,0.0,0.0,0.493244214416966,0.44031869380339383,0.0,0.409069782820575,0.0,0.0,0.46820206088092475,0.0,0.0,0.0,0.0,0.0,0.0,0.4629909057325818,0.0,0.0,0.0,0.0,0.0,0.4600495511188832,0.47917939845709157,0.0,0.0,0.4481051579213826,0.0,0.0,0.0,0.500087572547358,0.0,0.40160027903127565,0.0,0.0,0.48419016189169606,0.0,0.0,0.0,0.41988011276294296,0.46503898557523066,0.0,0.0,0.0,0.0,0.0,0.0,0.46040218555715323,0.0,0.0,0.48566695805775245,0.0,0.46309533367676203,0.0,0.0,0.0,0.0,0.0,0.44789331998978743,0.0,0.45248015894180754,0.4166233482164216,0.0,0.440709062579268,0.4850526071989537,0.4388078796782203,0.0,0.0,0.0,0.0,0.0,0.0,0.0,0.0,0.4755695272748483,0.4643801436638311,0.0,0.0,0.47285340383283236,0.4735841053394618,0.4565992726671007,0.49549800716010356,0.0,0.4444829276390518,0.448381901837266,0.4153149053956825,0.0,0.4072482458501593,0.0,0.0,0.0,0.47076910328608007,0.4172340745969506,0.0,0.0,0.0,0.44453358314916736,0.0,0.0,0.4719901613285971,0.41683251731139637,0.45221727747158597,0.44081946991545734,0.0,0.4433781175132159,0.47388282737730336,0.48371912845899245,0.48056881674094937,0.4396434951275228,0.0,0.0,0.44061644874924205,0.44594240895996373,0.504928173258367,0.47232460383956276,0.4692023328323202,0.0,0.4987684007024871,0.0,0.0,0.413743764843071,0.0,0.0,0.0,0.0,0.4600604237690872,0.0,0.0,0.0,0.4455450041696027,0.4588527739931936,0.4613643859182052,0.0,0.0,0.48437072358408645,0.4227985437651055,0.0,0.0,0.44503165567872016,0.43728318361203694,0.0,0.0,0.0,0.44506160444236387,0.0,0.4656385615748151,0.0,0.0,0.0,0.0,0.4477592433106936,0.0,0.0,0.41384131749446984,0.0,0.4838607364704984,0.0,0.0,0.0,0.0,0.0,0.0,0.0,0.0,0.0,0.0,0.0,0.4630242996335208,0.0,0.4615228538994486,0.4884463465471406,0.0,0.44879036753118945,0.0,0.0,0.0,0.0,0.4387525148540615,0.0,0.0,0.46993262349477355,0.0,0.0,0.4514937454590705,0.0,0.0,0.0,0.0,0.45669143443664273,0.44215745237764487,0.0,0.0,0.0,0.0,0.0,0.0,0.0,0.0,0.0,0.0,0.4737885599774697,0.4654563058162255,0.0,0.0,0.0,0.43231368132626224,0.0,0.0,0.0,0.47038525142668963,0.0,0.0,0.43175425206361173,0.0,0.4597075568364437,0.0,0.0,0.0,0.4048670295637204,0.0,0.0,0.0,0.0,0.44554365980013516,0.4348489175470678,0.4458823175571884,0.44478806535112697,0.4546666722660795,0.4834963135589107,0.4489703015131101,0.4572296004470967,0.0,0.0,0.0,0.0,0.0,0.461746907532184,0.0,0.0,0.43493188898804064,0.0,0.477245518368043,0.0,0.0,0.0,0.0,0.0,0.4789127833753878,0.4507415462045928,0.44695265415478824,0.44263276821099007,0.0,0.48238950488376015,0.4460331877667193,0.4128200272461393,0.0,0.0,0.0,0.40235025768913274,0.0,0.41127043383921724,0.4750019761356092,0.0,0.0,0.4687641943560977,0.0,0.0,0.0,0.4344009690466881,0.4683068988980221,0.0,0.4866556500476983,0.0,0.49460936974131536,0.4343822412085394,0.0,0.0,0.0,0.0,0.0,0.0,0.0,0.44979643023861315,0.4229660296877234,0.0,0.0,0.4187115820718931,0.4954059359522174,0.0,0.0,0.4375364499926697,0.46134488358040576,0.0,0.0,0.48935715342578534,0.4227314226035586,0.0,0.0,0.0,0.43164603422347453,0.4730944640439308,0.0,0.4666220147086248,0.0,0.0,0.45320073586126847,0.0,0.0,0.0,0.0,0.4462963742063827,0.4728424417394281,0.0,0.4164268103176946,0.0,0.0,0.46247865626192936,0.0,0.0,0.4998686621841282,0.0,0.44378990911494026,0.0,0.43688868696368044,0.4505267887774859,0.0,0.0,0.0,0.0,0.46834972013858156,0.0,0.4673022037240938,0.47315259624454825,0.0,0.0,0.0,0.0,0.0,0.0,0.4662508103100298,0.4683782370646948,0.0,0.0,0.0,0.44189757094715665,0.49477973265436836,0.42671185977782444,0.0,0.0,0.4877440870173535,0.0,0.0,0.0,0.4555744906932419,0.0,0.47838783678811303,0.0,0.0,0.0,0.0,0.0,0.0,0.0,0.0,0.0,0.43258781917766803,0.0,0.43528443094713837,0.0,0.0,0.0,0.0,0.0,0.0,0.45247267037421246,0.47085589339386613,0.0,0.0,0.430150584733632,0.4547673489232,0.0,0.3855549278731304,0.4598445747543522,0.0,0.0,0.0,0.0,0.0,0.0,0.446785603414325,0.4443985383455686,0.0,0.4868191038687765,0.0,0.0,0.0,0.4670886319185943,0.0,0.0,0.0,0.0,0.0,0.0,0.43242175889510426,0.4667092665346533,0.0,0.4543891516056486,0.45331414414648136,0.49120405255142296,0.46015407661315183,0.0,0.4453694277675948,0.46960483197574276,0.0,0.0,0.40938094666368574,0.0,0.0,0.47223741688383075,0.0,0.4288162026978674,0.0,0.0,0.4139141939502857,0.4763049827410582,0.0,0.4437011146851785,0.0,0.0,0.0,0.45309943404876685,0.46810785211525785,0.0,0.0,0.44960964850656526,0.0,0.0,0.0,0.4565925440931517,0.0,0.4232835544277224,0.0,0.0,0.0,0.0,0.0,0.42101751347778416,0.4652574728402461,0.0,0.3994752442308755,0.45741649415325036,0.46293706128354584,0.0,0.4533290882611944,0.0,0.0,0.0,0.0,0.4129475528971575,0.4633691081817894,0.0,0.47442732825182693,0.0,0.0,0.0,0.0,0.0,0.451508443015636,0.0,0.0,0.0,0.0,0.0,0.43533712110799017,0.0,0.0,0.0,0.0,0.4558065023710032,0.0,0.0,0.46781322243402973,0.0,0.0,0.0,0.0,0.4835111508176554,0.0,0.0,0.4843291409658157,0.4697953394083766,0.0,0.0,0.0,0.46459899528741383,0.0,0.4689972020919201,0.5010030858994197,0.0,0.0,0.0,0.0,0.0,0.47219467782865493,0.46267468412540264,0.0,0.0,0.4935883851544583,0.4677228745950891,0.44716765543699927,0.0,0.0,0.46638539634004034,0.0,0.42655783197950337,0.0,0.0,0.0,0.0,0.43424210003076136,0.4712293440911706,0.0,0.0,0.0,0.46102286379725105,0.0,0.4289522970091452,0.45085858972191295,0.0,0.0,0.0,0.40843976228299506,0.0,0.0,0.4570601410480816,0.0,0.46907447616040887,0.0,0.46545908572935313,0.4642351163011223,0.42582963131934803,0.0,0.0,0.0,0.41798192874997203,0.0,0.0,0.0,0.4869622788593062,0.48486686932774303,0.0,0.0,0.0,0.46484476295138805,0.0,0.41592748788120093,0.0,0.0,0.4669018689263129,0.0,0.45506497547403485,0.4747803444825411,0.48094961201211234,0.0,0.4433533640077162,0.48099623635471545,0.0,0.439639575614928,0.0,0.0,0.0,0.5007603955867387,0.46383287828657505,0.0,0.0,0.0,0.0,0.0,0.44358831796398934,0.4613158371106045,0.0,0.4290315198764285,0.0,0.4654319459686041,0.4355616317602296,0.4824225815297096,0.0,0.0,0.0,0.0,0.4754220809111454,0.0,0.46469824726032855,0.0,0.0,0.0,0.45479041815270926,0.0,0.43562625293234547,0.0,0.47806195119088535,0.42334472958712355,0.0,0.0,0.0,0.0,0.0,0.41347942443613767,0.44987757520926985,0.45358501434014575,0.4176192666880061,0.0,0.0,0.42502175814292836,0.4649637897432069,0.0,0.0,0.0,0.0,0.4246571097574923,0.0,0.0,0.0,0.46191748529795496,0.4577329509421296,0.0,0.0,0.42454273455194397,0.0,0.0,0.0,0.0,0.49398425425713943,0.0,0.0,0.4236715710288891,0.47400162672599544,0.0,0.4787449079007507,0.0,0.0,0.0,0.0,0.47267941746520026,0.0,0.0,0.0,0.0,0.4753746516243742,0.4691542643449074,0.0,0.0,0.4861548222358681,0.0,0.0,0.42433687055985,0.0,0.3859679828907866,0.471836551280233,0.4799206858137235,0.4712551200557688,0.0,0.0,0.0,0.4586187177583048,0.43739109005357,0.48103114571346806,0.0,0.0,0.0,0.0,0.0,0.4963337148791014,0.0,0.47446991872646266,0.0,0.0,0.4629262994783046,0.0,0.0,0.4912327216889845,0.0,0.4603464255990526,0.0,0.0,0.4487522394362696,0.0,0.0,0.0,0.0,0.45413000373999046,0.0,0.0,0.0,0.0,0.0,0.41147738529453903,0.0,0.48952949314520694,0.46637568678345365,0.43479396147616406,0.4238052904296168,0.4774370610353901,0.0,0.4843746997969313,0.0,0.46776293456957607,0.4343541923411638,0.4668239357064238,0.4628936029104106,0.0,0.4326244090065331,0.4356322999648875,0.0,0.4553469501097804,0.0
0.0,0.0,0.0,0.5855533321384027,0.581505879883907,0.0,0.0,0.0,0.0,0.0,0.5776472705443241,0.0,0.0,0.0,0.5852242425955952,0.5975686482442025,0.5942578819840708,0.0,0.5854258653621413,0.0,0.0,0.0,0.0,0.0,0.5696407300405495,0.5730189515150046,0.0,0.0,0.0,0.0,0.5827741232954373,0.0,0.0,0.0,0.5790352866926045,0.0,0.5860242593838996,0.0,0.5953305373823181,0.5705231956694807,0.0,0.0,0.0,0.5703124341324501,0.0,0.0,0.566509570237436,0.5599332229451859,0.5926275326365767,0.0,0.0,0.584802092593278,0.0,0.5928921698434043,0.5838040242707007,0.0,0.0,0.6169041797388551,0.0,0.554790379626731,0.0,0.0,0.0,0.5934743733226111,0.5681199256180399,0.0,0.0,0.6010497761132272,0.0,0.5718475480342239,0.0,0.0,0.0,0.0,0.0,0.0,0.601327230607338,0.0,0.5801278772312414,0.0,0.0,0.6116929381097976,0.0,0.6052490550788381,0.0,0.0,0.0,0.0,0.0,0.0,0.5870826946389726,0.6163453366647201,0.5498576364124865,0.0,0.0,0.0,0.0,0.5814717693903302,0.0,0.590203153584957,0.0,0.5951416531339153,0.5732305472654113,0.0,0.5807433445779008,0.0,0.0,0.5700315997002967,0.5716889271884569,0.0,0.0,0.0,0.0,0.0,0.5863836076868119,0.5745459356556404,0.0,0.6269125158168776,0.5724926092159379,0.0,0.5697736005829521,0.0,0.5791786151103384,0.0,0.570766977617243,0.6216603369081226,0.5667756461654846,0.0,0.0,0.0,0.0,0.0,0.0,0.5548949782164856,0.5910995898856815,0.584978191116749,0.0,0.0,0.6111612352303786,0.0,0.0,0.0,0.5844185984811955,0.0,0.0,0.0,0.5457736179804357,0.0,0.5566642663290831,0.0,0.593322642317794,0.0,0.0,0.6123188944560743,0.5883898293295247,0.5708680461277307,0.0,0.5831423420621642,0.0,0.0,0.5465706338642625,0.6101800796831971,0.584258356635216,0.0,0.0,0.6169923545113911,0.0,0.0,0.0,0.6014303923560761,0.0,0.0,0.0,0.0,0.5533707519101201,0.5871964283686154,0.6039859185722182,0.5929146835819114,0.0,0.0,0.5852806685355094,0.0,0.609645997612187,0.0,0.0,0.5689320747084953,0.0,0.5742723836768961,0.0,0.0,0.5939058551491085,0.5726646465732226,0.0,0.0,0.0,0.0,0.6104848811208093,0.0,0.5946312268341689,0.6061044884558711,0.6032704118995749,0.5932341824865467,0.5451196890766014,0.0,0.0,0.5712946429125897,0.0,0.0,0.0,0.0,0.5666677219266418,0.5695117272866795,0.0,0.5590772471796691,0.0,0.5576760424828235,0.606346803304079,0.5798751391726086,0.5876441162893947,0.5700561786296268,0.5968020591443688,0.0,0.0,0.0,0.5983133571146363,0.583827284173379,0.5714830300541138,0.0,0.0,0.0,0.0,0.0,0.5742512033078653,0.6102075595635775,0.6015869374595603,0.0,0.6015827546456978,0.0,0.0,0.0,0.0,0.0,0.5624419098483091,0.5942537077684964,0.0,0.598958096023238,0.0,0.6079797417640793,0.0,0.5731106092542647,0.5930155569853501,0.0,0.5815841399726775,0.5579519759118721,0.5973189105419228,0.6005721359272795,0.0,0.0,0.0,0.5918603602132848,0.0,0.5914823626277481,0.0,0.584429926078956,0.0,0.5947526705476928,0.5789323659201663,0.6079323039868311,0.561821659324202,0.0,0.6003759714034765,0.0,0.6178463577486691,0.5964139517328351,0.5511159131935732,0.0,0.0,0.0,0.0,0.0,0.5873294000822796,0.6203194440399404,0.0,0.0,0.6122102055936272,0.5940275786720128,0.0,0.5913613247142651,0.6015947037297348,0.0,0.0,0.0,0.5808127765846063,0.5874692914288651,0.0,0.0,0.0,0.0,0.0,0.5907299638036064,0.0,0.0,0.0,0.0,0.5626010133441596,0.0,0.0,0.0,0.0,0.5860692499555125,0.5975464783208547,0.5970913529056949,0.0,0.55923704581858,0.0,0.0,0.5879205057095076,0.5947893532275853,0.0,0.0,0.5779916989423519,0.0,0.0,0.6012281706448253,0.626108587591562,0.0,0.0,0.0,0.0,0.0,0.577597181924058,0.0,0.0,0.0,0.0,0.0,0.0,0.5785848319374437,0.0,0.0,0.0,0.5819570208354027,0.0,0.6001627788889452,0.5632818609813082,0.0,0.5924428949283737,0.0,0.5547238508396247,0.6023873781298573,0.0,0.0,0.0,0.0,0.5880060962053344,0.0,0.0,0.0,0.0,0.0,0.0,0.0,0.0,0.0,0.0,0.0,0.0,0.5609841971779611,0.0,0.0,0.0,0.6096579650615389,0.0,0.0,0.6149493350608479,0.0,0.5831392842922889,0.6139718912501256,0.0,0.0,0.5889527677576817,0.0,0.0,0.0,0.0,0.6043748664925467,0.6023567326800229,0.5753769460438086,0.0,0.5888590852484795,0.0,0.5639131596892244,0.6031063552227863,0.0,0.0,0.0,0.0,0.6098078578519708,0.0,0.5732809536228513,0.5520582985696288,0.0,0.6127934426603793,0.598860236369549,0.0,0.5843116232593208,0.0,0.58077994611018,0.0,0.0,0.0,0.0,0.0,0.5809269417605255,0.5691548516187372,0.0,0.555095948322699,0.0,0.5600150610735585,0.5635213652942055,0.5800529028032645,0.5869068431749426,0.5907906261682013,0.5844169851101991,0.6036699979576695,0.0,0.0,0.5971033301378589,0.5677110249720385,0.6100914512473338,0.5701637285150588,0.0,0.0,0.0,0.5834731377793716,0.5825069854098237,0.0,0.5708570124786936,0.5477334144090275,0.5750104144501808,0.0,0.0,0.0,0.6153481530223315,0.0,0.0,0.5698104070387563,0.5907134346927628,0.6156792313113811,0.0,0.5962976705341658,0.5943489137458446,0.0,0.0,0.0,0.0,0.0,0.0,0.0,0.0,0.0,0.566069998357813,0.5568036758493199,0.0,0.5864910629367185,0.0,0.0,0.5602411223011395,0.0,0.5892415729977993,0.0,0.0,0.0,0.5728613205114079,0.5594674753408347,0.596717888357615,0.0,0.0,0.5940968646590642,0.0,0.0,0.0,0.0,0.6125802999492459,0.0,0.0,0.0,0.0,0.0,0.0,0.0,0.5903580972382767,0.5849436992028347,0.0,0.5826204559711622,0.0,0.615413790282256,0.5832805241266451,0.0,0.0,0.0,0.0,0.0,0.5939638503910838,0.0,0.0,0.0,0.0,0.5778478114600898,0.0,0.6015858011506326,0.0,0.0,0.0,0.0,0.0,0.5635147997991172,0.0,0.0,0.6252725595395057,0.5994560004328215,0.5615699377003229,0.0,0.5989472590165391,0.5849882565789207,0.584165344706199,0.0,0.0,0.0,0.0,0.0,0.0,0.0,0.0,0.0,0.0,0.0,0.0,0.0,0.0,0.0,0.619899876010799,0.6035274369872233,0.0,0.5934050865603441,0.0,0.5915636311837305,0.5807229035379736,0.0,0.0,0.0,0.0,0.0,0.5853590737349531,0.5691261606570001,0.0,0.0,0.0,0.6036075903794876,0.0,0.591632417694609,0.5823440952857328,0.0,0.5812547737749123,0.0,0.0,0.5995523178295784,0.6112733918488366,0.0,0.0,0.0,0.5981563609263102,0.0,0.0,0.0,0.0,0.0,0.0,0.5929173454207453,0.0,0.0,0.5596136885089446,0.0,0.0,0.0,0.0,0.0,0.0,0.0,0.5675597727134739,0.0,0.0,0.5907794559099071,0.0,0.6135432826209782,0.0,0.0,0.5922820164465024,0.0,0.0,0.0,0.0,0.5876373651575576,0.5764262673263156,0.0,0.5709937351950223,0.5565733898095684,0.6018851673489546,0.0,0.5647533390800008,0.545959617649142,0.0,0.0,0.0,0.6017242996044843,0.0,0.6085799755558281,0.0,0.6048007878139042,0.5782704538246628,0.0,0.5898626443908467,0.0,0.0,0.0,0.0,0.0,0.0,0.6250588616610788,0.0,0.6186346007543639,0.0,0.0,0.0,0.5910508263153137,0.5666520057918818,0.5651111400542052,0.5904978362634108,0.0,0.0,0.5623626042555546,0.0,0.0,0.0,0.0,0.5857223396878157,0.5662919994291448,0.6170922505972716,0.5928667926701117,0.5870615385701157,0.0,0.0,0.5672664127097997,0.0,0.0,0.0,0.0,0.0,0.5769616939829134,0.0,0.5802630732578689,0.0,0.0,0.0,0.0,0.0,0.5741399244011016,0.5641043108682204,0.5927700289266394,0.0,0.5719548306616816,0.0,0.0,0.0,0.5933500663931323,0.0,0.5895144043451009,0.0,0.5858352502434795,0.0,0.6101061208013544,0.5961894962966432,0.5582661751421247,0.0,0.0,0.5953606444095464,0.0,0.5941657200453488,0.5976790747724248,0.5738572623464735,0.5969219223529285,0.5935776724264429,0.0,0.5750425796044095,0.0,0.0,0.5945879873561232,0.5692942225165025,0.0,0.5715299982432172,0.0,0.0,0.0,0.0,0.6480035253881953,0.0,0.0,0.582462589175646,0.0,0.5730356323264395,0.0,0.0,0.5641653326550826,0.0,0.5744794208993207,0.5921195332099567,0.0,0.6169956444168223,0.0,0.0,0.6211303913894357,0.6165246516161179,0.6145364698413184,0.5725796218545309,0.5931055273191523,0.0,0.5961879150160839,0.5980739133689116,0.0,0.5725321220648637,0.0,0.591496727931464,0.5702553672999486,0.0,0.0,0.0,0.5890476830597094,0.0,0.0,0.6040054261212335,0.0,0.0,0.0,0.5975216409567125,0.0,0.5967825623691763,0.5980795316477914,0.0,0.5736455901947474,0.0,0.5863580642276853,0.5909659325335905,0.0,0.5959508755227795,0.6069176778777089,0.0,0.0,0.5724603293850112,0.0,0.0,0.0,0.5848822645673615,0.0,0.6275807535925554,0.6259778180242486,0.0,0.5783070050042676,0.0,0.0,0.0,0.0,0.6067030581402265,0.5780220650092386,0.5381994996844335,0.0,0.6162768802861771,0.6249713564971231,0.5711207456930452,0.5836053297896099,0.6331505436337699,0.0,0.0,0.0,0.0,0.0,0.0,0.6003140789744745,0.0,0.0,0.563010551071311,0.0,0.0,0.0,0.0,0.0,0.5616138766400821,0.5645099611571555,0.0,0.0,0.0,0.0,0.0,0.577129181830464,0.6139279753556776,0.0,0.0,0.0,0.586169293842033,0.0,0.5653009591040331,0.5971511793499171,0.5566003269123542,0.0,0.0,0.0,0.5860927019991664,0.6008725551664561,0.0,0.5855881736230839,0.0,0.5974089845647128,0.0,0.0,0.5918807774028573,0.0,0.0,0.0,0.0,0.0,0.5792143893441425,0.5816651967651871,0.5948091638400661,0.0,0.582073728340136,0.530589240385695,0.0,0.5865188346836587,0.0,0.599527079507034,0.0,0.5825631922019848,0.0,0.6086232148292725,0.0,0.5997260684322137,0.5921843463339682,0.5695063897064878,0.0,0.5851214356850538,0.0,0.0,0.6135602134745688,0.5824627665507435,0.0,0.0,0.0,0.0,0.5582778374841656,0.0,0.5738561424751762,0.0,0.5815493681909492,0.0,0.0,0.0,0.6221996721604749,0.0,0.0,0.0,0.0,0.0,0.56101618169105,0.0,0.5830750375845581,0.5934497060336311,0.5636223524187919,0.0,0.5813246477116341,0.0,0.0,0.6174484261031487,0.5985439789966867,0.0,0.0,0.5988308176583701,0.0,0.0,0.5780089640192416,0.0,0.0,0.0,0.0,0.0,0.6091589859633123,0.610270473764481,0.562857349303529,0.0,0.0,0.6025730173500077,0.0,0.0,0.0,0.0,0.5774946995328761,0.5753715542563916,0.0,0.0,0.0,0.0,0.0,0.5946270529820041,0.0,0.0,0.0,0.0,0.6091287653102613,0.6006108286665811,0.5927950552273171,0.0,0.0,0.6091699289855054,0.0,0.0,0.0,0.582710422609761,0.0,0.0,0.0,0.0,0.0,0.0,0.0,0.5875366242992734,0.0,0.0,0.0,0.5886092363952473,0.0,0.0,0.0,0.5808744088332491,0.5802568762426027,0.0,0.5741520059128743,0.0,0.5919657259569299,0.5762116630683394,0.0,0.5752726368862108,0.5788825943020451,0.0,0.0,0.0,0.0,0.0,0.0,0.0,0.0,0.0,0.0,0.0,0.0,0.0,0.0,0.5623784434149959,0.0,0.0,0.0,0.0,0.0,0.0,0.0,0.5953581657504707,0.0,0.5910663456306375,0.0,0.6142260061852679,0.5967148775717819,0.0,0.615855275829952,0.5850694509136181,0.0,0.0,0.0,0.5873592597128668,0.5806118480656911,0.5782579460381291,0.0,0.5729596868329769,0.0,0.0,0.5813126485902205,0.0,0.5851649928645454,0.0,0.5654616163805842,0.5758403249656799,0.6085430996302538,0.0,0.5946087205370448
0.0,0.0,0.0,0.0,0.09157527204886694,0.0,0.07954801115211027,0.0,0.10696376862004378,0.0,0.0,0.0,0.07752497747084824,0.0,0.10188066972280321,0.09396627306793727,0.09560672338375682,0.09245639480166491,0.09418972713537044,0.049817296300949,0.0,0.1115255476983968,0.0,0.0,0.0,0.0,0.0,0.0,0.0,0.0,0.05668310946892228,0.0,0.10352283668792045,0.0,0.0,0.0,0.0940236199025801,0.07233222811472624,0.10423994131178714,0.0,0.08389561736353235,0.0,0.0,0.0,0.07953164857333003,0.06719963624514597,0.051805811334637915,0.10328381758459988,0.0,0.0,0.0,0.0,0.0,0.0,0.08123764313121706,0.09206986102752429,0.0,0.0693854886848213,0.120574796448504,0.0,0.0,0.0,0.0,0.0,0.0,0.073137799218201,0.0,0.10204933334619888,0.0681502693328065,0.09616712476072127,0.1076814704012207,0.0,0.07621696775430531,0.0,0.06760622134591246,0.0,0.0,0.0,0.0,0.0,0.0795549043038679,0.0,0.0,0.0,0.0,0.0,0.0796319401895828,0.0,0.0,0.03429399374318061,0.07899485330385696,0.0,0.0,0.11442922883913854,0.1043933518378114,0.0,0.0,0.0,0.11150695449916168,0.07807707133090278,0.09244538519247955,0.0,0.04424972771757415,0.0,0.0,0.0,0.09224897252622782,0.0,0.07262524596363067,0.0,0.0,0.0,0.03967748329015733,0.0,0.12367283415423119,0.0,0.0,0.08409209305392763,0.059366782476976514,0.09037137989752406,0.0,0.08082199464284459,0.0,0.0,0.0710124840714847,0.10553181227663445,0.10417938291807445,0.0,0.0,0.0,0.0,0.056435818281362744,0.0,0.0,0.0,0.0,0.0,0.0,0.051131736816937806,0.0,0.0,0.0,0.0,0.0,0.0,0.0,0.0,0.0,0.0,0.0,0.0,0.0,0.0,0.0,0.0855239032529873,0.0,0.0,0.0,0.0,0.0,0.02828175308727439,0.0,0.0,0.0,0.0,0.07919502200054587,0.06663060579237928,0.0,0.0,0.0,0.07505592860408117,0.0,0.0,0.055112959430187285,0.0,0.0,0.05475762962197875,0.07068154220467956,0.0,0.0,0.0,0.0,0.055451349208555115,0.0,0.0,0.0,0.07474000056310974,0.0,0.0,0.0,0.0,0.08114143517294015,0.0,0.0,0.0,0.0,0.07667008958426436,0.0,0.05585580324393406,0.0,0.05009237216334022,0.0,0.0609902833812056,0.0,0.07503974247907477,0.0,0.0,0.0,0.0,0.07740805607860035,0.05000306771715436,0.0,0.11701957372813583,0.0,0.0,0.0,0.0,0.0,0.05864272299872029,0.047675831235130056,0.07201270696468895,0.09413415761146098,0.0,0.0,0.0,0.0,0.0,0.0,0.0,0.0,0.04723129721515625,0.0,0.0665590569440774,0.0,0.0700664146329047,0.0,0.0,0.07877348038849291,0.0,0.07117787099223492,0.0,0.0,0.0,0.07920525656452715,0.10045531460121143,0.0,0.0,0.07682009183780027,0.0,0.08150721287048403,0.0,0.0,0.0,0.0,0.0,0.04147170991467479,0.09119483986941412,0.0,0.0,0.0,0.0,0.041894780484653955,0.0,0.0,0.0,0.0,0.0,0.0,0.0,0.0,0.0,0.0,0.09539965455284093,0.0625169220948433,0.08594690806016768,0.0,0.05106861639101718,0.0,0.0,0.0,0.0,0.10066062029566505,0.08480485283782123,0.08838194396776183,0.1084383645082304,0.0,0.0,0.0,0.07734617521570013,0.0,0.0,0.0,0.0,0.0,0.0,0.0,0.0,0.0,0.0,0.09277012052971173,0.0802959780040643,0.08349137019763438,0.09082543047612794,0.0,0.04570327411105564,0.0,0.0,0.0860049202174065,0.0,0.0,0.0,0.0,0.0,0.0,0.04563024937586182,0.0,0.0,0.0,0.08780516834285265,0.0,0.059386957451508515,0.0,0.0,0.0,0.08476014791953625,0.0,0.0,0.0,0.0,0.06423684830912268,0.08338016064099353,0.13598334896656708,0.10048015838151482,0.05541785801856018,0.07905028032740884,0.0,0.0,0.06669507807517407,0.0,0.1199282383670658,0.0,0.07235511167024748,0.09756468880482656,0.0,0.04708728393944329,0.0,0.0,0.05797038982657316,0.0,0.0,0.0,0.09908390944503737,0.0989202454041649,0.0,0.08148287978391515,0.0,0.1144485155101746,0.07575672671519947,0.09786772073815811,0.07582807186758153,0.0,0.0,0.0,0.0,0.0,0.0,0.0,0.0,0.050642527422428904,0.05240948448012568,0.07743372134883264,0.10303077514274704,0.0,0.0,0.11801277316963651,0.12244009864172986,0.0,0.0,0.0,0.0,0.09340099101359757,0.0,0.0,0.0,0.0,0.06887084934558181,0.0,0.0,0.10435345577711151,0.0,0.0,0.0,0.08197850503759105,0.11558821135812761,0.0922816119059733,0.0576999048836246,0.0,0.10462316528286325,0.0,0.07561356376459175,0.0632412420017506,0.10880522753973695,0.0,0.0,0.0,0.0,0.0,0.0,0.0,0.09997702310794614,0.0,0.08980145788311435,0.0,0.07078677550747395,0.11447551629656481,0.0,0.0947701953751756,0.0,0.0,0.06729572213298075,0.0,0.0,0.08277507377581489,0.0,0.0,0.0,0.0,0.0,0.0,0.0,0.0,0.0,0.08140318016816012,0.12071690660928036,0.0,0.0,0.0,0.08922348942171365,0.0,0.0,0.0,0.0,0.07713238184966738,0.09118392126641629,0.0,0.0,0.0,0.06363875766283233,0.0,0.0,0.0,0.0858617737705769,0.0,0.0,0.07097714728194449,0.06008646384703738,0.0,0.0,0.0,0.07721054438071316,0.0,0.0,0.07846695226613405,0.08767410812325033,0.04388019879283993,0.0,0.0,0.0,0.0,0.0,0.0,0.0,0.0,0.0,0.10732878275186153,0.0,0.0,0.0,0.06244009987784299,0.10038148850322012,0.06721550924043311,0.06848766659071959,0.0,0.0,0.0,0.0,0.0,0.0,0.0,0.11368280012951787,0.07591767313125128,0.0,0.11449866992750668,0.09701638818265974,0.0,0.0,0.10386660982876339,0.0,0.0,0.11672983814370845,0.09141966294517524,0.0,0.0,0.0,0.0,0.09364942980541498,0.0,0.0,0.04908509930359837,0.0,0.0745045285933347,0.0,0.0,0.0841168613416527,0.0,0.0,0.0,0.0,0.0,0.0,0.0,0.0,0.0,0.06075165009028716,0.0,0.08965285260852056,0.0,0.0,0.07107809367593798,0.0,0.0,0.0,0.0,0.0,0.0,0.0,0.0,0.0,0.054458303184806524,0.0,0.0,0.06878401878540469,0.0,0.06957192652141743,0.06794652100217312,0.0,0.048857762899231896,0.08179745257229147,0.0,0.0897254629581177,0.0,0.04888360425723805,0.0,0.0,0.09480229574343872,0.09839150323091769,0.0,0.0,0.0,0.0,0.08009103144645537,0.0,0.07504681785537345,0.0,0.06232616637324803,0.0,0.0,0.1100618373347485,0.0,0.06972032512600217,0.06653621369753747,0.086517640030105,0.0,0.03696469997281425,0.0,0.09006326721817569,0.0,0.0,0.10464175832941065,0.0,0.0,0.0765632665801221,0.0,0.05924497051999296,0.0,0.0,0.0,0.0,0.0,0.0,0.0,0.0,0.0,0.0,0.07035701749453868,0.067058637827362,0.0,0.11703250522845578,0.0,0.08157148087492226,0.0,0.0,0.0,0.0,0.0,0.0,0.0,0.0,0.0732438702493988,0.0,0.10896814250835594,0.0,0.0,0.0,0.05607070421648032,0.0,0.0,0.0,0.11092993026499169,0.0,0.10954246716582172,0.0,0.06434971812600045,0.0,0.0,0.0,0.0,0.0,0.11621491597855622,0.0,0.0,0.07642680659292406,0.06701500740824877,0.057009445964469385,0.0,0.0,0.0,0.0,0.0,0.0,0.09296864205568596,0.11327931564397647,0.06818496794524524,0.0,0.0,0.12099527592460747,0.0,0.0,0.0,0.0,0.0,0.0,0.0,0.0,0.0,0.0,0.0,0.07093948827322372,0.0,0.0,0.0,0.0,0.09607546579781635,0.0,0.10367265715977125,0.0,0.0,0.0,0.0,0.0,0.0,0.08438246087913817,0.0,0.0,0.017473054460022425,0.0,0.0,0.08971917174562034,0.07999777940463736,0.0,0.09433371010884005,0.0,0.0,0.0,0.12674403954507354,0.028930137462779358,0.06651863638437738,0.039093210735929494,0.0710153281180116,0.0,0.09028530369008131,0.09033614655407153,0.0,0.0,0.0,0.07424528028171704,0.0,0.0,0.04059274478496801,0.0,0.09215512668388581,0.0,0.0,0.0865204069008524,0.10964050660254743,0.0,0.0,0.09976064067568263,0.0,0.08087721880496145,0.08803550470205088,0.0,0.0,0.0,0.07384123735114335,0.07604065901960624,0.0,0.07745027025058004,0.0,0.08325457803379797,0.0,0.0,0.0,0.0,0.0,0.0,0.058100351718870416,0.07301222403694575,0.0,0.0,0.0,0.0,0.0,0.06305829893545778,0.0,0.0,0.0,0.07267766563337186,0.1473200633038542,0.0,0.0,0.0,0.09908566776595594,0.08457836994429538,0.0,0.064874944560188,0.0670939569445777,0.095191511138135,0.0,0.0672599757044132,0.10064152238937193,0.0,0.0,0.07828150432406926,0.08783237879860684,0.0,0.0,0.06802358540195416,0.0,0.0,0.0,0.11576685919658097,0.0,0.0,0.0,0.0,0.09243756051551434,0.11610745346625041,0.0,0.0,0.0,0.09443129183548064,0.0,0.0,0.0,0.07113085506053435,0.0,0.06228414733156543,0.11947842635786884,0.0,0.0,0.0,0.0,0.10418849803124672,0.0,0.0,0.04961697805593842,0.0,0.04906069819861621,0.041634601102844185,0.10451713837545831,0.0,0.08993800199128528,0.0,0.0,0.10301143807839963,0.0,0.0,0.07403716170384762,0.0,0.0,0.0,0.09539137303810899,0.0,0.0,0.09005002287628258,0.0,0.09517228091776572,0.0,0.0,0.0,0.04397509956394623,0.12689843828491845,0.0,0.10299290922163472,0.0,0.062050835260011046,0.0,0.05320107684803811,0.0,0.05031146524113944,0.0,0.0,0.07941018060642396,0.091565159244362,0.0,0.0,0.0,0.09322145606071486,0.0,0.07618586544343418,0.0,0.0,0.0,0.0,0.0,0.0,0.0,0.0,0.08673154614949662,0.0977995801753634,0.0,0.0,0.0,0.0,0.0,0.06343404703340069,0.0758352797599215,0.0,0.0821545189547136,0.0,0.09809256113025995,0.08340955768983101,0.0,0.03202943252024552,0.07168495461985892,0.059713258901813504,0.0,0.0,0.09102733711780511,0.0,0.10141607540731157,0.0,0.07151906613769911,0.0,0.0722582621277139,0.09562115633933276,0.0,0.0,0.0,0.07344192791065818,0.0,0.07428261508192208,0.05752939110974776,0.07670069642909794,0.0,0.08056943469547069,0.0,0.0,0.11784546070287923,0.07331296818779322,0.08273474415222067,0.0,0.09085272547906068,0.06115790873286311,0.0,0.050180301687252245,0.0,0.0,0.08318234889942307,0.07837134165598078,0.0,0.0,0.0,0.0,0.0,0.0,0.08495542190361036,0.07118085465530959,0.0,0.0,0.0,0.0,0.0,0.0,0.0,0.0,0.0,0.0,0.0,0.0,0.0,0.0,0.0,0.0,0.0,0.07204962849821582,0.0,0.0,0.055678940407723324,0.0,0.0,0.0,0.08602308654619947,0.0,0.0,0.0,0.07361062049788089,0.0,0.0,0.0,0.0,0.03693939465330225,0.08786913696978738,0.0,0.0,0.0,0.0,0.0,0.0,0.0,0.0,0.06628369698265515,0.09831387275347485,0.0,0.0,0.1030626449257436,0.0,0.0,0.06269711409895147,0.0,0.07761183406570085,0.0,0.0,0.0,0.0,0.08168519332411753,0.0,0.0,0.0,0.0,0.0,0.04919984498356919,0.0,0.0,0.0,0.119920014903954,0.0,0.0,0.07644107689521483,0.11063720084921394,0.0,0.0,0.08455989451979215,0.0,0.0,0.0,0.0,0.0,0.0,0.08549685993686394,0.10167596691898304,0.0,0.0,0.0,0.0,0.047680172927443164,0.08368702786413743,0.0,0.0,0.07714812319285407,0.0,0.0,0.08366737133848973,0.0,0.0,0.052423410735862735,0.0,0.07274418738090357,0.04293286774613085
0.0,0.0,0.0,0.5962389189370152,0.0,0.6604204403084221,0.0,0.0,0.6236807163496861,0.0,0.5944516803493478,0.0,0.0,0.6116785018578033,0.0,0.6319614829770662,0.0,0.0,0.5989371881076393,0.0,0.57473973590363,0.6158821170204777,0.0,0.5917209722831059,0.6349510724694214,0.0,0.0,0.5503146893706807,0.0,0.6145958235712133,0.6321974987780608,0.0,0.6023168799931028,0.0,0.0,0.0,0.593583432691113,0.6395899288101994,0.6330407660998527,0.0,0.5835250518890241,0.0,0.0,0.6113838929657197,0.6100373859829991,0.6131843916909796,0.0,0.0,0.606635129719485,0.0,0.0,0.6013577030627684,0.6349402842091362,0.620658314555622,0.0,0.6266517915637444,0.0,0.0,0.0,0.5750572184590935,0.6128786714868066,0.0,0.0,0.6383445973768329,0.0,0.0,0.0,0.6369434626957531,0.0,0.0,0.6135990795112659,0.0,0.0,0.6198668326320794,0.0,0.0,0.0,0.0,0.0,0.0,0.0,0.0,0.6003199706446986,0.6333468465846255,0.60184926469205,0.0,0.6253381869716049,0.0,0.654024722775354,0.5875827674526292,0.5814834433618216,0.6070463413111481,0.0,0.0,0.0,0.0,0.0,0.6098924540400705,0.0,0.5855818741829718,0.5992833024329945,0.5943782311583148,0.5832241381781349,0.0,0.0,0.597652374157989,0.0,0.0,0.5575050170684542,0.0,0.0,0.6194768114715162,0.0,0.0,0.659001197977595,0.0,0.0,0.0,0.5966853322278719,0.0,0.0,0.6294282248831014,0.5877680462441451,0.0,0.0,0.5970289638452203,0.5900312199879346,0.0,0.0,0.0,0.0,0.6163474980437051,0.0,0.6199659627672738,0.5936369374380353,0.5888821060519567,0.5937449105395793,0.5964525720207148,0.608745377325233,0.0,0.0,0.0,0.0,0.0,0.0,0.0,0.0,0.0,0.0,0.0,0.0,0.5883027691190463,0.0,0.0,0.0,0.6003327795591251,0.0,0.0,0.6133774425320535,0.6155135897357602,0.0,0.0,0.0,0.6067983822233436,0.0,0.0,0.6170155493525709,0.0,0.0,0.6184897196602761,0.0,0.5797857141897153,0.6303496814887574,0.0,0.0,0.0,0.6258970262728806,0.0,0.0,0.6030392532387383,0.0,0.0,0.6477834522667895,0.5943133676723245,0.0,0.0,0.0,0.0,0.0,0.0,0.0,0.0,0.0,0.0,0.0,0.0,0.5694278354990422,0.6044650832910566,0.5811123336200004,0.5898343586837701,0.618898533659983,0.0,0.5981986138462557,0.0,0.0,0.0,0.5874008064718876,0.6143418064772275,0.5707222902194635,0.5575110963778935,0.0,0.618732486895042,0.0,0.0,0.0,0.0,0.0,0.0,0.6173007533705904,0.6391560259579065,0.5949154615920135,0.0,0.0,0.0,0.0,0.5736909789269227,0.0,0.0,0.6153389492127214,0.0,0.0,0.0,0.6120741085789314,0.0,0.0,0.0,0.6149156529343544,0.0,0.0,0.0,0.6224651183568162,0.5657112562098183,0.6002577526219015,0.0,0.6409731412174442,0.6251834684228027,0.0,0.5791205024305113,0.0,0.0,0.5781539303100556,0.6005130747208571,0.0,0.0,0.5972288473723109,0.6115813712727525,0.0,0.6002007506520727,0.6045269270507475,0.6004607608508381,0.0,0.0,0.0,0.6143733760687463,0.5934672430508325,0.0,0.0,0.6176778515745195,0.0,0.0,0.0,0.0,0.6316063836127757,0.6152430397156055,0.6510239378419242,0.6030672864117462,0.6094164418031766,0.0,0.0,0.0,0.0,0.596147114966073,0.5951892036226986,0.5622253814631426,0.617413862140125,0.0,0.0,0.6018233200722394,0.6277507053431668,0.0,0.6300239329508168,0.0,0.0,0.6055233278249884,0.0,0.0,0.0,0.0,0.0,0.0,0.0,0.0,0.0,0.0,0.0,0.0,0.0,0.5991261756771709,0.0,0.0,0.0,0.0,0.0,0.591836992202474,0.0,0.0,0.6232905822278664,0.5764426133517144,0.5500506628794406,0.0,0.5960494490776538,0.624797970337981,0.0,0.0,0.6220466497239121,0.0,0.0,0.593380354039099,0.592034063805675,0.0,0.0,0.631874050417013,0.5732110174518482,0.0,0.0,0.0,0.6079647753722786,0.5972208731426322,0.5684659556873441,0.6104711974391596,0.0,0.5793989223613597,0.64258622631107,0.0,0.589616940450136,0.0,0.0,0.5959873661076128,0.0,0.618455422933329,0.0,0.0,0.0,0.0,0.6060656154773334,0.0,0.0,0.0,0.0,0.0,0.0,0.0,0.0,0.0,0.0,0.6230427035440743,0.0,0.651375114370936,0.0,0.5942871538718478,0.6147323327014254,0.6188344694764001,0.0,0.0,0.6663058907948194,0.5816637272382886,0.5773353050878759,0.5972256221708615,0.0,0.0,0.0,0.6199716271646172,0.6125661617538254,0.0,0.0,0.6537178336541366,0.0,0.0,0.5543153788234688,0.0,0.0,0.0,0.0,0.5893103865215779,0.0,0.5681087951052453,0.0,0.0,0.0,0.0,0.0,0.0,0.6163335714788325,0.6577903787050021,0.6070600059910632,0.0,0.0,0.0,0.0,0.0,0.0,0.0,0.0,0.56685044765902,0.0,0.0,0.6481605765696943,0.0,0.0,0.0,0.0,0.0,0.0,0.0,0.614996954171354,0.0,0.0,0.6092105286825881,0.0,0.59160821788798,0.0,0.0,0.0,0.0,0.0,0.0,0.5925064262646974,0.0,0.0,0.0,0.0,0.0,0.5849564983712358,0.5851561565318628,0.6115002636394401,0.0,0.0,0.5640749535443688,0.0,0.0,0.6262595757798746,0.6026215135820168,0.0,0.0,0.0,0.6448593933313506,0.0,0.0,0.5902042792401972,0.0,0.6418540693309098,0.595954125596894,0.0,0.0,0.0,0.0,0.0,0.6162277412254484,0.0,0.6386294406112304,0.0,0.0,0.0,0.6298256756849104,0.0,0.606326899189197,0.0,0.6237869703037345,0.0,0.6290618234133943,0.5959177795200002,0.0,0.0,0.0,0.0,0.6023300853022613,0.0,0.0,0.5849466850513942,0.0,0.0,0.0,0.0,0.0,0.6099580800179351,0.0,0.588779610382124,0.5702111351840404,0.0,0.0,0.0,0.0,0.0,0.0,0.0,0.0,0.0,0.0,0.0,0.0,0.6277804782403534,0.0,0.0,0.0,0.0,0.6329134200125248,0.0,0.5838526821660531,0.0,0.0,0.610644435718845,0.0,0.6057547617837854,0.0,0.0,0.0,0.0,0.0,0.0,0.6074456679425705,0.0,0.6045932106276362,0.0,0.0,0.5976224299225869,0.0,0.0,0.0,0.0,0.0,0.0,0.0,0.0,0.0,0.5569976663180899,0.0,0.5968143319543743,0.5879652239999175,0.0,0.0,0.0,0.0,0.0,0.0,0.0,0.0,0.0,0.0,0.5963923251234452,0.0,0.0,0.5863576205776097,0.6451302669376257,0.0,0.5953399410143737,0.6322329249788685,0.0,0.5952985469281568,0.0,0.5893650484923733,0.0,0.5680171509831579,0.6563557507310991,0.0,0.0,0.0,0.6162743698481191,0.0,0.0,0.0,0.0,0.0,0.5897423954393833,0.0,0.5787639272572204,0.6067178577932342,0.0,0.5931425336295347,0.0,0.5778132497305892,0.6407984373098824,0.6178620119245647,0.0,0.0,0.0,0.6491401294673772,0.0,0.0,0.0,0.5884076134880963,0.0,0.0,0.0,0.5948188373837184,0.0,0.0,0.0,0.6190327080496829,0.0,0.0,0.0,0.0,0.0,0.0,0.5950405617683546,0.6307290233576031,0.6030808480511042,0.0,0.6547857008349695,0.0,0.0,0.6266602412388751,0.0,0.647891714595233,0.0,0.6131579645313352,0.0,0.5675576468782568,0.5834136041768444,0.0,0.0,0.0,0.0,0.6414097996342495,0.0,0.0,0.5931256396367011,0.0,0.5918656003936018,0.0,0.595571658244438,0.0,0.0,0.0,0.6066250411420454,0.0,0.5668152409929093,0.6527279429295734,0.0,0.0,0.0,0.5976649054860274,0.6005973104811595,0.0,0.0,0.0,0.5833512261205389,0.0,0.0,0.5698114827346523,0.0,0.0,0.5996719027668216,0.0,0.0,0.0,0.0,0.0,0.6154426066201982,0.0,0.5892761754310778,0.0,0.0,0.0,0.0,0.0,0.59712044735079,0.0,0.6171186231471645,0.5854403042720301,0.6151348783594612,0.0,0.0,0.0,0.644200670205027,0.0,0.6169113677602447,0.0,0.0,0.0,0.0,0.5710031588375704,0.5529613455504352,0.5878019460684754,0.0,0.0,0.0,0.0,0.0,0.0,0.6489282477155595,0.5929716395518414,0.6307539706334684,0.6136401585729081,0.6239113271132765,0.0,0.0,0.0,0.0,0.0,0.0,0.0,0.6043441803860676,0.0,0.5907872057466543,0.0,0.0,0.6404848206202383,0.5843302842007166,0.0,0.0,0.0,0.6169639579588388,0.5887043727649408,0.0,0.0,0.563206419298912,0.0,0.0,0.0,0.6217134603278949,0.5957995005120886,0.0,0.6087810506459429,0.0,0.6214195826250211,0.0,0.6147533372089488,0.6826167854040431,0.5898025095788806,0.0,0.0,0.6226368681723297,0.0,0.6253342383447354,0.0,0.5909078923939234,0.0,0.6352104733146784,0.0,0.6012370585665061,0.0,0.0,0.5866634127477496,0.0,0.0,0.0,0.0,0.0,0.5793599499776727,0.0,0.0,0.0,0.0,0.5696077124348521,0.0,0.0,0.0,0.0,0.587467471544658,0.5578399192967952,0.6149967729009578,0.0,0.0,0.0,0.6090161089809555,0.6490167618293946,0.628527313194255,0.0,0.0,0.0,0.5943485747862851,0.0,0.0,0.0,0.0,0.5929333464229929,0.0,0.0,0.0,0.5847520939175541,0.0,0.6264138048984023,0.0,0.5836714214018933,0.6480318692435442,0.0,0.0,0.5942810078063576,0.0,0.5841266559251271,0.0,0.0,0.6147992589116696,0.0,0.0,0.0,0.0,0.5988719135602282,0.5786460615773716,0.6341421595212023,0.0,0.6321152575704114,0.5985992690617444,0.0,0.6232393267607278,0.0,0.5978908941670416,0.5905186530774816,0.5916829126454483,0.0,0.0,0.0,0.0,0.6363047987157002,0.0,0.6119646453432404,0.0,0.6268925017217309,0.5961910790328805,0.6186247880909901,0.6159195329891696,0.5962511766655288,0.6129482052123658,0.6360002593560405,0.0,0.0,0.0,0.0,0.0,0.5978354867789929,0.5993816544856482,0.0,0.0,0.0,0.0,0.0,0.0,0.0,0.6228417377385622,0.0,0.6107448660156493,0.5990845719046559,0.6030306322318779,0.0,0.0,0.562626147823817,0.5899914415198909,0.6187794815235445,0.0,0.0,0.0,0.5937151105828828,0.0,0.5933773203602571,0.5728476157665731,0.0,0.6224084882551386,0.0,0.0,0.0,0.0,0.6463567818827779,0.0,0.5625871401811129,0.0,0.6412866293212588,0.0,0.0,0.6358147761076022,0.5940155788733461,0.6219257153199084,0.6092070396070781,0.5788430037999837,0.5940498899671421,0.6278790926655056,0.5973872645112571,0.0,0.0,0.5691940077458714,0.0,0.0,0.0,0.0,0.5653485030931553,0.0,0.0,0.6193558044187711,0.6302059827547775,0.0,0.0,0.0,0.592306321431221,0.6538883599422876,0.0,0.0,0.0,0.0,0.0,0.0,0.6449683270611551,0.5825010375815418,0.0,0.0,0.5726387537857964,0.0,0.0,0.0,0.6264566887771758,0.0,0.6061000158229398,0.0,0.6316267936783605,0.6186408874983987,0.0,0.0,0.0,0.6114773844150895,0.0,0.0,0.0,0.0,0.5737760413181352,0.0,0.0,0.0,0.6191611804575594,0.0,0.0,0.6039836643848344,0.0,0.0,0.0,0.0,0.0,0.0,0.0,0.0,0.5919438735695918,0.0,0.0,0.612165641324243,0.0,0.0,0.6574904083978038,0.6101887005870938,0.0,0.0,0.0,0.0,0.0,0.5712828096895013,0.6085106752121081,0.0,0.0,0.612164862057169,0.6116254566666756,0.0,0.6361144244479963,0.0,0.6149423399438955,0.0,0.5977233329896161,0.0,0.0,0.0,0.0,0.0,0.0,0.0,0.5962295444133129,0.0,0.5908862621233684,0.0,0.0,0.6448216366233362,0.5782921153602092,0.0,0.6388971036812633,0.5710343690315055,0.0,0.0,0.0,0.6070633717440812,0.0,0.0,0.0,0.5923750921379737,0.5578955759462416,0.5899574189282418
0.0,0.0,0.0,0.0,0.9441301395851861,0.8950299312752301,0.0,0.0,0.9376855144204423,0.0,0.0,0.9425547393869845,0.0,0.0,0.8744867291596842,0.9399282895003117,0.0,0.9015197335770797,0.931416334564781,0.0,0.855942139720507,0.9235815631774805,0.9387129138716624,0.0,0.9048769409464681,0.0,0.9443910877990942,0.9634297205633063,0.0,0.0,0.9189939242360275,0.0,0.9588843044816193,0.0,0.8730852980890513,0.0,0.0,0.903359852939032,0.0,0.0,0.0,0.0,0.0,0.0,0.9330790451612571,0.9408140155094217,0.0,0.9665457663972782,0.9364518844462955,0.9528421056556159,0.0,0.0,0.9079177711716819,0.0,0.0,0.0,0.0,0.0,0.0,0.0,0.9350624547886531,0.0,0.9308973632771148,0.9557829279124835,0.0,0.0,0.9338669869497604,0.0,0.9407897390643368,0.9363877681376968,0.0,0.0,0.9254093081123955,0.0,0.0,0.0,0.9227890260488191,0.9868705383115705,0.0,0.0,0.0,0.9178570357982518,0.0,0.9530436118539103,0.9463398202688327,0.0,0.9830013003099438,0.8758092291499192,0.9174063997835257,0.939970216201996,0.0,0.949128882158131,0.0,0.0,0.0,0.0,0.0,0.9301610839149644,0.0,0.9269740258430482,0.0,0.0,0.0,0.0,0.920185229664537,0.8844472372497582,0.0,0.9746613739237369,0.932060324333923,0.0,0.0,0.9137025620113334,0.0,0.9502454087939627,0.874346202437695,0.0,0.0,0.9145104569008166,0.9028176864868038,0.0,0.0,0.0,0.0,0.0,0.9217759587349184,0.949115999538417,0.0,0.0,0.0,0.0,0.0,0.9365997450663706,0.0,0.0,0.0,0.0,0.9307580234157815,0.0,0.0,0.0,0.0,0.8766070634962458,0.0,0.0,0.0,0.0,0.0,0.0,0.0,0.0,0.0,0.0,0.9461620311991459,0.0,0.910049126447853,0.8831703098625399,0.9814163426029414,0.0,0.8898516242281693,0.0,0.9408218341888559,0.9133866747071915,0.9067586996690611,0.0,0.9087892214113172,0.9074951150377419,0.9650380403266189,0.9431689303577401,0.0,0.0,0.0,0.0,0.0,0.0,0.897428806487966,0.0,0.0,0.0,0.0,0.9558149412076637,0.9144935928206726,0.0,0.9116864746954495,0.0,0.9699899494635069,0.0,0.9419212767860364,0.0,0.0,0.0,0.945699221102976,0.939882103013003,0.9230605196258231,0.0,0.0,0.0,0.0,0.9134386322684863,0.9051776387697985,0.0,0.9160323323151733,0.0,0.0,0.0,0.0,0.0,0.0,0.9507344534465793,0.9143273837895239,0.0,0.9389927412708167,0.8684698521477361,0.0,0.0,0.0,0.9696840525594044,0.0,0.0,0.9212432541516499,0.8983596773165848,0.9282542836708042,0.0,0.0,0.0,0.0,0.9608844317313973,0.0,0.0,0.0,0.0,0.9107357003104933,0.0,0.0,0.0,0.0,0.9360739881822249,0.900709199524762,0.0,0.9558989610558435,0.9497018147107994,0.0,0.0,0.9404380380677967,0.9275933456342981,0.9398658277618585,0.0,0.9322172053245615,0.0,0.0,0.899655121786246,0.0,0.9415303519181999,0.0,0.9205301247180162,0.9393059098774672,0.0,0.9638712803607049,0.0,0.0,0.9473514822852677,0.0,0.9381230197069003,0.9078073971894505,0.9000616425247021,0.0,0.0,0.0,0.0,0.9820735303456559,0.0,0.9387591384298488,0.0,0.9496171145159198,0.954591664140407,0.0,0.8921699196927892,0.0,0.9615495124683824,0.0,0.0,0.0,0.0,0.0,0.0,0.9425312913007879,0.0,0.0,0.0,0.8958296405425907,0.0,0.9239677290534631,0.0,0.0,0.0,0.0,0.9769763338531591,0.0,0.0,0.0,0.0,0.8962731891312293,0.0,0.9403295129338999,0.0,0.0,0.9605130868091281,0.9042090511093273,0.9224560032425396,0.0,0.0,0.0,0.9435933483770091,0.0,0.9880774222259592,0.9053889554583257,0.9576767487997464,0.9581276577988589,0.9221468575181972,0.0,0.9191668479224536,0.0,0.0,0.0,0.0,0.9372177294375903,0.0,0.0,0.0,0.0,0.0,0.9088801995030281,0.9307226410727916,0.0,0.0,0.0,0.9477267862991533,0.9302010154195566,0.0,0.9236268702912349,0.0,0.0,0.9764528826673317,0.8986651428891116,0.9075791847862413,0.9348049933425238,0.90297125899534,0.0,0.0,0.0,0.0,0.0,0.0,0.0,0.0,0.9466526462624572,0.0,0.9607201776751881,0.8997576896206527,0.9308540186655904,0.9290808772718107,0.0,0.0,0.0,0.0,0.9400225912148369,0.0,0.0,0.9407910173943285,0.9473405932680327,0.937575168298642,0.9355353319210347,0.0,0.0,0.0,0.9476526132035963,0.0,0.8718078749595009,0.9167891323054671,0.0,0.0,0.8810627705693017,0.0,0.0,0.943556502416642,0.905112060585211,0.9434225989029111,0.9162005707548438,0.0,0.0,0.0,0.0,0.9244364927016012,0.0,0.0,0.9234131956649624,0.0,0.9284682394225351,0.0,0.0,0.0,0.0,0.9413218649935144,0.0,0.0,0.9512288389761407,0.0,0.0,0.0,0.9478868820642237,0.0,0.0,0.9272247523634918,0.0,0.9331742638423313,0.0,0.0,0.0,0.0,0.0,0.0,0.0,0.0,0.0,0.0,0.9466351968575537,0.0,0.0,0.9419568105645455,0.0,0.9505206852927328,0.0,0.0,0.0,0.9445435624953787,0.9307713349313358,0.0,0.0,0.9115581100617497,0.0,0.0,0.963143236166215,0.0,0.9127513720601231,0.0,0.0,0.0,0.9595615132832973,0.9556212657159165,0.9203529811538271,0.9317845030888839,0.0,0.8973865599456878,0.0,0.9509370471076117,0.0,0.9239736412245982,0.9428893526598637,0.0,0.0,0.9382511493128348,0.0,0.9285661647262053,0.9628433153539135,0.9198844975024143,0.8652799381773539,0.0,0.9885754162538849,0.0,0.9263220611177945,0.9184592902993418,0.0,0.9267098614046059,0.0,0.9458448621387139,0.0,0.9780604373045723,0.0,0.0,0.9208817052092991,0.918259050326322,0.9130893707812119,0.0,0.0,0.928630557304701,0.0,0.0,0.0,0.0,0.9491745298509427,0.8894336789527494,0.0,0.0,0.0,0.9165115005068596,0.0,0.0,0.9319149172395628,0.0,0.0,0.0,0.0,0.9243494253541933,0.0,0.0,0.9603359811279929,0.0,0.0,0.0,0.9193104243989604,0.9119518270987175,0.0,0.0,0.0,0.9368398434483752,0.9427670436140609,0.0,0.9453298771211134,0.0,0.0,0.9528003365327757,0.0,0.0,0.9717163104174023,0.9281196932721644,0.0,0.0,0.0,0.0,0.0,0.0,0.0,0.8859575136355627,0.9357883651219587,0.9327867852450609,0.0,0.9437133549397089,0.0,0.0,0.9426684745075574,0.0,0.0,0.9432127447442216,0.0,0.9210965309309802,0.0,0.9482654935718646,0.0,0.0,0.0,0.0,0.0,0.9447507403670862,0.0,0.9206599636628372,0.9438895240947466,0.0,0.0,0.0,0.0,0.0,0.9683444070101476,0.0,0.9274365990064819,0.9346180692298376,0.0,0.0,0.0,0.0,0.0,0.0,0.0,0.8862681683308131,0.9665162259587288,0.0,0.0,0.9171807103793461,0.955868146308032,0.0,0.0,0.0,0.0,0.0,0.9413003987096017,0.0,0.9171696065082118,0.0,0.0,0.0,0.0,0.0,0.0,0.0,0.0,0.9492804899824646,0.0,0.0,0.0,0.0,0.0,0.8939046253657394,0.0,0.0,0.9523702648032066,0.9173216292716659,0.0,0.0,0.0,0.0,0.9806451843549713,0.0,0.0,0.949756429058542,0.0,0.0,0.0,0.922027539206835,0.9166506088940654,0.0,0.0,0.0,0.0,0.0,0.0,0.9282532719576532,0.0,0.0,0.0,0.0,0.9005728568980166,0.0,0.0,0.0,0.0,0.0,0.0,0.0,0.9377636440106779,0.0,0.0,0.0,0.9101782472943669,0.0,0.0,0.0,0.0,0.9035348570120073,0.0,0.919784298110306,0.9476238623769466,0.0,0.0,0.921735317000529,0.9806171254944971,0.0,0.0,0.0,0.0,0.9170151407396878,0.94523783853997,0.0,0.0,0.0,0.9386419007380541,0.9231729799087004,0.0,0.8819029667809238,0.0,0.0,0.0,0.0,0.0,0.0,0.0,0.9489155252048731,0.0,0.9324075672209181,0.0,0.0,0.9196884336197912,0.0,0.9088371839216536,0.0,0.0,0.9398048857599187,0.0,0.0,0.9099237908810115,0.0,0.0,0.0,0.9094359174300146,0.0,0.941946014028404,0.0,0.0,0.0,0.0,0.0,0.9392700688718546,0.9297367470679467,0.8812046282368602,0.9172785141606488,0.0,0.967219186621812,0.9054211900185705,0.0,0.9532384000520875,0.9163771586453849,0.9029440299614963,0.0,0.0,0.0,0.0,0.0,0.9155168896914816,0.9583852260492076,0.0,0.0,0.0,0.0,0.0,0.0,0.921324677668575,0.0,0.9238579792705609,0.0,0.9488967304197793,0.0,0.0,0.0,0.0,0.0,0.0,0.9791212449242057,0.0,0.8930131451425588,0.0,0.9294430488382642,0.9762055384580499,0.0,0.0,0.0,0.8874094991732137,0.8973330693823867,0.9317934802169855,0.9064678075434307,0.0,0.9192738177417756,0.0,0.9424483286104146,0.9201390427646856,0.9529907255238562,0.0,0.8971260866407128,0.9498197428748623,0.0,0.0,0.0,0.0,0.0,0.0,0.9303327126683302,0.0,0.0,0.9778683132939096,0.9202793426889717,0.9541956242199531,0.0,0.0,0.0,0.9200099956626994,0.9373795094651246,0.0,0.9386289976657599,0.0,0.0,0.0,0.9087971713317163,0.0,0.9644441636716532,0.9627941528856827,0.0,0.0,0.0,0.0,0.0,0.9531594767371402,0.0,0.9166632682191009,0.0,0.9374756630663104,0.0,0.0,0.8985691391261715,0.0,0.9104775792681449,0.0,0.9628878992667514,0.9359964161831671,0.0,0.0,0.0,0.9339152649502243,0.9448424098733696,0.0,0.0,0.0,0.0,0.0,0.9621305503335527,0.0,0.9385569466974562,0.0,0.0,0.0,0.9150313844183026,0.897492698125011,0.0,0.905189264708516,0.0,0.9380072082831648,0.0,0.0,0.0,0.0,0.0,0.0,0.0,0.0,0.929925226543997,0.9551937815659767,0.9212288544876311,0.9365002771156791,0.9394270887131989,0.0,0.0,0.9515463980542173,0.0,0.0,0.9380409012881289,0.928780875822832,0.0,0.0,0.9591257694249882,0.9109017602630052,0.860059334570148,0.0,0.0,0.0,0.8814815401780797,0.0,0.0,0.0,0.0,0.0,0.9393515958573582,0.9270445006894463,0.0,0.0,0.0,0.0,0.9451614949963364,0.9045596828171495,0.9568099211619875,0.9245808236942052,0.0,0.9307244621988551,0.0,0.8950011891218544,0.0,0.9327618075312917,0.9277073713325958,0.0,0.0,0.924093120001665,0.0,0.919261417694754,0.0,0.0,0.9390503859232019,0.0,0.9456376238823965,0.9315941556547215,0.0,0.0,0.895947748422636,0.0,0.9462063823040295,0.0,0.9757734959204544,0.0,0.9194138772105312,0.9630821949407264,0.0,0.0,0.0,0.0,0.8871592671126974,0.0,0.0,0.9508713780587036,0.0,0.9058130455955119,0.9207486996805087,0.0,0.0,0.9378025370473901,0.0,0.0,0.0,0.0,0.0,0.0,0.0,0.0,0.0,0.8826023399917666,0.0,0.9496756540305319,0.0,0.0,0.0,0.0,0.945928130244205,0.0,0.0,0.0,0.893398667721871,0.0,0.9032743553821526,0.0,0.0,0.9551993356659118,0.9474071594187301,0.9203960232456704,0.0,0.9653890537903042,0.0,0.0,0.0,0.0,0.9072179178483901,0.9072959760960633,0.0,0.9633583001519785,0.983650125946187,0.9566091909909034,0.0,0.0,0.0,0.0,0.9389734580453707,0.0,0.0,0.0,0.0,0.0,0.0,0.0,0.0,0.0,0.0,0.0,0.0,0.9448115419862586,0.0,0.0,0.0,0.0,0.0,0.0,0.0,0.0,0.0,0.8877904209149446,0.0,0.954708898570913,0.0,0.0,0.9222926451633006,0.9212501582175971,0.0,0.0,0.0,0.9646043775078145,0.9066108863642417,0.911778049553134,0.0,0.9316523369406806,0.9208951363532213,0.0,0.9132952692202366,0.8965298636346869,0.0,0.0,0.8945981436002443,0.0,0.0,0.0,0.0
0.0,0.0,0.7475782831550515,0.0,0.0,0.7693501990677358,0.0,0.0,0.0,0.7799403083811839,0.0,0.0,0.0,0.0,0.7902068208986525,0.0,0.0,0.0,0.0,0.0,0.0,0.0,0.7697977110886501,0.0,0.0,0.0,0.0,0.0,0.0,0.0,0.0,0.0,0.0,0.0,0.7710089128847323,0.0,0.7449667660613144,0.7562546508251479,0.7729155168887728,0.7452614403779476,0.0,0.0,0.0,0.7670977310279479,0.0,0.0,0.7447370894543407,0.0,0.7693258213416448,0.0,0.7584020323628423,0.0,0.7922538186902771,0.0,0.7511349319736434,0.0,0.7596540649989565,0.7690899667416098,0.0,0.0,0.77602033317327,0.7555993343575035,0.0,0.0,0.0,0.7550475403440589,0.7804548366277317,0.7763299620348572,0.0,0.0,0.7901829204265117,0.0,0.7846992447614219,0.0,0.0,0.0,0.0,0.0,0.0,0.0,0.0,0.7932894303979254,0.0,0.0,0.751467235880323,0.0,0.0,0.0,0.7623655760128932,0.0,0.0,0.7459562140948415,0.0,0.0,0.0,0.0,0.7991494216467486,0.770892407289273,0.0,0.0,0.0,0.7667824506738491,0.0,0.0,0.0,0.7299328357898404,0.0,0.0,0.0,0.771291663723181,0.0,0.7845882058280992,0.0,0.0,0.7809386688502404,0.0,0.0,0.0,0.0,0.0,0.7814511572950951,0.0,0.7761870930082008,0.0,0.0,0.7471309916505522,0.0,0.0,0.7802862275858619,0.0,0.0,0.0,0.0,0.7274497818799128,0.7388486356433828,0.0,0.7723088690189842,0.736849556849925,0.7654384963822274,0.0,0.0,0.7663915259578159,0.0,0.0,0.0,0.0,0.0,0.0,0.0,0.7412803576289502,0.0,0.0,0.7811358028071859,0.0,0.8057685878071741,0.7636931013466383,0.0,0.0,0.0,0.7256285781368667,0.0,0.7672519744802802,0.0,0.7741820845334497,0.0,0.0,0.0,0.7877488533279655,0.777834706975681,0.0,0.7735781104020024,0.7572235284065936,0.7544327094976245,0.0,0.0,0.0,0.7642694122806544,0.7372382871126284,0.0,0.0,0.0,0.7600358202159699,0.0,0.0,0.0,0.0,0.7878743264144813,0.0,0.0,0.7751165523007837,0.0,0.0,0.7535167231329155,0.0,0.0,0.7515101784470073,0.0,0.7522095066382617,0.7763836176763447,0.0,0.0,0.0,0.7658109746750547,0.0,0.0,0.0,0.0,0.7663303148022433,0.0,0.7501347713649522,0.0,0.7451265270296646,0.0,0.0,0.0,0.7842312891157865,0.7767115411673177,0.0,0.747129812963717,0.0,0.7604537115282283,0.0,0.0,0.0,0.0,0.783966453189138,0.0,0.0,0.0,0.0,0.794563041739805,0.0,0.7755181202245842,0.7826103383087446,0.7842867624730886,0.0,0.7984589789127577,0.7564450399010136,0.0,0.0,0.0,0.0,0.7633546489592904,0.0,0.7869029725172035,0.7494445390778648,0.7468157741468701,0.0,0.7598573953898484,0.7617693997625034,0.0,0.0,0.0,0.7563549126494962,0.7724234710016755,0.0,0.0,0.7428447571879883,0.0,0.0,0.0,0.7616370951173027,0.0,0.7748271419717555,0.0,0.0,0.0,0.7720207968789852,0.7811650419581978,0.0,0.0,0.7577612669244611,0.0,0.0,0.7737796811009985,0.0,0.7737174564315109,0.7706130930876939,0.0,0.0,0.0,0.7416189063998287,0.0,0.0,0.7445509693608363,0.7646780449975851,0.0,0.0,0.7541434027337522,0.0,0.7806760282043201,0.0,0.7706508484532292,0.0,0.0,0.0,0.0,0.0,0.0,0.0,0.8054153733710135,0.7662900985383589,0.0,0.0,0.0,0.7728213558118099,0.7676295655953201,0.0,0.7498451737900652,0.7630416695665267,0.7789874132485498,0.0,0.0,0.0,0.0,0.0,0.0,0.0,0.0,0.7803996012407505,0.0,0.0,0.7570658615935232,0.7388071431797267,0.0,0.0,0.0,0.0,0.7367017327355009,0.8015589858304893,0.7551989565987592,0.0,0.0,0.0,0.0,0.7802249678045283,0.7706823688512769,0.0,0.0,0.7558457506814413,0.0,0.0,0.0,0.7864422110661814,0.0,0.7561218723247453,0.0,0.0,0.7655675147225276,0.0,0.0,0.7603299445875518,0.0,0.0,0.0,0.0,0.7742691221074878,0.7549738155980082,0.0,0.0,0.0,0.7727205736454782,0.0,0.0,0.0,0.7473343342194106,0.7537115399378178,0.7672061123512223,0.7657875701552955,0.0,0.7855250781908211,0.7660612140490363,0.0,0.0,0.7839226553139671,0.0,0.7644449575421157,0.7567059246924335,0.0,0.0,0.7905758055840648,0.0,0.7496437857351109,0.0,0.7941484265543737,0.7597211321508682,0.0,0.0,0.0,0.0,0.0,0.0,0.0,0.0,0.7597045799468807,0.7510638706614386,0.7809044598341942,0.0,0.0,0.0,0.0,0.0,0.0,0.0,0.7611309292254962,0.7669517751655139,0.7637860917302074,0.0,0.0,0.0,0.0,0.7700338343323675,0.7823043776461089,0.7766679552800119,0.7863565744267921,0.751344719668674,0.7614553452481362,0.0,0.0,0.7654647749889393,0.0,0.0,0.0,0.0,0.0,0.0,0.0,0.7929804189798236,0.0,0.7771374799742058,0.7467069308069095,0.0,0.7615208401736936,0.0,0.7802659818041435,0.0,0.0,0.8017248561149467,0.0,0.0,0.0,0.0,0.0,0.7997514721167257,0.0,0.0,0.0,0.0,0.7723955060415827,0.0,0.0,0.7850731964986235,0.0,0.0,0.0,0.0,0.0,0.0,0.0,0.0,0.756917864808061,0.0,0.745086568389127,0.0,0.7592376619172615,0.0,0.0,0.0,0.0,0.0,0.0,0.7742774081644731,0.0,0.0,0.0,0.7886754363588104,0.0,0.7526467072570969,0.7583864509815474,0.7662848339935029,0.0,0.0,0.0,0.7485663986549232,0.7369702190378876,0.0,0.0,0.0,0.7439558937015148,0.0,0.0,0.0,0.0,0.7626381798931184,0.0,0.0,0.0,0.0,0.773276472992323,0.0,0.7557606593972325,0.7713071537855255,0.7730090500341739,0.0,0.0,0.0,0.7935981671497551,0.0,0.0,0.0,0.7914228000003524,0.0,0.7506411272480511,0.751419932206074,0.0,0.7280976513086109,0.7648032629259273,0.0,0.0,0.0,0.7612004567238586,0.7792012775096876,0.0,0.7853533062781346,0.0,0.0,0.0,0.0,0.0,0.0,0.0,0.7405858463009914,0.0,0.0,0.7481506967061026,0.7585681632177091,0.0,0.0,0.7474718973118706,0.0,0.0,0.0,0.7850105432072785,0.785055906332922,0.0,0.0,0.7590108544705991,0.0,0.0,0.0,0.7461557833365854,0.7996906086550707,0.0,0.0,0.0,0.0,0.0,0.0,0.7582795511512109,0.0,0.7797225414174737,0.0,0.752973956660555,0.0,0.753402543326099,0.0,0.781361949185704,0.7907043738489505,0.0,0.0,0.0,0.0,0.0,0.0,0.0,0.7524920222381827,0.7653795976700692,0.7786424937089665,0.783200286074429,0.7733685389097671,0.0,0.0,0.0,0.7701687126917016,0.0,0.7694055544531448,0.0,0.0,0.0,0.7304251801491742,0.0,0.0,0.0,0.7784759384504025,0.0,0.0,0.0,0.0,0.7564046278125115,0.7477482100427967,0.7641398032478464,0.0,0.0,0.7916114762830853,0.7593018040537379,0.0,0.7431164213017408,0.0,0.0,0.7501535312617873,0.0,0.0,0.0,0.0,0.0,0.0,0.7679954968437921,0.0,0.783325115730165,0.0,0.0,0.0,0.0,0.0,0.7514362256003819,0.7658505242753361,0.0,0.7482412340903486,0.0,0.7701674109460697,0.7713429006170367,0.0,0.7803263317602275,0.0,0.7686974768884622,0.0,0.7790040851565889,0.7614154176432152,0.0,0.0,0.0,0.7817793240991932,0.7360932803501173,0.0,0.0,0.0,0.0,0.7539264514653559,0.756583261610909,0.0,0.7491818210168809,0.0,0.0,0.7524832111683639,0.7994452419376717,0.0,0.0,0.0,0.0,0.7679371263403136,0.7913944588455164,0.0,0.7711981372482758,0.0,0.0,0.7674301074736818,0.0,0.0,0.0,0.0,0.7673377461365919,0.0,0.0,0.0,0.0,0.0,0.0,0.7852374647750884,0.7547775680828414,0.0,0.0,0.777817047806998,0.0,0.0,0.7668086679770909,0.7457999672661861,0.0,0.0,0.7737856688385087,0.0,0.0,0.751588430339693,0.7566711494220879,0.0,0.0,0.0,0.0,0.0,0.0,0.7513052862151749,0.7660950164182292,0.7847920922064185,0.0,0.7820249638622181,0.7990512452527884,0.0,0.0,0.0,0.0,0.0,0.0,0.0,0.7646289348037724,0.0,0.7788212346425641,0.7632571502892466,0.0,0.7675446077045224,0.7529103118439125,0.0,0.7480695706945009,0.765351935310447,0.0,0.0,0.0,0.0,0.7827762893680027,0.0,0.7650766330043307,0.0,0.7903784587284047,0.0,0.0,0.0,0.7753090631202112,0.7628014752311694,0.0,0.781685392165232,0.0,0.7599185208880809,0.0,0.0,0.7731882906095235,0.7565613798444015,0.0,0.757013799883913,0.0,0.0,0.0,0.0,0.7397009205157223,0.0,0.7736368438836255,0.0,0.7448188438375221,0.0,0.0,0.0,0.0,0.0,0.0,0.0,0.0,0.0,0.0,0.0,0.7824438493486936,0.7688470791024742,0.0,0.7532440231962956,0.7758547070032208,0.7573181449943157,0.0,0.7723810155099072,0.0,0.7844062171198819,0.7765748087759039,0.7837290401857675,0.7567066903785084,0.0,0.7734623011023909,0.0,0.7907694425122883,0.778144402134888,0.7753867195641413,0.0,0.0,0.0,0.0,0.0,0.0,0.7645009057434907,0.0,0.0,0.0,0.759664894189789,0.7645863809447079,0.7624299434911691,0.7714005336593363,0.0,0.0,0.0,0.7764843891472317,0.0,0.7631359650518761,0.7609698636397767,0.0,0.0,0.0,0.7665661364236741,0.7540616780439887,0.0,0.7438830345899534,0.0,0.7462104057749908,0.7757943358996596,0.0,0.0,0.0,0.0,0.7849956481155219,0.0,0.7831011225052239,0.0,0.0,0.0,0.0,0.0,0.0,0.7837638690579654,0.7603070400873584,0.0,0.0,0.7734898802217787,0.0,0.0,0.0,0.0,0.7455468770039658,0.7795198252934638,0.7794124745087722,0.739655609968212,0.7632369029379646,0.791405836060762,0.0,0.760873184904908,0.0,0.0,0.0,0.7946906366947945,0.7700302408872357,0.0,0.7527983599591558,0.7404942475650848,0.0,0.794347421436663,0.0,0.0,0.0,0.0,0.0,0.7665380597571573,0.7876115192600376,0.0,0.0,0.7519073909369977,0.0,0.0,0.0,0.7687158466908579,0.0,0.0,0.7554065404842895,0.0,0.0,0.0,0.7786591702073817,0.0,0.0,0.0,0.7814988833191755,0.7804163354170021,0.0,0.7574526527108281,0.7865803452193191,0.0,0.0,0.0,0.0,0.0,0.0,0.0,0.0,0.777530782493295,0.7644596726659866,0.0,0.0,0.0,0.7812132208100458,0.7820951119629745,0.7690480686006393,0.0,0.7626554476994541,0.7539468563527424,0.0,0.0,0.7896509889025244,0.0,0.7541976200580452,0.0,0.7716337637643699,0.0,0.0,0.0,0.0,0.0,0.7785583361949984,0.0,0.8045090869653749,0.754433448308036,0.7767320775262305,0.0,0.7674581833197569,0.7622210696365909,0.0,0.0,0.7518418776277768,0.7622554902729681,0.0,0.7376749510847304,0.0,0.0,0.7940989763665828,0.0,0.7653496927403306,0.0,0.0,0.0,0.0,0.0,0.7682595904642147,0.7703707116709562,0.0,0.0,0.798077883988598,0.0,0.0,0.0,0.7630168610562785,0.7781725893998013,0.0,0.0,0.0,0.0,0.0,0.7496549579661133,0.0,0.0,0.0,0.7266858169580863,0.7702061059768929,0.0,0.0,0.0,0.0,0.0,0.7540943587203855,0.0,0.786925213947922,0.0,0.0,0.0,0.0,0.0,0.7671944118482051,0.0,0.0,0.0,0.0,0.0,0.7793383492163254,0.7649209223429443,0.0,0.0,0.0,0.8121122658210013,0.0,0.7740596556219198,0.782727463745352,0.0,0.7471966341467545,0.0,0.0,0.7693435567872327,0.7578999454449631,0.7810493106521657,0.0,0.0,0.0,0.7778688328356592
0.0,0.0,0.0,0.0,0.0,0.0,0.6720779457508562,0.7141486509637972,0.71653837341244,0.0,0.0,0.0,0.7017678545077616,0.0,0.0,0.7170122473375915,0.0,0.0,0.0,0.7051840659017169,0.0,0.0,0.6636106401903155,0.0,0.0,0.0,0.7199499757664288,0.0,0.0,0.0,0.0,0.0,0.0,0.0,0.0,0.0,0.688169258746266,0.7304771628605004,0.0,0.0,0.0,0.0,0.0,0.710535905500709,0.0,0.0,0.0,0.0,0.0,0.0,0.0,0.7435141854208307,0.6870710833152336,0.0,0.6976879701971291,0.0,0.0,0.7332975282052434,0.0,0.7344682006997763,0.7243683043474487,0.0,0.0,0.0,0.0,0.0,0.6938510752268345,0.7168632381008563,0.0,0.6659835778077416,0.7169232518865082,0.7376263567606457,0.6639984893487639,0.0,0.0,0.0,0.6898371003068545,0.7151576147966674,0.0,0.0,0.6977179454633416,0.6958851239206925,0.0,0.7401885220488923,0.6796744582784753,0.7095001980076141,0.0,0.0,0.7013755366409812,0.7224453146792511,0.0,0.7393605154776587,0.0,0.0,0.0,0.0,0.0,0.0,0.0,0.0,0.0,0.7074616435392547,0.6919488395121274,0.0,0.0,0.0,0.0,0.0,0.6667314190570186,0.0,0.6982095556390703,0.0,0.7136070532881098,0.0,0.0,0.6847552048347917,0.0,0.7117791354701457,0.6643905434899188,0.0,0.0,0.0,0.0,0.0,0.6946391779384433,0.0,0.0,0.7276428966401695,0.0,0.6574832295049178,0.0,0.0,0.6888892715377684,0.0,0.7159591510065744,0.0,0.7407346862172415,0.0,0.7102283377719931,0.0,0.7030506381061888,0.0,0.0,0.0,0.6611555278000715,0.0,0.0,0.0,0.6756321766307529,0.0,0.6905416812884987,0.0,0.6949956060755108,0.0,0.0,0.0,0.0,0.0,0.0,0.0,0.7271293022392267,0.6997286281838898,0.6729479412145275,0.0,0.7031805649730271,0.7143871042463406,0.6580227586804208,0.0,0.7105392775859642,0.6728563833549455,0.6631991980077965,0.7309478407632177,0.0,0.6929967348974696,0.0,0.720536973167125,0.7185498532108832,0.0,0.0,0.0,0.0,0.0,0.6992198106637081,0.0,0.6912730222374168,0.0,0.695358515009399,0.7248766408624677,0.6998215084316969,0.0,0.7116783733286052,0.0,0.0,0.6936390450467582,0.0,0.6945537322974824,0.7065485221328782,0.6616674312281293,0.69953837076588,0.7470916378949313,0.0,0.0,0.6825712993420668,0.0,0.6463363557461642,0.0,0.0,0.6552057965063264,0.0,0.0,0.7209759593074716,0.0,0.0,0.7016891896192539,0.0,0.7018943542454998,0.7297390463294732,0.6839918474047488,0.7062359998345289,0.6278496812076149,0.7011573550941023,0.0,0.0,0.0,0.0,0.6784707167530577,0.0,0.0,0.0,0.0,0.6869854697642179,0.0,0.7099915157761528,0.0,0.0,0.0,0.7049809143884797,0.6884825652859989,0.6517476230913807,0.0,0.0,0.0,0.0,0.7281251686325704,0.0,0.0,0.7092448956178696,0.0,0.0,0.678088237222677,0.7131147882352252,0.6551876613223279,0.719585680721582,0.0,0.0,0.0,0.0,0.0,0.0,0.0,0.7163654901062728,0.6990651605578566,0.6983547013237311,0.6693289251635278,0.7005438092561239,0.7397054915557953,0.0,0.6961482044573138,0.0,0.0,0.0,0.6649289938499393,0.7056378863808627,0.0,0.0,0.6689919192764849,0.7360036819307716,0.0,0.0,0.0,0.6919775724686302,0.6861617643226121,0.0,0.0,0.672242225918097,0.700654541162736,0.0,0.0,0.0,0.0,0.0,0.0,0.0,0.6842736707114256,0.0,0.663417568830847,0.0,0.0,0.0,0.717729424976057,0.0,0.0,0.0,0.0,0.0,0.0,0.6973335664012862,0.0,0.0,0.7012834291383637,0.7388906074552716,0.6869218320902616,0.0,0.0,0.6939840828165001,0.7101037240074751,0.0,0.0,0.6907230786123071,0.6560752919137343,0.7118320389810141,0.0,0.0,0.0,0.6961778369379604,0.7222843599839847,0.0,0.0,0.660818479745678,0.6841438189883245,0.0,0.0,0.0,0.6950985558258094,0.0,0.0,0.0,0.0,0.7236514553359464,0.6598742365326421,0.0,0.7078856081421621,0.6778283869002778,0.0,0.7321932947351131,0.0,0.0,0.6992113699979116,0.0,0.0,0.0,0.0,0.0,0.7190274119866878,0.0,0.0,0.0,0.0,0.6760703567644827,0.0,0.0,0.6972587028555249,0.0,0.0,0.0,0.7163626297419474,0.6918681429839724,0.0,0.0,0.0,0.0,0.6962258412704406,0.0,0.0,0.7136894679902788,0.0,0.0,0.0,0.0,0.0,0.0,0.0,0.0,0.7313736593469329,0.0,0.6755908605791403,0.0,0.0,0.7171444742654856,0.7452915116553145,0.0,0.0,0.6971712612743485,0.0,0.0,0.0,0.6730359953098083,0.6854694591383574,0.0,0.6981954657558102,0.0,0.6829044330780315,0.0,0.6876567066843383,0.6937701609988423,0.7118115026994616,0.0,0.0,0.0,0.0,0.0,0.6864868009435358,0.0,0.0,0.0,0.0,0.0,0.0,0.6782016440990076,0.6604698903169216,0.0,0.6999772805757444,0.0,0.7469362912265386,0.0,0.0,0.0,0.7003183973195186,0.7089463340955906,0.7173210434339232,0.6831038735574543,0.0,0.0,0.6710041081282625,0.0,0.0,0.6722963277780399,0.0,0.0,0.0,0.0,0.6982460966004442,0.0,0.6843372096439928,0.0,0.0,0.0,0.7246707346823082,0.7173931419721595,0.0,0.6972287185439957,0.6849400085057549,0.7256190923590968,0.0,0.0,0.6567321925388256,0.0,0.6943168613698071,0.0,0.6714544566021222,0.0,0.6484705213780336,0.0,0.6712469229606017,0.0,0.0,0.0,0.0,0.6759775554391176,0.0,0.0,0.6836607659144854,0.0,0.6921826774450227,0.0,0.7132473086199965,0.6803025765769367,0.0,0.0,0.6919076479931937,0.699684986505756,0.0,0.0,0.7215750077994442,0.0,0.0,0.0,0.0,0.0,0.0,0.0,0.0,0.0,0.0,0.6964252856387461,0.0,0.0,0.0,0.6612567096706291,0.6877581728982545,0.0,0.6997605348890165,0.0,0.0,0.0,0.0,0.6810723939283768,0.0,0.6856224965529203,0.0,0.7021684347526723,0.0,0.0,0.0,0.0,0.0,0.0,0.0,0.0,0.7303252862825579,0.6938594097996086,0.65868195683995,0.0,0.7025379239785268,0.0,0.0,0.0,0.0,0.6996639434664331,0.0,0.0,0.0,0.0,0.6770652154933912,0.0,0.0,0.0,0.0,0.0,0.0,0.0,0.6705176605193611,0.0,0.6850126056299248,0.709667823085417,0.0,0.0,0.0,0.0,0.0,0.0,0.0,0.7053496092376031,0.0,0.0,0.0,0.0,0.0,0.7137630004984142,0.0,0.6719919257989376,0.0,0.7261892797860089,0.0,0.0,0.6788796913709624,0.7118930408481563,0.0,0.0,0.7076475176411254,0.0,0.0,0.7060400236578771,0.6885290675443844,0.693195465860279,0.0,0.0,0.0,0.0,0.0,0.0,0.0,0.0,0.6896465806742684,0.687766644399362,0.6776519245996591,0.6978719238421536,0.6594098611778177,0.0,0.6318629149753997,0.0,0.7245708747061973,0.0,0.0,0.6490636145530557,0.7243178013782083,0.0,0.0,0.0,0.0,0.6910723116110957,0.0,0.722479565917693,0.6657853000295211,0.0,0.0,0.6960681171310276,0.0,0.6607662659842214,0.7011526522403547,0.0,0.0,0.0,0.0,0.7155064263675712,0.0,0.0,0.0,0.0,0.0,0.0,0.0,0.7368869441871999,0.6743838225005825,0.7164295593104277,0.6799180163437881,0.0,0.0,0.6699402892891825,0.698280270885537,0.0,0.0,0.0,0.0,0.735542060710613,0.0,0.6456159663090596,0.0,0.0,0.6802849562326697,0.674831693528444,0.0,0.0,0.0,0.0,0.0,0.0,0.0,0.0,0.737386518934204,0.0,0.6992877411398246,0.0,0.7122681497835831,0.6357946555168158,0.0,0.0,0.0,0.0,0.7059728777782664,0.0,0.0,0.7113164554658559,0.6726432962912778,0.0,0.7132777692196888,0.0,0.0,0.0,0.0,0.0,0.7560004227577509,0.0,0.7019010200396145,0.6990645053560749,0.6802923611745946,0.0,0.0,0.0,0.7111411415592801,0.696056058649153,0.7044298054915683,0.0,0.0,0.0,0.7270063312772289,0.0,0.7235766540765021,0.7355440488783801,0.0,0.0,0.6723955347122715,0.6826505420852021,0.0,0.7322339325903735,0.0,0.6826835582912664,0.0,0.0,0.6900716350405601,0.0,0.6707243994331272,0.6929321306761,0.6883837086063275,0.0,0.7147398228258784,0.7347555322770646,0.6987883586371746,0.0,0.6682000062248241,0.0,0.0,0.0,0.0,0.0,0.7231094289058605,0.0,0.0,0.0,0.7062869934320296,0.7117146347792782,0.6865293158798533,0.0,0.0,0.0,0.0,0.693140522623639,0.0,0.0,0.0,0.6886427647204189,0.6848302853651084,0.6895006211642307,0.7223701684534455,0.0,0.0,0.0,0.0,0.0,0.0,0.6616542058850831,0.6693139024911817,0.6832687387055958,0.0,0.0,0.0,0.0,0.0,0.6960695548630886,0.7020588849260628,0.6993662388589721,0.71884010250043,0.0,0.0,0.7034860238391272,0.6875968497634927,0.0,0.0,0.0,0.0,0.0,0.0,0.7207597746454224,0.7002898649951976,0.6757959107872643,0.7168253706083214,0.0,0.0,0.0,0.6797350984569975,0.0,0.7299355878800684,0.718550220193821,0.0,0.0,0.6964540461416103,0.6915045883551173,0.6604492375382297,0.0,0.7083104773668395,0.0,0.0,0.0,0.672735283398654,0.0,0.0,0.0,0.0,0.6764283120054961,0.6835532826059748,0.0,0.0,0.6632067450873704,0.0,0.0,0.0,0.0,0.7016008164887491,0.6966081230863345,0.0,0.0,0.0,0.0,0.66589674563248,0.0,0.0,0.7218510524196459,0.6829372588613152,0.0,0.0,0.0,0.6790049705772552,0.0,0.0,0.0,0.6625122449042371,0.6884508748437806,0.0,0.7248649476366447,0.0,0.7353255316083205,0.0,0.0,0.7128171892790149,0.0,0.0,0.7187496706131753,0.0,0.0,0.6754526907229277,0.689264074003336,0.0,0.0,0.0,0.0,0.0,0.0,0.0,0.0,0.7221319541405984,0.7042374029401877,0.7164145384259714,0.7221614827492515,0.0,0.6477483394218542,0.0,0.0,0.0,0.6886002487307923,0.0,0.0,0.6878113839640011,0.0,0.6745860500949981,0.7176608572110728,0.0,0.0,0.0,0.0,0.687727444645939,0.0,0.0,0.7085154508990444,0.6732724788223697,0.0,0.7348808100195995,0.0,0.0,0.6639849276903265,0.0,0.0,0.0,0.6673235249904907,0.0,0.72466354801341,0.0,0.6803759909394556,0.7284528805250073,0.0,0.660949282185926,0.6862569765601064,0.0,0.0,0.0,0.7223555866347986,0.0,0.6927867737311155,0.7040980948669215,0.6883471099783953,0.6816416154171585,0.0,0.70773181858964,0.0,0.6646523583556749,0.719331393676141,0.6837991663695406,0.0,0.6809257650284425,0.0,0.0,0.0,0.0,0.0,0.6721573018552516,0.0,0.7116336227842572,0.0,0.0,0.0,0.0,0.0,0.0,0.7049311432519179,0.0,0.6853539687986712,0.6905237291346751,0.6923172673759205,0.7350189978850495,0.670198431563799,0.0,0.6974455384224687,0.0,0.0,0.0,0.0,0.0,0.0,0.7096871448241295,0.0,0.7239761777634554,0.0,0.7048544042484218,0.683322867406338,0.6960271888268831,0.0,0.0,0.7101363031025388,0.0,0.7260039506521384,0.0,0.0,0.0,0.0,0.0,0.7174922509574926,0.6826688368803624,0.7329927885755435,0.0,0.6988398731850574,0.6906533289385972,0.0,0.7250501920927777,0.0,0.0,0.0,0.0,0.0,0.0,0.0,0.0,0.0,0.0,0.0,0.0,0.0,0.0,0.0,0.7195327882207858,0.0,0.6855711840635985,0.0,0.0,0.0,0.0,0.7156028867131019,0.0,0.6778735558801597,0.0,0.0,0.705758099818795,0.678697144785311,0.6799336931164496,0.0,0.0,0.0,0.7068343996657451,0.0,0.6632814778551711,0.7071547906384865,0.0,0.0,0.0,0.0,0.0,0.0,0.6917517664316611,0.7348300742297251,0.0,0.0,0.7133704256000741
0.0,0.0,0.0,0.3224142104132873,0.0,0.30497878073990237,0.3407468893968493,0.0,0.0,0.3126356746439299,0.0,0.0,0.3131402598889201,0.2818085603748748,0.0,0.0,0.0,0.0,0.0,0.29176040244803214,0.0,0.0,0.3292513531387151,0.0,0.269053977879762,0.0,0.2852706517249113,0.0,0.0,0.29757778067396146,0.0,0.0,0.2797510546966602,0.33749016268996057,0.26774691935706835,0.0,0.0,0.34069085905982094,0.0,0.0,0.2818213346820596,0.0,0.0,0.0,0.3005456758389818,0.0,0.0,0.0,0.29230467816807565,0.0,0.0,0.0,0.0,0.0,0.2794259367864075,0.29895518637737,0.0,0.0,0.2730915930696327,0.2793328487469722,0.2790056694165637,0.0,0.29731656911495397,0.0,0.0,0.2908589958900028,0.27537120762245537,0.2945538854544338,0.0,0.2930527417143083,0.2993882432875845,0.0,0.0,0.0,0.35573307419597416,0.0,0.0,0.0,0.0,0.0,0.0,0.2652756687004969,0.0,0.0,0.2738728736270507,0.3215989345025074,0.0,0.29762227140585806,0.0,0.0,0.0,0.29575651633973504,0.0,0.0,0.0,0.0,0.2821398843987703,0.0,0.0,0.0,0.0,0.0,0.0,0.0,0.0,0.0,0.0,0.0,0.29614979366725774,0.0,0.0,0.0,0.0,0.0,0.0,0.24959250769802657,0.2842034846206899,0.30290010831648334,0.0,0.0,0.27817455032719035,0.3021601694064024,0.2526409465527748,0.3240118151804707,0.0,0.3022508792599619,0.0,0.29809860386746134,0.2750091573161597,0.0,0.0,0.0,0.0,0.30535734345305343,0.0,0.2804929539110797,0.26510181095256824,0.0,0.0,0.0,0.0,0.0,0.0,0.3335499595496596,0.29025439047292806,0.0,0.0,0.0,0.0,0.31850979707252036,0.0,0.0,0.0,0.3078442360003632,0.3153407295066524,0.0,0.3408084600750272,0.0,0.0,0.30241262255962553,0.0,0.0,0.0,0.2865409415971268,0.2935134823255077,0.3105183147393296,0.27640119631233795,0.0,0.2639891757277101,0.2684533495745087,0.0,0.0,0.0,0.2932356790116414,0.0,0.0,0.26266498676055416,0.0,0.0,0.0,0.0,0.0,0.25810139967756585,0.0,0.2986246919764288,0.31546470762693984,0.0,0.0,0.0,0.3153810293205027,0.0,0.0,0.2730875537162026,0.33273439907947444,0.0,0.0,0.0,0.0,0.3004722705016475,0.0,0.0,0.0,0.28210222673503915,0.0,0.3168028516484641,0.0,0.31172060143116687,0.3117755792151418,0.0,0.0,0.0,0.0,0.0,0.0,0.0,0.0,0.0,0.0,0.32238908616206535,0.25277921595154673,0.0,0.0,0.0,0.0,0.0,0.26352592336602415,0.2935944228236017,0.0,0.0,0.0,0.2584039503698426,0.0,0.0,0.2870911857418842,0.2950731567270991,0.2512149001458768,0.26325372823389204,0.2838075846026171,0.2602375441369952,0.0,0.35197893534642316,0.29427674202119203,0.2555660613078504,0.0,0.0,0.0,0.0,0.0,0.0,0.2625175099143131,0.0,0.3419476643559828,0.0,0.0,0.0,0.27620874993495437,0.0,0.0,0.0,0.0,0.0,0.0,0.30766809593302874,0.2976562016668452,0.0,0.0,0.27799262648582196,0.2992854142837015,0.0,0.0,0.0,0.30038036273998586,0.0,0.254588243952917,0.2372748928248052,0.2981325374076068,0.0,0.0,0.0,0.0,0.0,0.0,0.0,0.30607289388090797,0.23499704013658504,0.28969871045856455,0.0,0.0,0.3047925723054987,0.0,0.0,0.0,0.3161896163497646,0.28352901835584976,0.0,0.3234814252327005,0.0,0.0,0.0,0.0,0.0,0.3263886683230038,0.0,0.0,0.2945672880334823,0.0,0.28088501725590753,0.0,0.0,0.0,0.31696050470719933,0.29219686180560855,0.0,0.2971156179910575,0.0,0.2461367845179968,0.0,0.0,0.0,0.2861824988961176,0.0,0.30141117520445876,0.0,0.0,0.294110512694147,0.0,0.0,0.0,0.0,0.29134888543402454,0.0,0.0,0.0,0.0,0.0,0.0,0.0,0.0,0.2519550990562751,0.0,0.0,0.0,0.0,0.0,0.0,0.0,0.0,0.0,0.0,0.0,0.0,0.0,0.0,0.0,0.0,0.0,0.24934921257935194,0.0,0.0,0.0,0.3311025195582482,0.31996305417932963,0.0,0.0,0.0,0.3143468433294814,0.0,0.3208924264449312,0.0,0.3103552451421423,0.0,0.27355932395918536,0.0,0.0,0.3271914772702837,0.0,0.29461731404582275,0.0,0.33369167612556105,0.0,0.2995685497978408,0.31207723423397143,0.0,0.0,0.25138001234851337,0.3057896407963587,0.29799428099983905,0.0,0.0,0.0,0.0,0.0,0.0,0.0,0.0,0.0,0.25956939507709986,0.2980968724715943,0.0,0.29278079019172965,0.0,0.0,0.29974764954119554,0.27099177171809663,0.3221227918574732,0.0,0.0,0.0,0.35590425121640246,0.0,0.0,0.0,0.0,0.27698345181885864,0.30375955973602,0.0,0.28483113072385563,0.2795110789427868,0.0,0.24908967315392253,0.0,0.0,0.0,0.0,0.3132854440228639,0.2856547644652006,0.26050622222769027,0.2656877995310504,0.0,0.2715238559427728,0.2917013826192841,0.0,0.0,0.31694866000403027,0.0,0.0,0.30740750609254214,0.27559539452226683,0.24820777175854933,0.0,0.0,0.0,0.0,0.3052632317036416,0.0,0.0,0.0,0.0,0.0,0.32978117207440905,0.2949056675397002,0.24592585248364865,0.0,0.0,0.0,0.0,0.32760036315004953,0.2952096998614818,0.0,0.3086201814730143,0.29717044863223513,0.25246454275903585,0.2944389383211954,0.0,0.31219991631700633,0.0,0.0,0.2396494413444947,0.0,0.0,0.0,0.2971643756093939,0.0,0.28976908420247544,0.2968463293213426,0.0,0.0,0.0,0.0,0.0,0.0,0.0,0.0,0.28795337108753916,0.0,0.0,0.0,0.3062519733617339,0.0,0.2859892747445375,0.0,0.2802863909701132,0.2846636932485956,0.33337653087430275,0.2828536360647421,0.0,0.0,0.0,0.0,0.3030100528815466,0.28758321653259755,0.3039394531747342,0.2723665224466065,0.29222921004263774,0.0,0.3157902806017149,0.0,0.0,0.2753482150511605,0.0,0.0,0.23854860340271575,0.0,0.0,0.0,0.3363825244841622,0.0,0.0,0.0,0.0,0.0,0.0,0.0,0.2865892491469243,0.27767506514385726,0.2925503384001672,0.0,0.0,0.0,0.0,0.0,0.28056954537551054,0.3065655836704769,0.31399132265538043,0.0,0.3026735700305186,0.0,0.0,0.0,0.0,0.0,0.31794028431372173,0.0,0.0,0.26723378739371384,0.0,0.0,0.24608254150392259,0.0,0.0,0.3069514544340271,0.0,0.28651924616916286,0.0,0.0,0.0,0.0,0.25498070307525866,0.0,0.0,0.0,0.0,0.3302648578266132,0.0,0.0,0.2721198500330161,0.0,0.0,0.0,0.0,0.0,0.0,0.2984578303284214,0.0,0.0,0.0,0.0,0.3021796510399351,0.32586342405001545,0.0,0.31969015287938835,0.0,0.27855843528275925,0.0,0.0,0.29764470521823044,0.33744988468915454,0.26590350364477816,0.0,0.0,0.0,0.0,0.0,0.0,0.27758310883284887,0.0,0.0,0.2807743402661814,0.0,0.0,0.0,0.0,0.0,0.3060556511482721,0.30290152726615455,0.0,0.0,0.0,0.30906394352406485,0.0,0.0,0.0,0.0,0.0,0.0,0.0,0.0,0.0,0.29002163748420395,0.0,0.0,0.0,0.0,0.2761311135169524,0.0,0.29040674426562835,0.0,0.0,0.0,0.32719345943150757,0.0,0.0,0.0,0.0,0.0,0.0,0.2407276144510009,0.29726572152938874,0.0,0.0,0.0,0.0,0.0,0.0,0.30724248783795693,0.3252593239384993,0.3060175437626368,0.0,0.0,0.0,0.0,0.0,0.0,0.0,0.28991761899238694,0.0,0.0,0.0,0.31567282438549416,0.2967389605580549,0.0,0.0,0.0,0.0,0.0,0.24716550887174651,0.27090405763282843,0.0,0.0,0.0,0.2544834338539843,0.0,0.0,0.0,0.2595474046181717,0.3090165009783443,0.0,0.31532547599391697,0.0,0.29545508031818707,0.27184526857138924,0.29122637663677897,0.0,0.3449132300002399,0.0,0.26524657276139046,0.28832837701704567,0.2597195659923761,0.0,0.317943720496803,0.33193806311818647,0.2834149387227181,0.0,0.278061851476627,0.0,0.0,0.0,0.0,0.3085409716849096,0.0,0.2881518096183212,0.2548439937563792,0.3072230404145361,0.3096583474522701,0.2975289807518589,0.0,0.0,0.0,0.0,0.25955900119001735,0.2919532472068715,0.0,0.0,0.0,0.0,0.3093397489867019,0.31296879756119417,0.3048964481495353,0.28616373231186887,0.0,0.0,0.3372493068286304,0.3382079100288993,0.0,0.0,0.0,0.0,0.0,0.0,0.3032535194335642,0.2894112379872788,0.0,0.2901417261432078,0.0,0.2666444143633112,0.0,0.0,0.0,0.0,0.2799088656370526,0.2882597183386496,0.2778252377290795,0.0,0.32390090276027306,0.0,0.33149351845890546,0.0,0.0,0.2709749852247812,0.0,0.0,0.0,0.0,0.0,0.0,0.28726149928575545,0.0,0.25955160812496336,0.0,0.2878327678119991,0.0,0.2687412313898299,0.0,0.2871850740004719,0.3027790214839484,0.0,0.28386314070648766,0.2890667939733359,0.0,0.0,0.2876096944861969,0.3218520841002152,0.0,0.0,0.0,0.29993875758778404,0.29923555668384877,0.2607258825505936,0.0,0.3139019085921751,0.0,0.3363724134067622,0.0,0.2895594333725678,0.0,0.0,0.0,0.0,0.3174041697751307,0.2764830809253473,0.3104377851536776,0.0,0.30053583629782954,0.0,0.2963915575280294,0.0,0.0,0.31299205929445695,0.2815653716711588,0.0,0.0,0.0,0.0,0.0,0.3366768603070762,0.0,0.0,0.0,0.0,0.0,0.0,0.25328114016416164,0.3388037718706832,0.0,0.0,0.0,0.2693736136162285,0.30153552118899096,0.31145081198906654,0.30515266985173334,0.2972450599430948,0.0,0.0,0.0,0.32094849244493084,0.0,0.0,0.0,0.2890669644078947,0.2980743773725045,0.0,0.3183456140080772,0.28546068199006264,0.338679371939676,0.2799457102314536,0.0,0.30381161822243974,0.0,0.0,0.3068989896508851,0.0,0.3316115514573416,0.0,0.0,0.27017365351618505,0.32142087257002305,0.0,0.0,0.0,0.0,0.0,0.28761541459678774,0.2764497918974512,0.0,0.27060337009741303,0.28035505405071404,0.3030392022785378,0.0,0.0,0.3268725644587418,0.0,0.0,0.2910972890717868,0.0,0.3062969449976383,0.27655147325952756,0.2811572619103747,0.0,0.2570009788086302,0.32561766171172724,0.2630237733647052,0.0,0.0,0.2984095382327697,0.0,0.0,0.32348295730548793,0.0,0.0,0.29108957563263693,0.27285976953047625,0.0,0.30433295434880564,0.0,0.0,0.0,0.29099669002855605,0.0,0.2927276106674467,0.24175265042607308,0.0,0.0,0.29050436882099756,0.2968279084391643,0.0,0.32384317808840785,0.0,0.0,0.0,0.0,0.0,0.0,0.2961598380654432,0.2943780855719932,0.0,0.0,0.33134224718770455,0.0,0.0,0.0,0.0,0.0,0.0,0.0,0.31710905658132005,0.0,0.2821204363725979,0.2852958217932307,0.24573530515093045,0.30905947906708725,0.0,0.0,0.0,0.30881653223890504,0.0,0.0,0.0,0.0,0.0,0.3184693412081214,0.0,0.0,0.0,0.0,0.2917444018658861,0.0,0.2516308769236661,0.0,0.3192890614027167,0.0,0.0,0.25441696193889596,0.0,0.0,0.0,0.0,0.27439439127418874,0.0,0.2789306428335584,0.27636442845349546,0.34225634718728387,0.0,0.0,0.0,0.0,0.31793348770921825,0.25595294115868306,0.0,0.0,0.0,0.0,0.29859235969602715,0.29685913350495735,0.28121609617487164,0.0,0.0,0.29486922390541803,0.2979758831778525,0.0,0.0,0.0,0.0,0.29909188772295314,0.31688937468818307,0.0,0.0,0.2813043580083744,0.2874436774875767,0.0,0.0,0.2372189480233682,0.2770846295849556,0.0,0.27547309309055507,0.29542719392520583,0.30326037958669627,0.0,0.24736713770500413,0.0,0.0,0.0,0.27211528106053323,0.0,0.0,0.0,0.28662654010621685,0.24434243304422915,0.0,0.0,0.30414935797441545
0.0,0.0,0.0,0.0,0.0,0.0,0.0,0.0,0.1275447849071699,0.0,0.15940176227984124,0.0,0.0,0.10264319774356918,0.10862118645402948,0.0,0.1577441849108676,0.10771287216960582,0.10041071155994787,0.11531995117695984,0.12436432665449201,0.12816023206225563,0.0,0.0,0.10942335225797772,0.0,0.0,0.11516228779748894,0.0,0.11828223241145802,0.0,0.0,0.0,0.0,0.0,0.0,0.0,0.0,0.0,0.0,0.16937876158895102,0.0,0.0,0.11936055198461984,0.09990750917852928,0.0,0.0,0.13845848377282421,0.12284159105936551,0.0,0.1309854000966171,0.0,0.0,0.14113308492882287,0.08896651162559814,0.12901025572014746,0.11344252677821227,0.14556650809623906,0.0,0.0,0.16989459347664873,0.13106199744924193,0.15759434048296372,0.0,0.0,0.13996565608798683,0.1656576228636394,0.0,0.0,0.0,0.13265592835789117,0.0,0.0,0.15693595046841896,0.0,0.0,0.18117913002467384,0.16616897890905669,0.0,0.0,0.10843751083333664,0.0,0.11799866360762726,0.1515273633619944,0.0,0.0,0.10994587443822151,0.0,0.0,0.0,0.17812590326209646,0.11449072913670526,0.0,0.16497233603502193,0.0,0.0,0.0,0.15070231727839795,0.0,0.0,0.0,0.16264474935483256,0.0,0.0,0.12094241751169862,0.0,0.0,0.13251118248619118,0.09405067029445105,0.12665883535386788,0.1311354801569469,0.0,0.0,0.0,0.15322266968725243,0.16745262063164223,0.0,0.0,0.0,0.0,0.0,0.1378631386388838,0.0,0.0,0.12394349173212202,0.0,0.0,0.0,0.0,0.15542685964480238,0.0,0.1490760024503711,0.0,0.0,0.14013857234458843,0.12127467245653685,0.0,0.0,0.18006025185350658,0.0,0.0,0.0,0.1340610994216014,0.15066286985444305,0.15537640187385898,0.0,0.16644678296902524,0.0,0.14314107325888617,0.18708453291190372,0.0,0.0,0.0,0.0,0.13449124496348375,0.0,0.0,0.17173441844067378,0.0,0.0,0.0,0.0,0.16433948295769651,0.0,0.0,0.0,0.0,0.0,0.0,0.14258455221158842,0.14165212863332655,0.11431978488621986,0.0,0.12464763854948425,0.17803499193980657,0.0,0.0,0.18080132418208306,0.0,0.0,0.16365352839627073,0.1672450157503136,0.149305307584735,0.11506607031628935,0.1414009807954914,0.0,0.11270694413869735,0.0,0.0,0.11859035336028997,0.0,0.1592828580756743,0.0,0.0,0.0,0.0,0.16506669776654678,0.0,0.0,0.1188608748291313,0.1317617458456859,0.0,0.12149649297270824,0.0,0.0,0.0,0.11638614450871937,0.14750416268473945,0.10182507901689174,0.0,0.0,0.15710323560239306,0.0,0.0,0.0,0.13883553439856777,0.10774886135994205,0.0,0.14556420763267047,0.15226268372884638,0.0,0.13972449200802095,0.0,0.0,0.0,0.12110324790231797,0.10796622944878902,0.13206630138623748,0.17230205112275898,0.0,0.0,0.0,0.14468077074019345,0.1467837957642437,0.0,0.0,0.14730857823098173,0.110808249435233,0.0,0.09638445581510655,0.0,0.0,0.0,0.19906604944205125,0.12298947791179365,0.0,0.0,0.11744010249713861,0.0,0.16081730951638065,0.0,0.0,0.11885955636821924,0.0,0.1372735125047381,0.0,0.0,0.0,0.0,0.13747816457109072,0.17096732037590884,0.14601359494290445,0.10546388677645278,0.0,0.0,0.0,0.18189128977176916,0.0,0.14588784554224343,0.0,0.14214621802545274,0.0,0.0,0.18822083032486261,0.0,0.0,0.0,0.0,0.0,0.14192957463530567,0.17233816763960486,0.0,0.13119887599649604,0.0,0.1318922070247023,0.0,0.0,0.0,0.16177538486314655,0.0,0.0,0.1364261535439144,0.0,0.0,0.0,0.0,0.0,0.0,0.0,0.0,0.137295310221434,0.0,0.0,0.0,0.0,0.0,0.0,0.0,0.0,0.18875472278039396,0.10828779035864262,0.0,0.0,0.1236080462860896,0.12521667572739686,0.13856671995291292,0.10068014357745249,0.15861699292497813,0.1453515543441078,0.0,0.0,0.0,0.15032540116891696,0.0,0.13959247503892203,0.0,0.0,0.0,0.0,0.17617491946299577,0.11564041356428369,0.16802833169784578,0.0,0.15191827887409512,0.0,0.0,0.14030260479866577,0.0,0.0,0.0,0.1568330276232756,0.08313157812208691,0.0,0.11988145285392035,0.1772345386523128,0.0,0.0,0.0,0.12004387425322482,0.15693319556359037,0.0,0.1197251677399743,0.0,0.0,0.13331762350779214,0.0,0.0,0.0,0.0,0.0,0.15104482678070036,0.0,0.0,0.0,0.0,0.0,0.0,0.0,0.0,0.10491927175159105,0.0,0.0,0.0,0.0,0.14233897533836046,0.10679389466512054,0.0,0.13474890694140296,0.0,0.0,0.0,0.0,0.0,0.0,0.11391298606470959,0.13162445520529753,0.170328816278981,0.0,0.0,0.0,0.0,0.0,0.14517155412651808,0.0,0.0,0.11813898929455284,0.12856910372760108,0.17489517616112824,0.0,0.0,0.0,0.0,0.1512342727695732,0.12302986850250625,0.13491062595845543,0.09227706602053813,0.0,0.0,0.0,0.0,0.17126144578722238,0.0,0.0,0.11721360959407115,0.0,0.0,0.0,0.0,0.0,0.0,0.0,0.0,0.0,0.0,0.0,0.13911187438311662,0.196330794724728,0.0,0.0,0.0,0.18548463005649007,0.0,0.0,0.18577972973808293,0.0,0.0,0.1473976028134781,0.12073735673204514,0.0,0.0,0.0,0.0,0.1203716453111009,0.13402033675212127,0.16412671005154839,0.0,0.0,0.0,0.12895430016229842,0.0,0.0,0.0,0.0,0.0,0.13873273649382117,0.0,0.0,0.0,0.0,0.1494345788594473,0.0,0.0,0.17000892923745953,0.09319324932438709,0.1460292878625536,0.0,0.0,0.17053221795065077,0.0,0.0,0.0,0.10683175799216198,0.0,0.0,0.15169762119869815,0.0,0.14419874608103367,0.0,0.13810510617236135,0.1804964907815858,0.0,0.0,0.11463366662256329,0.16616569461285965,0.0,0.0,0.0,0.0,0.14794847950642315,0.0,0.1601539353410019,0.1215827851867729,0.0,0.0,0.0,0.12117529099958158,0.11959612092548016,0.0,0.1444834129564883,0.1204550389127517,0.0,0.13940509625118155,0.0,0.16099611744302297,0.0,0.15684776701972297,0.17318247920264176,0.0,0.0,0.0,0.0,0.16451902019176678,0.0,0.0,0.0,0.11312583025768536,0.13619876132860884,0.0,0.0,0.11587067344841293,0.19940394898126154,0.0,0.0,0.1689900123484182,0.13253931729080226,0.0,0.0,0.0,0.11487942976628808,0.0,0.0,0.16554397555616768,0.0,0.12560569270537544,0.11473722919767207,0.0,0.0,0.0,0.1378998768707102,0.1382336585156971,0.0,0.0,0.1361696331655063,0.13162491467192122,0.0,0.0,0.1533937790884857,0.13602445169203145,0.0,0.0,0.0,0.0,0.0,0.0,0.13849542095227432,0.0,0.12890668482148782,0.0,0.16685963420978567,0.0,0.0,0.0,0.0,0.0,0.0,0.0,0.11603532893229186,0.0,0.14345333865093327,0.0,0.14232576419557458,0.0,0.0,0.14615706721156355,0.0,0.12234995132170873,0.0,0.11678328569538055,0.13737950750414735,0.0,0.0,0.0,0.0,0.08626607425818303,0.0,0.14215906785932172,0.1695362910036724,0.16950429259102026,0.0,0.0,0.16946130021154462,0.0,0.12485784627769624,0.0,0.0,0.0,0.0,0.08812394778708066,0.15545135114467745,0.1639327629662645,0.0,0.0,0.1369938114599131,0.15880770071824826,0.0,0.0,0.0,0.0,0.0,0.0,0.0,0.0,0.0,0.0,0.1702172602528714,0.0,0.0,0.0,0.0,0.16287256064214908,0.13442670224417896,0.0,0.0,0.1385280573052547,0.0,0.0,0.0,0.12849228754317765,0.09083805403796161,0.0,0.17173981602077845,0.10519684833013873,0.0,0.0,0.0,0.0,0.1384826079483879,0.15883256015977618,0.0,0.13965694150892985,0.13029051158706664,0.0,0.12800093675680302,0.1240660258633573,0.0,0.0,0.0,0.12831969189071044,0.0,0.0,0.0,0.0,0.1439858314058954,0.0,0.16335892889511877,0.0,0.0,0.1680992300974266,0.0,0.11284295620367989,0.0,0.0,0.17389877053177005,0.0,0.0,0.12783826318169,0.14539886754508258,0.0,0.0,0.14178884562694813,0.0,0.0,0.0,0.1420637970405693,0.0,0.0,0.13767017765314418,0.0,0.0,0.0,0.13604084205066436,0.0,0.0,0.11971824656242602,0.1246868070690193,0.13556276021602723,0.1450827702695287,0.13470316660410478,0.137923174978141,0.0,0.0,0.0,0.1463757367868758,0.0,0.0,0.15566293321230884,0.0,0.16764625830234198,0.0,0.1803538962365442,0.0,0.0,0.0,0.0,0.0,0.17980461866913067,0.08906462945823732,0.1597801118012838,0.0,0.0,0.14722495858821635,0.0,0.0,0.0,0.13369624276725267,0.0,0.0,0.15423869504925433,0.1421459921808161,0.0,0.0,0.0,0.09743029292629023,0.0,0.1327807357956023,0.0,0.1374698943197878,0.0,0.0,0.0,0.1686001047816234,0.0,0.13187787380421676,0.0,0.13881728468029536,0.1380305486278379,0.0,0.1546378700551187,0.0,0.11281401290628108,0.18898528118517885,0.0,0.1484391448606078,0.11663709969858883,0.15537279347998875,0.0,0.1766192275905261,0.14502510359615828,0.15493371288956836,0.13090620072348072,0.0,0.1415028395811003,0.15299616387059473,0.0,0.1389294929190765,0.0,0.0,0.0,0.0,0.0,0.0,0.15679744918871852,0.0,0.1492890263359543,0.0,0.0,0.0,0.13837636027422234,0.0,0.0,0.1991744431760125,0.0,0.0,0.13821188882055893,0.0,0.13557691187938323,0.0,0.0,0.10017987143255462,0.13047872290129972,0.0,0.0,0.0,0.0,0.0,0.0,0.16970381032922244,0.0,0.13716080109815554,0.0,0.0,0.0,0.0,0.0,0.0,0.17168525360058112,0.0,0.14986231192475058,0.11110428431957713,0.0,0.0,0.0,0.1315949286641352,0.0,0.14895453695314023,0.17088115963760406,0.0,0.0,0.0,0.0,0.09792813106307133,0.0973626366348307,0.0,0.0,0.0,0.13573203187656224,0.10150641379579618,0.0,0.16238866647559622,0.0,0.14594382967543462,0.0,0.0,0.13778261515396767,0.0,0.0,0.0,0.0,0.0,0.0,0.0,0.14074458100678605,0.0,0.14121076922319645,0.153230163965489,0.0,0.18073321016349975,0.0,0.0,0.13042272658590703,0.0,0.0,0.0,0.0,0.0,0.0,0.15077147621906092,0.0,0.15635803181070904,0.0,0.14943203757507006,0.0,0.0,0.0,0.0,0.0,0.1762277231981945,0.0,0.1612753885222835,0.0,0.0,0.10100488305903783,0.1563546422207389,0.0,0.10836555720257147,0.0,0.0,0.14997940636748247,0.14770638078054216,0.0,0.1824257551264897,0.0,0.0,0.0,0.0,0.0,0.1391690297896848,0.0,0.0,0.18318941771776728,0.14837452581994126,0.0,0.0,0.0,0.0,0.0,0.11608089632219391,0.0,0.1592542633200772,0.1109613333887492,0.0,0.14230580719956992,0.1212205944547369,0.0,0.11547044158315496,0.0,0.0,0.16413531636854087,0.0,0.0,0.0,0.0,0.13823432260949806,0.0,0.0,0.0,0.0,0.0,0.17673748241795417,0.0,0.12482273470406374,0.0,0.13304222566940935,0.0,0.0,0.0,0.13300713796960256,0.0,0.13536034807259414,0.17493565559004012,0.0,0.0,0.1275162449810521,0.10529937757463569,0.13135823040987354,0.0,0.0,0.16072430223292009,0.0,0.15689014789223962,0.0,0.0,0.0,0.1771733324985542,0.1140225836895466,0.0,0.19081570844118093,0.0,0.0,0.12433142134383764,0.0,0.0,0.14380772596535726,0.20098773849283774,0.16746938870594505,0.0,0.12261248431658253,0.0,0.0,0.0,0.0,0.14493902871826034,0.0,0.0,0.0,0.0,0.0,0.0,0.0,0.0,0.0,0.0,0.1125835698298857,0.0,0.08638063769216987,0.1264719756774259,0.0,0.12725510035354373,0.0,0.0,0.0,0.14897942212423798,0.12798217869196044,0.12602560001985935,0.0,0.0,0.0932421674321724,0.0,0.0,0.1682538389138722,0.0,0.15634389748206473,0.0,0.0,0.0,0.0,0.179468017901853,0.1362102792192361,0.0,0.0,0.0,0.0,0.0,0.0,0.0,0.15154172864796353,0.12748291432888634,0.0,0.0,0.0
0.0,0.0,0.0,0.0,0.0,0.7339714083468335,0.0,0.7940224326445845,0.7760259678846912,0.7961365851294209,0.0,0.0,0.0,0.7406673098513983,0.0,0.7640438493041711,0.0,0.7762613951302801,0.7579943211921942,0.0,0.0,0.0,0.0,0.0,0.7633182595815415,0.0,0.0,0.0,0.0,0.776555217990572,0.7461764570340866,0.0,0.0,0.0,0.7730861752901115,0.0,0.7820361675908211,0.0,0.732701761756378,0.0,0.7284301204899633,0.0,0.0,0.7497913381594276,0.0,0.0,0.0,0.0,0.7559173750104863,0.0,0.0,0.0,0.7656842367189531,0.0,0.7921174507339002,0.0,0.7914369055829992,0.0,0.7936501250753505,0.7845559140131295,0.7328522865685487,0.0,0.0,0.0,0.0,0.7629571127170608,0.7707078163388142,0.7054425631896342,0.0,0.7612780544693966,0.0,0.7636288354661986,0.0,0.7406308171059187,0.0,0.0,0.0,0.0,0.0,0.0,0.8160566067907049,0.7628191280836598,0.0,0.7719577692064026,0.0,0.0,0.0,0.0,0.7674481699385975,0.0,0.7576233972086288,0.0,0.0,0.7707640377476481,0.0,0.0,0.7606405600656728,0.7449315710214901,0.0,0.0,0.7531012815149649,0.7851470095939138,0.0,0.0,0.0,0.0,0.0,0.0,0.0,0.0,0.7480176544250869,0.7996347033311662,0.784826039858073,0.0,0.7634977830466598,0.749807340332283,0.0,0.0,0.0,0.0,0.7794873725265723,0.0,0.0,0.7612581787697558,0.0,0.0,0.0,0.7614813341873541,0.0,0.0,0.7992153168785924,0.0,0.8120551808649884,0.0,0.0,0.0,0.79172738048313,0.0,0.0,0.0,0.0,0.7947294002493615,0.7713080105858425,0.0,0.7640506112276179,0.7982000356650714,0.0,0.0,0.7483868937084144,0.0,0.761918644516166,0.0,0.0,0.0,0.7683466756108466,0.762909250364181,0.7775577769732355,0.7778648448948928,0.0,0.799414751503458,0.0,0.0,0.7310386527008659,0.0,0.0,0.743565947061967,0.7684004116118597,0.7610799042880191,0.7678246191344137,0.7885807126272474,0.0,0.7769833754144697,0.0,0.7880604503788321,0.7599626497865244,0.0,0.7931713589789215,0.0,0.8027515226734511,0.0,0.0,0.0,0.0,0.0,0.0,0.8087294390731036,0.7730538664483966,0.0,0.0,0.0,0.0,0.7360103730548465,0.0,0.8283599199607568,0.0,0.7746600222793564,0.0,0.0,0.7826151369692217,0.8025002341861903,0.0,0.0,0.7646217201185198,0.0,0.806011483665536,0.7875537514116067,0.7392279190499608,0.7644352007975039,0.0,0.0,0.7995921751915346,0.7629886909994441,0.0,0.7727614848775375,0.0,0.7582669719462457,0.0,0.7798308006615671,0.7955965488880758,0.7472443953981601,0.0,0.0,0.0,0.0,0.7937456224787941,0.7968511372428952,0.0,0.0,0.0,0.0,0.0,0.7937434263870512,0.7598296023452185,0.0,0.0,0.7280552654393827,0.7642604777909134,0.7667821201904876,0.0,0.0,0.7521420199514799,0.7888584824819519,0.7405349906254254,0.7528208437802241,0.0,0.7436600284206988,0.0,0.7512833617360618,0.0,0.7779472555697966,0.0,0.0,0.0,0.7777272353166443,0.0,0.7414843748741319,0.0,0.0,0.0,0.0,0.7948210880956883,0.7935874292882802,0.0,0.7477729840618198,0.0,0.7708793685202372,0.0,0.7495615844144246,0.0,0.0,0.7208817830765379,0.7800410196569223,0.7867855395647307,0.7450859573852204,0.7545563825578369,0.765985132639434,0.0,0.7908917903281372,0.0,0.0,0.7512390119853949,0.0,0.7617157907056399,0.7747986061698032,0.0,0.0,0.0,0.0,0.7451987955161303,0.0,0.732367405748875,0.0,0.0,0.0,0.0,0.0,0.0,0.0,0.0,0.0,0.0,0.0,0.7925046192367997,0.7946479505408205,0.7814032569597122,0.7932124705112905,0.7530618349837839,0.0,0.8117223256418752,0.0,0.7650028512636117,0.0,0.0,0.0,0.0,0.7886085842770819,0.7706973471692683,0.7541521455666248,0.0,0.0,0.0,0.0,0.0,0.7759759505420326,0.0,0.0,0.0,0.0,0.7944129501129505,0.0,0.7337073605589759,0.7188123627012235,0.0,0.7611453005036315,0.7713302312739464,0.0,0.7681355699730625,0.7519562491059152,0.7763403965227363,0.7661421778824209,0.0,0.0,0.0,0.7754198899734864,0.7444008517590263,0.0,0.0,0.0,0.7705794832016204,0.0,0.8134191628395468,0.0,0.8238727534856509,0.0,0.0,0.0,0.7920839293573511,0.0,0.0,0.0,0.0,0.7761920940946947,0.0,0.7538356214279963,0.0,0.0,0.0,0.7675855521047322,0.7803991455370244,0.7864545361050304,0.7251819719574759,0.0,0.0,0.8082827807467013,0.0,0.7271164212750547,0.0,0.7688274032820795,0.0,0.0,0.7595559429865588,0.778523250882134,0.0,0.7823566760538064,0.753606177671429,0.7593102243893385,0.7923046430499553,0.0,0.0,0.7805000420750333,0.7417663508166499,0.0,0.0,0.0,0.0,0.7264307626098983,0.7608019166560611,0.0,0.0,0.7680242842504078,0.0,0.0,0.7815242365491922,0.0,0.7819237505985416,0.0,0.0,0.0,0.0,0.7932555411851318,0.0,0.7645417626568736,0.0,0.0,0.7638092801078549,0.0,0.773210946283274,0.0,0.8015202549083464,0.7875597531506606,0.0,0.0,0.0,0.0,0.0,0.0,0.0,0.7651542584539988,0.0,0.0,0.7772503752874101,0.0,0.0,0.7195231706806634,0.0,0.7877973002221139,0.7700564958324914,0.754043174219253,0.7698653359426203,0.0,0.0,0.0,0.0,0.0,0.7641765143371156,0.0,0.0,0.0,0.7584178165166848,0.0,0.0,0.0,0.0,0.0,0.0,0.0,0.0,0.8083163228649097,0.0,0.0,0.0,0.7743662222521415,0.765098644608403,0.0,0.0,0.0,0.7935463414485466,0.7496960007799714,0.0,0.0,0.0,0.760165612337238,0.0,0.7617924142572605,0.0,0.0,0.8000388496686135,0.0,0.8085082209602078,0.0,0.7428895668420235,0.0,0.0,0.770145703990839,0.0,0.7998898083191118,0.0,0.0,0.7974580791554339,0.0,0.0,0.7860108994259541,0.7904078677435562,0.8088182958310031,0.7877652798629393,0.0,0.7614985853059899,0.0,0.0,0.0,0.7366094275351227,0.0,0.7660079939520205,0.0,0.0,0.0,0.0,0.0,0.7912102607595235,0.0,0.0,0.0,0.0,0.7974827281199667,0.7894940425712408,0.0,0.0,0.0,0.0,0.7640996363731418,0.7566261295490981,0.0,0.0,0.7409441343605688,0.7455561268250184,0.0,0.0,0.0,0.0,0.0,0.0,0.7347896122081341,0.7522884402880582,0.7481704341638656,0.0,0.0,0.0,0.0,0.0,0.0,0.0,0.0,0.7577599231086788,0.0,0.7624879612044281,0.0,0.0,0.7505995438197597,0.7611615725674988,0.0,0.0,0.0,0.0,0.7888009673338652,0.0,0.7678974852355919,0.0,0.0,0.0,0.7930902437807685,0.0,0.0,0.7566680200891671,0.0,0.0,0.0,0.0,0.0,0.0,0.7431599856792204,0.7339978391038465,0.0,0.7750367976123261,0.8024978386783449,0.7368762774757991,0.0,0.7660324116792118,0.0,0.0,0.7405922658281239,0.0,0.0,0.0,0.0,0.78583921110179,0.737945158144529,0.0,0.7923416844612635,0.0,0.0,0.0,0.0,0.0,0.0,0.0,0.778538264440713,0.0,0.7544609797609626,0.0,0.7735874292883878,0.7367151627070744,0.0,0.7621542882436407,0.0,0.7814042338193418,0.0,0.0,0.7593575489422141,0.0,0.8056210702890143,0.0,0.7778882749294913,0.0,0.7768413048460521,0.0,0.0,0.0,0.0,0.0,0.7682447426090546,0.0,0.7750745192347498,0.0,0.0,0.0,0.0,0.0,0.772766890400305,0.7712902282079483,0.0,0.0,0.782105755818838,0.0,0.0,0.0,0.0,0.7581626812785112,0.7296323229036666,0.7594789165877903,0.775999252266575,0.8003122475312413,0.0,0.0,0.774229935660862,0.7802628829868955,0.7439728889294025,0.0,0.0,0.0,0.0,0.0,0.7775578678400531,0.0,0.8021070820081714,0.0,0.0,0.0,0.0,0.0,0.0,0.0,0.0,0.7853449841523095,0.0,0.0,0.0,0.7901386323174678,0.8061430834788944,0.0,0.0,0.0,0.0,0.0,0.0,0.0,0.0,0.0,0.0,0.7713305348982015,0.795794790042284,0.7334150136072827,0.0,0.0,0.0,0.0,0.7973738801889153,0.0,0.0,0.0,0.7632905019757459,0.7797498995385767,0.8114121670842273,0.0,0.0,0.8151592487753215,0.7907319468597699,0.0,0.8130577842150705,0.0,0.7630378759337743,0.7332430860178404,0.0,0.7859079527217929,0.7207110915787952,0.7229756235569965,0.0,0.7779055463032303,0.0,0.0,0.0,0.0,0.0,0.0,0.0,0.0,0.7890827361181862,0.0,0.7618237540699737,0.0,0.0,0.8053988053972387,0.770621459798248,0.0,0.0,0.782479652833125,0.0,0.0,0.7819114729503359,0.0,0.0,0.7216398137934117,0.0,0.8046601174987881,0.7798956387978458,0.0,0.7572488690152197,0.0,0.7254026711143766,0.0,0.0,0.7521932489580194,0.0,0.7827538987579638,0.7427570475728493,0.7502537234239686,0.0,0.0,0.7589838575189948,0.7553694584102845,0.0,0.8052870498850714,0.0,0.0,0.7580863288456613,0.8011022366545429,0.8056941963081671,0.0,0.0,0.0,0.0,0.0,0.0,0.0,0.7397625465478457,0.0,0.0,0.7567854765068632,0.0,0.0,0.7844058492528594,0.7931880998009355,0.7721620398457066,0.0,0.0,0.0,0.7522024089619077,0.0,0.7549922346161714,0.0,0.0,0.0,0.0,0.0,0.757339972830509,0.0,0.0,0.74581255149027,0.0,0.7742194165517299,0.7757100957503102,0.0,0.763569371705962,0.0,0.0,0.0,0.7620834765816303,0.0,0.7669927785102897,0.0,0.0,0.0,0.0,0.7727182137183951,0.0,0.0,0.0,0.0,0.0,0.0,0.0,0.7887465446644458,0.0,0.7375383761537144,0.763889006758897,0.7913406497153647,0.0,0.0,0.0,0.0,0.0,0.0,0.0,0.0,0.0,0.7606999826811104,0.0,0.0,0.0,0.0,0.0,0.0,0.0,0.0,0.0,0.7594136383884634,0.0,0.0,0.0,0.0,0.7847914498551232,0.0,0.0,0.7540181779133011,0.0,0.761530158197942,0.0,0.0,0.8204961393088331,0.7974452806096076,0.7252998216219816,0.0,0.0,0.7955820569186941,0.8005946765027266,0.7715152683465601,0.0,0.7711114869134655,0.7998002036412373,0.0,0.0,0.0,0.7666750425958319,0.749680549604692,0.7825986866254511,0.7577312834795732,0.0,0.0,0.7487255660147479,0.7617373053842812,0.7600209138167727,0.7431680016072274,0.0,0.7643066984529053,0.7678077070803797,0.0,0.0,0.0,0.0,0.0,0.7716167840017877,0.0,0.0,0.7373907824914401,0.0,0.7477573680746533,0.0,0.801992982868479,0.0,0.795000534990856,0.7806592020257291,0.0,0.7796649419544787,0.7499467716503863,0.0,0.7762606332854329,0.0,0.0,0.747596424253958,0.0,0.7679157470565582,0.0,0.0,0.769196326446698,0.7938472544457866,0.0,0.0,0.0,0.0,0.7931012427196347,0.0,0.7599676817668638,0.7694244219904818,0.8017433514925772,0.0,0.0,0.7702805943849774,0.7988188809985627,0.0,0.7536318167091043,0.0,0.0,0.0,0.0,0.7674600994797895,0.0,0.0,0.0,0.0,0.0,0.7772057303469346,0.0,0.766632223196342,0.8294776457312675,0.7947106658775146,0.8085339994575922,0.0,0.7678589190238011,0.7533725806534202,0.0,0.0,0.0,0.7461076609741647,0.0,0.7419737361923686,0.0,0.0,0.0,0.0,0.7332036980636861,0.7699168525612955,0.0,0.0,0.0,0.0,0.0,0.0,0.7351502947126305,0.0,0.0,0.7840417196801455,0.0,0.0,0.0,0.7753925518783028,0.0,0.8094967934937306,0.7903960350966972,0.0,0.7194621059118465,0.7525424450370274,0.0,0.7803692109357561,0.0,0.7840741927271029,0.0,0.0,0.0,0.0,0.0,0.0,0.7387152221107769,0.7643032886444509,0.0,0.0,0.0,0.7504779092723132,0.0,0.0,0.0,0.0,0.7680230765693927,0.7460935691554256,0.0,0.0,0.0,0.7680658161130726,0.7978903141442959,0.0,0.0,0.0
0.0,0.0,0.0,0.0,0.0,0.0,0.0,0.0,0.9028057018861042,0.0,0.0,0.0,0.0,0.9601983766650886,0.9083402860248481,0.0,0.9397668626821014,0.0,0.9088386611062637,0.0,0.0,0.9277868156105368,0.9859663111466853,0.0,0.9456804528467039,0.0,0.977305916948017,0.0,0.0,0.9701894243023923,0.9656366144923514,0.9364012848919884,0.0,0.9213828967115909,0.0,0.0,0.9810293519355786,0.9112909158049914,0.9396973604330949,0.9515139996814747,0.0,0.0,0.0,0.9638309704334538,0.89708116132107,0.0,0.9459102572056463,0.0,0.9567816663213612,0.0,0.9738556941219892,0.0,0.9582247846331323,0.9179497127089559,0.0,0.9442083413830306,0.9483803188907178,0.0,0.0,0.9099065855156978,0.9267858136465464,0.0,0.0,0.0,0.0,0.0,0.9142582868105588,0.9055657607552282,0.9329716911577814,0.9260901979827079,0.0,0.9430075017597761,0.9150725386904397,0.9077836612576191,0.8960992464604107,0.0,0.0,0.9853963198751234,0.0,0.0,0.9426593187244573,0.0,0.0,0.0,0.0,0.0,0.9533194399095741,0.0,0.0,0.0,0.0,0.9207047679024386,0.0,0.0,0.0,0.0,0.0,0.0,0.0,0.0,0.9333131233620714,0.0,0.9328547466385657,0.0,0.9184242641031384,0.944458512589186,0.0,0.9856765958924352,0.0,0.9317266192344292,0.9102046801681961,0.0,0.9435959777397187,0.9352881945068856,0.0,0.0,0.0,0.0,0.0,0.0,0.9294819395623953,0.9101504051530688,0.0,0.0,0.9512090492274318,0.9573670605102816,0.0,0.9178357166691912,0.0,0.0,0.9925015921692014,0.9350933912974895,0.0,0.9228429582760086,0.9045494918172057,0.926310909159758,0.0,0.0,0.0,0.0,0.9558906731754895,0.0,0.0,0.0,0.9141918094795539,0.0,0.973666666016866,0.0,0.909637685339929,0.0,0.9048667967717797,0.0,0.9315382565021706,0.0,0.0,0.0,0.9468430820148889,0.945255654648382,0.0,0.9791823069954521,0.9095601711085197,0.9426177730139659,0.8873477817119463,0.0,0.8759911066927295,0.0,0.9369005149787584,0.0,0.0,0.0,0.9216991567261097,0.9448300269762462,0.9546612128179908,0.0,0.0,0.0,0.0,0.9570202152786397,0.0,0.9456599342921073,0.9111137279071498,0.9309996387200894,0.9462613122501532,0.0,0.9066458356980527,0.0,0.0,0.0,0.9539565195371994,0.0,0.0,0.948089992848877,0.0,0.9418279270651622,0.0,0.9050531264990618,0.0,0.0,0.0,0.0,0.9239234856367007,0.0,0.9175160363145701,0.0,0.9382246195204178,0.0,0.9475333852254323,0.8877031938313872,0.9557177004759495,0.0,0.9448785465932356,0.9182887308074427,0.0,0.9293012558202709,0.0,0.8814113980702453,0.0,0.0,0.9177766579129819,0.9704323195815523,0.9486994867896021,0.0,0.0,0.0,0.0,0.0,0.9817918568816556,0.9684643005379623,0.9043530486939828,0.0,0.9136719490788997,0.0,0.9014065204751949,0.0,0.9347602027568827,0.9306548698006504,0.898132131269056,0.0,0.0,0.0,0.9307852762172755,0.0,0.9347640460011173,0.0,0.0,0.9132218076475204,0.0,0.0,0.0,0.0,0.0,0.0,0.9558871227662031,0.9787403019988258,0.0,0.9806205182107083,0.0,0.9353271771999139,0.0,0.0,0.0,0.9576341752509187,0.9423457308259138,0.0,0.0,0.9400485951245997,0.0,0.0,0.9473652114955284,0.0,0.9354820199307095,0.0,0.0,0.9528782154002345,0.962141721369953,0.0,0.0,0.0,0.0,0.0,0.9093502416970259,0.9691316960213225,0.0,0.0,0.9882031428984133,0.9294560854225663,0.0,0.8985922004362075,0.9377035439545636,0.0,0.9497953684660843,0.9746449271057879,0.0,0.0,0.0,0.0,0.0,0.0,0.0,0.0,0.9008401040093885,0.0,0.0,0.0,0.917322862713779,0.9615908992679961,0.892258822611664,0.0,0.0,0.0,0.8462841034383334,0.0,0.0,0.9693800144893341,0.0,0.9961998279667372,0.0,0.0,0.0,0.0,0.9616505728587149,0.0,0.9331076601791691,0.0,0.0,0.0,0.0,0.0,0.0,0.9042062957951766,0.9413447486814294,0.9010790265108382,0.0,0.9478418319547822,0.8940117941160688,0.0,0.0,0.0,0.9528685316221849,0.0,0.924971538674583,0.956781256631732,0.0,0.0,0.9225544602075368,0.0,0.9432777934120146,0.9311584816584031,0.9325275007286797,0.0,0.0,0.0,0.0,0.0,0.0,0.9190436030873516,0.0,0.9097348890418551,0.0,0.0,0.0,0.9118110495644551,0.0,0.0,0.0,0.9105164235559431,0.9847664325919188,0.9311583484821426,0.0,0.9390133357704579,0.0,0.0,0.0,0.0,0.9147752542579805,0.0,0.0,0.9430666645017267,0.9265257579401593,0.0,0.0,0.0,0.9785520691024167,0.940922172803384,0.93917455733061,0.9134588566156413,0.0,0.0,0.0,0.9746223379646914,0.0,0.0,0.0,0.0,0.0,0.0,0.915794144935667,0.0,0.9369398977168081,0.9688475483542729,0.9283548262240437,0.0,0.0,0.9535653731234669,0.9267553602825954,0.0,0.0,0.0,0.0,0.0,0.0,0.0,0.0,0.0,0.0,0.943031512873691,0.9205022656854186,0.0,0.8975035154964761,0.0,0.9407322506615036,0.0,0.0,0.0,0.9151744773455204,0.0,0.0,0.9122749841726434,0.0,0.0,0.9729232668153073,0.0,0.9482440033047863,0.9058368708719596,0.9283427599029985,0.0,0.0,0.0,0.9342484012467495,0.0,0.0,0.0,0.0,0.0,0.9641978028549144,0.0,0.9297956815545172,0.0,0.0,0.0,0.9044650244087455,0.0,0.0,0.0,0.0,0.9412125134290626,0.9495583410672366,0.0,0.0,0.9057632863698977,0.0,0.9963737468688028,0.0,0.0,0.9249638158274176,0.0,0.0,0.9438164789062276,0.0,0.9096344123720802,0.9244988037427904,0.9274595979003991,0.0,0.9441474168467255,0.9355092124675295,0.0,0.0,0.0,0.0,0.0,0.9292017984714607,0.0,0.0,0.9437672169551994,0.0,0.0,0.0,0.0,0.0,0.0,0.9385631119458897,0.0,0.0,0.9267611505596048,0.8964901677056775,0.0,0.0,0.0,0.0,0.0,0.9315523780665865,0.9407629478312637,0.0,0.9503954315998631,0.0,0.8809161043352538,0.9272287617558013,0.0,0.9206895394295775,0.0,0.9255342579190674,0.9528058963086646,0.0,0.9310880955569708,0.0,0.965751632140698,0.0,0.0,0.0,0.9526426423403971,0.0,0.0,0.9482406890494869,0.9232223513114474,0.0,0.9386138193393796,0.0,0.0,0.9674376836757455,0.0,0.0,0.0,0.9281162323041652,0.9169012799022461,0.9230126718282535,0.0,0.0,0.0,0.9495473484649285,0.0,0.0,0.0,0.0,0.9336380434997129,0.0,0.0,0.0,0.0,0.9140471777092105,0.9536160249646826,0.9146572495243092,0.0,0.0,0.0,0.0,0.9392813949254434,0.0,0.0,0.0,0.0,0.0,0.0,0.9377477768595139,0.0,0.94929211972163,0.0,0.0,0.0,0.0,0.9101953526776287,0.940869880000674,0.0,0.9402547963235518,0.0,0.9408811454942078,0.9075689205057539,0.0,0.0,0.0,0.9325214002150889,0.0,0.0,0.9488216947651156,0.0,0.0,0.8907342091754004,0.0,0.9318394237776901,0.0,0.0,0.0,0.0,0.0,0.0,0.0,0.8840700313616038,0.0,0.9214152673915416,0.0,0.9290737849185507,0.9290151576029844,0.0,0.9592757791232306,0.8953539939630221,0.0,0.9000600794711552,0.982047746282867,0.9274958194676243,0.9388858812747344,0.0,0.0,0.0,0.0,0.0,0.0,0.9290846402942589,0.0,0.0,0.9480916225259599,0.0,0.0,0.0,0.9342984651674301,0.91279537396922,0.0,0.9174594610016447,0.0,0.0,0.0,0.0,0.0,0.9411620844137157,0.0,0.0,0.0,0.0,0.9695921669558043,0.9529158644366745,0.0,0.9207205153585017,0.0,0.0,0.9091163792119399,0.0,0.0,0.927919004424907,0.0,0.9452918543212024,0.9528522598058788,0.9613169381904286,0.9154120750018232,0.0,0.9732301832742909,0.0,0.8968116409706275,0.0,0.0,0.932730588329481,0.0,0.0,0.0,0.0,0.0,0.0,0.0,0.0,0.0,0.0,0.9621498639399451,0.9390497309913143,0.9351360776762989,0.0,0.0,0.9277534392636665,0.0,0.0,0.0,0.0,0.0,0.0,0.0,0.0,0.9272714472139514,0.0,0.0,0.0,0.9036233541324225,0.9473313868594853,0.0,0.9369467800118074,0.0,0.9155980389552042,0.0,0.9477001229923918,0.0,0.9139146209804011,0.0,0.0,0.955111054093755,0.9566646437300093,0.9389939378481189,0.0,0.9301264203699918,0.9519651490475152,0.0,0.0,0.9501260646183022,0.0,0.0,0.9084322735454354,0.9265260818621327,0.9620394927191657,0.9338789699583796,0.0,0.0,0.0,0.0,0.0,0.9554963950236174,0.0,0.0,0.9013949336437747,0.0,0.0,0.0,0.0,0.0,0.0,0.0,0.9464659240676083,0.0,0.0,0.9427924284114515,0.0,0.0,0.9366683441536395,0.0,0.9594925104270629,0.9256058436336811,0.9712185597247223,0.0,0.0,0.0,0.9032348569446915,0.0,0.951834215546066,0.0,0.0,0.9309597503923102,0.0,0.0,0.0,0.0,0.0,0.0,0.0,0.0,0.9543027586382551,0.0,0.0,0.0,0.0,0.9576987849107109,0.0,0.0,0.9661250326844298,0.90976314172816,0.0,0.0,0.0,0.0,0.0,0.0,0.9648415634110216,0.0,0.9228517207896061,0.8796307993312434,0.0,0.9578338598063784,0.9710286770748121,0.0,0.9091230492514988,0.0,0.0,0.905673255276011,0.0,0.894563819576635,0.0,0.9413226194821194,0.9113383042434885,0.0,0.9497251811111377,0.970874600280132,0.9260775617795063,0.0,0.9479368446987403,0.0,0.9405779643116311,0.0,0.0,0.0,0.0,0.0,0.0,0.0,0.0,0.0,0.0,0.0,0.0,0.0,0.9313660372857264,0.0,0.0,0.0,0.917323519482416,0.0,0.0,0.8965418649339291,0.0,0.935652314290013,0.0,0.0,0.0,0.0,0.0,0.0,0.9497506133763368,0.0,0.0,0.0,0.9678144474212392,0.0,0.9036583699524472,0.9531361121565916,0.9207610656559735,0.0,0.0,0.0,0.0,0.0,0.0,0.9669190586027432,0.0,0.0,0.0,0.8906375234654818,0.0,0.0,0.9328092559453984,0.0,0.9174576745977108,0.0,0.0,0.9777453443752129,0.9180606303354949,0.0,0.0,0.0,0.0,0.0,0.0,0.0,0.9525466970966239,0.9184512570129597,0.0,0.9531077023287026,0.0,0.0,0.9462933660957435,0.9646201233015129,0.0,0.9745416579585621,0.9365797047948073,0.0,0.0,0.0,0.9674890763445222,0.0,0.0,0.9260892015331751,0.0,0.9526480186297382,0.0,0.9319255870346355,0.0,0.0,0.0,0.0,0.0,0.0,0.0,0.0,0.9216462385067183,0.0,0.0,0.0,0.0,0.9348508060927581,0.9577640814128054,0.0,0.0,0.0,0.9248911375407991,0.0,0.0,0.0,0.0,0.0,0.0,0.0,0.0,0.0,0.0,0.9414746520737093,0.9142312604158186,0.0,0.0,0.9821481658497111,0.9325594551854722,0.9594378301303055,0.0,0.9402160696205932,0.9550119316791684,0.9784739497032809,0.0,0.0,0.9639993226378054,0.0,0.921291947625452,0.0,0.9270521089339302,0.0,0.9558934179722051,0.0,0.0,0.9244942649775657,0.0,0.0,0.0,0.0,0.9442879388891657,0.9225889530037219,0.9230132897880067,0.0,0.9579127142981136,0.9276091580356423,0.0,0.9351148648462628,0.0,0.0,0.0,0.0,0.0,0.9133255850910839,0.0,0.9403752213333448,0.0,0.0,0.959156627910458,0.0,0.0,0.9440038134225521,0.9269389167809503,0.0,0.0,0.9612686119095151,0.0,0.9810978942054986,0.9262904186707698,0.0,0.0,0.0,0.9397196513048538,0.0,0.0,0.0,0.0,0.0,0.0,0.0,0.9420261692183421,0.0,0.8976482296297343,0.9505686286487809,0.0,0.9309370277568402,0.984224267537899,0.9391410358818243,0.0,0.0,0.91191184335997,0.0,0.0,0.0,0.920090314677317,0.0,0.0,0.0,0.9587724877000326
0.0,0.0,0.9522856927279602,0.0,0.0,0.0,0.0,0.0,0.0,0.0,0.0,0.964574664830752,0.0,0.0,0.9251581269132159,0.9237779732808542,0.0,0.0,0.933249061120826,0.0,0.9412055149435075,0.0,0.9678709461260544,0.0,0.0,0.0,0.9781900362358877,0.0,0.9713490729505783,0.0,0.9631157621857948,0.0,0.0,0.9590550116512101,0.0,0.0,0.0,0.9689052007734584,0.9605643330390637,0.9707471849925569,0.0,0.0,0.9650329263319772,0.9273413735988418,0.9560323227630404,0.9454059061693657,0.0,0.9599068640379957,0.9552569438426284,0.0,0.0,0.0,0.0,0.9442097392539377,0.9226009328908341,0.0,0.0,0.949363221012462,0.9716496300339759,0.0,0.0,0.0,0.0,0.9336871270825581,0.0,0.9493014877348326,0.0,0.9656838434807802,0.0,0.0,0.9543188490846621,0.0,0.9273307768742184,0.0,0.0,0.0,0.9500564305799812,0.9512199094520993,0.0,0.0,0.9833264944640849,0.0,0.9214530637427484,0.9246653270667151,0.9551529396530712,0.0,0.0,0.9459734825218111,0.9426270150724789,0.0,0.0,0.0,0.0,0.9624232664725079,0.0,0.9500425207979458,0.9438656387149641,0.0,0.0,0.0,0.9672270246941365,0.0,0.0,0.0,0.0,0.9495251603638855,0.0,0.9609547577964017,0.0,0.9451196226244732,0.0,0.0,0.9790527674168886,0.0,0.9173412279607865,0.9484945166866937,0.9224429996984318,0.9298157540201705,0.0,0.0,0.0,0.9748978852984221,0.9370645119018283,0.0,0.9358963194297799,0.0,0.0,0.0,0.9302298622094528,0.0,0.9624100388068999,0.0,0.0,0.9195872953354286,0.9139757377347907,0.9303171419901644,0.9352012581906151,0.0,0.9161225833285339,0.0,0.0,0.9269939794298429,0.8863084738151948,0.0,0.9531353583041734,0.0,0.0,0.0,0.0,0.9529077841970167,0.9658250598185563,0.0,0.0,0.0,0.9274992862994224,0.9212899335983387,0.0,0.0,0.0,0.0,0.0,0.9736212274409128,0.9568244218342912,0.9028508445153682,0.0,0.9370354364376982,0.9173101691483222,0.0,0.0,0.0,0.0,0.9963638232488944,0.9402226544906798,0.945207120643653,0.0,0.9849371106379724,0.9625285373541873,0.0,0.0,0.0,0.0,0.9774063290799542,0.9387045192281293,0.0,0.0,0.0,0.0,0.0,0.0,0.9454131966043463,0.0,0.0,0.9446378752080083,0.0,0.9825996901618366,0.9689783594721169,0.9319733980063772,0.0,0.0,0.996992394479365,0.0,0.0,0.0,0.0,0.0,0.0,0.0,0.0,0.0,0.9691684356442919,0.0,0.9188001829397044,0.956514179729753,0.0,0.0,0.9477113397335637,0.0,0.9636594425276586,0.0,0.949012777339353,0.0,0.0,0.0,0.0,0.0,0.0,0.0,0.0,0.9783962626383466,0.9419824069960016,0.0,0.0,0.9041749461453592,0.9502283230204447,0.0,0.0,0.9951162066073997,0.939677432466876,0.0,0.9045968972407309,0.0,0.0,0.0,0.0,0.0,0.0,0.9299302342442258,0.967340586947492,0.0,0.0,0.9114221464220663,0.9556889420475518,0.9333820242688416,0.0,0.0,0.9381033085373823,0.0,0.0,0.0,0.0,0.9270190991209358,0.0,0.9077504091051326,0.9539075742971574,0.0,0.9596222670713431,0.0,0.9051590205518446,0.973251307860151,0.0,0.9762008336182281,0.9420570111621663,0.9179804777840128,0.9147317139419505,0.9574568567870996,0.944553279784011,0.0,0.0,0.0,0.0,0.0,0.0,0.928036339657568,0.0,0.0,0.0,0.0,0.0,0.9242046289515646,0.0,0.9497275160548303,0.0,0.0,0.8960012317983457,0.0,0.0,0.0,0.0,0.0,0.0,0.0,0.0,0.0,0.0,0.9267191916794214,0.0,0.9899876133535039,0.0,0.0,0.0,0.9557174695918498,0.0,0.0,0.0,0.0,0.9266898312064875,0.9257155274155929,0.0,0.0,0.0,0.0,0.0,0.0,0.0,0.9431251960379395,0.0,0.0,0.0,0.0,0.9171844349611702,0.9197039058764254,0.9560794955644522,0.0,0.0,0.0,0.0,0.926703701706355,0.0,0.0,0.0,0.9633550448919814,0.0,0.0,0.0,0.0,0.0,0.0,0.9764376675262693,0.0,0.9742986371307928,0.0,0.9743404800403127,0.0,0.0,0.9590450760243618,0.0,0.9586734418925363,0.0,0.0,0.0,0.0,0.9932200025265382,0.0,0.0,0.0,0.0,0.0,0.9532309878032715,0.0,0.9300039484713876,0.8931111568063739,0.9538602341479034,0.0,0.0,0.9457253244980014,0.9360188686556175,0.9468168581644415,0.9201201073871035,0.0,0.0,0.9619683935481103,0.0,0.0,0.0,0.9428627269354373,0.9550523170294042,0.0,0.0,0.9645732635025176,0.9795431645234515,0.0,0.9704970173881377,0.9333732873596571,0.0,0.0,0.936518689945357,0.0,0.0,0.0,0.0,0.0,0.9431939557030609,0.9618890815528002,0.0,0.9362894177434473,0.9298542637533155,0.0,0.0,0.0,0.9480180973282796,0.0,1.001160746105645,0.0,0.8786334380500808,0.9114153389944136,0.0,0.9466106297190959,0.0,0.0,0.0,0.0,0.0,0.0,0.0,0.9530146574213497,0.8928270762706025,0.0,0.0,0.0,0.0,0.0,0.0,0.0,0.9601182382373041,0.0,0.9759015857187402,0.0,0.0,0.0,0.0,0.0,0.0,0.9568228632410244,0.0,0.9081682705270266,0.0,0.0,0.0,0.0,0.0,0.9694686456606287,0.9338373963286979,0.0,0.0,0.0,0.9347261343033038,0.0,0.9558897342429267,0.9327550481815604,0.0,0.9675543434713013,0.0,0.9549736584898416,0.9595491804138834,0.8935957564100817,0.0,0.0,0.0,0.0,0.0,0.0,0.0,0.0,0.9721721373447622,0.0,0.0,0.9598662646383816,0.9550530150224918,0.0,0.0,0.0,0.0,0.9640247153976873,0.9439061828145727,0.0,0.0,0.0,0.0,0.0,0.9666389200127334,0.0,0.0,0.9583627056889322,0.0,0.9603046923022309,0.0,0.9834580709804795,0.0,0.9533945333329152,0.9282423955822156,0.0,0.0,0.0,0.0,0.0,0.0,0.0,0.0,0.0,0.0,0.945551590946948,0.9195931428974184,0.0,0.0,0.0,0.931380089506042,0.0,0.9582247449664644,0.0,0.9668335433218843,0.9386079910571534,0.0,0.0,0.0,0.9333511623193126,0.0,0.0,0.0,0.0,0.0,0.0,0.0,0.9290551125082607,0.9113022613923311,0.9462658685595914,0.0,0.0,0.0,0.9239046474326033,0.9468952466954504,0.0,0.0,0.9400599658050536,0.0,0.0,0.0,0.0,0.926241985371431,0.9567997262606852,0.0,0.0,0.0,0.9339512890985151,0.9410507146215072,0.9419544083932482,0.0,0.0,0.9085451314410391,0.0,0.0,0.0,0.0,0.0,0.9541503960637095,0.0,0.9217192584562856,0.9335019578098691,0.0,0.949057794781208,0.9921965878697825,0.0,0.960458626474985,0.9713169463472681,0.9399572460398383,0.9697087360717545,0.0,0.0,0.9332403169639367,0.9705000713321383,0.9754716484768913,0.0,0.9431898041740917,0.0,0.9364258477073976,0.0,0.0,0.0,0.0,0.0,0.0,0.0,0.0,0.947249995390791,0.0,0.9785695255506316,0.9716280179437966,0.9780793728575058,0.9882741502664999,0.0,0.9375806157690993,0.0,0.9575197886011665,0.0,0.0,0.0,0.8979883041860738,0.9527936521104565,0.9631999533992752,0.9573866282337417,0.0,0.0,0.9698408130867128,0.0,0.0,0.0,0.9045828579019843,0.0,0.0,0.8897803829445415,0.0,0.0,0.9716758244223372,0.0,0.0,0.9473841933284641,0.0,0.0,0.0,0.0,0.0,0.9762545804641385,0.9657081455229606,0.0,0.0,0.0,0.0,0.0,0.9421031755996787,0.9344209429306204,0.0,0.9435407291018653,0.0,0.9551726196117585,0.0,0.0,0.0,0.9666914544274502,0.9455480509819002,0.0,0.0,0.0,0.9489664936086196,0.0,0.0,0.9391976245275673,0.0,0.0,0.9250608793711718,0.0,0.9293639410599954,0.0,0.0,0.0,0.0,0.0,0.945728222645106,0.9423025097126267,0.0,0.9422348142605607,0.0,0.0,0.944170075149926,0.0,0.9303337367492327,0.8928513862632811,0.0,0.0,0.9514908193357196,0.9278493944869898,0.0,0.9000442696649722,0.9416570614782612,0.0,0.9730161086989627,0.0,0.0,0.0,0.9381520329340078,0.8872087877065266,0.980006883526162,0.0,0.0,0.0,0.0,0.0,0.9120401755389191,0.0,0.0,0.9244973372253176,0.0,0.9425379181010056,0.0,0.0,0.9483029459064019,0.9029424063632052,0.9516451996601656,0.0,0.9517637102539989,0.939602337113841,0.0,0.0,0.0,0.0,0.0,0.9321542461136411,0.0,0.0,0.9102697812447136,0.9227622710140596,0.0,0.0,0.0,0.0,0.0,0.9608248356287679,0.9647164255388632,0.0,0.9545988337800714,0.0,0.0,0.9044373382641969,0.9484582880281929,0.9512711659267403,0.0,0.902438065025971,0.0,0.0,0.935914424433012,0.9457470667576563,0.9267195048521787,0.0,0.0,0.9730053230744455,0.9443029926032211,0.9292801341230271,0.0,0.9305198710070887,0.0,0.9314258288042981,0.9517264235488853,0.9541159176359134,0.9344144560815244,0.0,0.0,0.0,0.0,0.0,0.9668436977224674,0.0,0.0,0.0,0.9263462491734764,0.0,0.0,0.0,0.9352299759393394,0.9360706793440097,0.0,0.0,0.0,0.925309119413198,0.0,0.0,0.0,0.0,0.0,0.9826505766687991,0.0,0.9577798863394253,0.0,0.9165422252464738,0.0,0.0,0.9426693635867178,0.9730198984616729,0.0,0.9409280193767353,0.0,0.9704805512551795,0.0,0.0,0.0,0.9672458661819406,0.9841088134033461,0.0,0.0,0.0,0.930587223395884,0.9468428191030529,0.9743508605974461,0.0,0.0,0.0,0.9228824285764506,0.0,0.0,0.9718974578443951,0.0,0.9632285206684803,0.0,0.9320778969556581,0.0,0.0,0.0,0.0,0.0,0.0,0.9681888999771809,0.0,0.0,0.0,0.0,0.0,0.9643959060871611,0.9437428248231037,0.0,0.9616822045425925,0.0,0.9199914728908931,0.0,0.0,0.0,0.0,0.9475285256713497,0.9687562483880503,0.0,0.9249926929354124,0.0,0.0,0.0,0.0,0.9703448426546722,0.0,0.0,0.9179733823115138,0.9645468012217298,0.9267330953655459,0.0,0.0,0.0,0.9709095485631472,0.9522832592386232,0.8817682660256032,0.9702594194279216,0.0,0.9416758188298927,0.0,0.0,0.9456305785947972,0.0,0.9689195507990664,0.9589888535713107,0.0,0.9757218538390634,0.9015440678293155,0.0,0.9323221073967798,0.9114371418350351,0.0,0.0,0.9632781791200739,0.0,0.0,0.9454341611260979,0.8837080441408383,0.0,0.0,0.0,0.0,0.9175564940944968,0.9368094912636316,0.0,0.0,0.0,0.0,0.9556908340830279,0.0,0.0,0.0,0.0,0.0,0.0,0.0,0.0,0.953022024023506,0.0,0.0,0.908445059047918,0.0,0.9705559980353659,0.0,0.0,0.9253815263173225,0.9500413830489725,0.9722384243917837,0.0,0.0,0.0,0.9827582257546303,0.0,0.9334184302722205,0.0,0.0,0.0,0.0,0.0,0.945108464787505,0.0,0.0,0.9776821541096895,0.0,0.0,0.9054534134780685,0.0,0.966488239019479,0.0,0.0,0.909934691278046,0.0,0.9943578925663369,0.0,0.0,0.0,0.0,0.0,0.0,0.9715172436501163,0.9911752115171071,0.0,0.0,0.0,0.0,0.9344874061058427,0.0,0.0,0.9489820364073652,0.9882838799267876,0.0,0.0,0.0,0.0,0.9387641255547611,0.9782422503209093,0.0,0.0,0.95794049528065,0.9392497100052625,0.0,0.0,0.945039827238681,0.0,0.0,0.9452898067571638,0.0,0.0,0.9603375986293985,0.0,0.9423751603620063,0.9655591590947967,0.9763880733496486,0.0,0.0,0.0,0.9790496797491463,0.0,0.0,0.0,0.0,0.0,0.0,0.0,0.955436844943879,0.0,0.0,0.0,0.0,0.0,0.0,0.9431164892719814,0.0,0.9511981488125604,0.0,0.0,0.0,0.0,0.9601707008716448,0.9312326205502411,0.0,0.0,0.0
0.0,0.0,0.0,0.0,0.0,0.0,0.9516905636692193,0.0,0.9173492302810219,0.0,0.0,0.9359772520874202,0.0,0.8948270245311062,0.0,0.9100243911898551,0.9962155636196468,0.0,0.9364914306324802,0.0,0.0,0.0,0.9243379060298699,0.0,0.0,0.0,0.0,0.9033581264234902,0.9589843704039791,0.0,0.0,0.0,0.0,0.0,0.947252320857229,0.938349938094319,0.0,0.0,0.9403709811634613,0.9591664682748934,0.9233770286800009,0.0,0.0,0.9296860699392574,0.9218891709426618,0.0,0.0,0.0,0.919056011852092,0.0,0.0,0.0,0.9090775658963514,0.913486847372045,0.0,0.0,0.0,0.0,0.9464168427392161,0.0,0.0,0.0,0.0,0.0,0.0,0.0,0.9350357992768011,0.9289976196980659,0.9273384876715762,0.0,0.0,0.0,0.9131464020627021,0.9250281072416668,0.9546632452288953,0.0,0.9450086814194991,0.9143137750982713,0.9620027037838964,0.0,0.0,0.9383820716789472,0.0,0.0,0.0,0.0,0.0,0.0,0.0,0.0,0.9662338594004436,0.9413625338846041,0.0,0.0,0.0,0.0,0.0,0.9383423946157144,0.0,0.0,0.0,0.0,0.941521935373422,0.0,0.9146568102386973,0.9072149032542092,0.9451816552556167,0.0,0.950415149972753,0.0,0.9254244627092045,0.0,0.9343659378371301,0.0,0.9037041629453535,0.0,0.0,0.0,0.900576860894462,0.0,0.9210794052394986,0.0,0.937539514260789,0.0,0.9437740314374173,0.9589664564738615,0.0,0.0,0.0,0.9261695777170612,0.0,0.0,0.9121998482727184,0.0,0.9562151576608816,0.0,0.9312822078050123,0.0,0.9370496699579448,0.0,0.0,0.9217893390362628,0.0,0.0,0.9480028579836208,0.0,0.0,0.0,0.9344849435590412,0.9546961381931519,0.9484183644780527,0.0,0.9189515759414623,0.0,0.0,0.9301423200526606,0.8944350165448536,0.9666165338396971,0.0,0.0,0.9645310455570077,0.9687402396177263,0.9383095496290333,0.0,0.9578191136309203,0.0,0.9515991423211877,0.9097430868080185,0.0,0.9284501884978669,0.0,0.0,0.0,0.0,0.0,0.0,0.0,0.9212546621403068,0.0,0.9450400212081823,0.9434468084549005,0.0,0.0,0.0,0.0,0.0,0.0,0.0,0.0,0.0,0.0,0.0,0.9225177078347105,0.0,0.0,0.9408216555829158,0.9544578720027058,0.0,0.0,0.0,0.0,0.96169318965983,0.9603270138441603,0.0,0.8902666310579698,0.9361300829743948,0.9336670658363899,0.9354752373355408,0.9474798142245833,0.9238841875689349,0.9424456879040164,0.9253632750194086,0.0,0.0,0.0,0.9566717648928315,0.0,0.0,0.9484646668137378,0.9371812847615015,0.9138873883885621,0.0,0.0,0.0,0.0,0.0,0.9663479842906874,0.9647514538036469,0.944611681530126,0.0,0.9452796161264939,0.9284697098564604,0.9325164671860349,0.0,0.9535580460591708,0.0,0.9315502726667152,0.0,0.9424922292733741,0.0,0.9185826924148928,0.9288268055068922,0.9036712646852298,0.9022792728441728,0.0,0.9517691338058081,0.0,0.943932142512966,0.0,0.93504180523389,0.9368653765720654,0.0,0.9560406345480632,0.0,0.0,0.9361704981528791,0.0,0.0,0.9411545425601813,0.0,0.8848420986823524,0.9395193782490456,0.0,0.9179529205597187,0.0,0.9621303973497681,0.0,0.0,0.0,0.9594986781337977,0.9276063779839382,0.0,0.0,0.0,0.0,0.9617581657782793,0.0,0.0,0.0,0.0,0.9333616388074775,0.0,0.0,0.9533008928945451,0.0,0.9274851902881727,0.0,0.0,0.9337178739861092,0.0,0.0,0.0,0.9587600332108094,0.0,0.0,0.9156364381624208,0.0,0.0,0.0,0.956737576223719,0.9262973786356635,0.9631209640815951,0.0,0.0,0.961150737249929,0.0,0.0,0.0,0.0,0.0,0.917410792702866,0.0,0.0,0.0,0.0,0.0,0.9556974228211268,0.9034282950370911,0.8873907778940215,0.0,0.0,0.0,0.0,0.9358710398625005,0.0,0.0,0.0,0.0,0.9170930510856072,0.0,0.9269330399742834,0.936541876979152,0.0,0.9282095133231465,0.9141871772735615,0.0,0.9593971899172724,0.0,0.9544449624870174,0.8903777901071043,0.0,0.9618165827477025,0.9466285710559528,0.9278417287698287,0.9252576931331036,0.0,0.0,0.9186669388439078,0.0,0.0,0.0,0.0,0.910436293287381,0.0,0.0,0.0,0.0,0.926297651299493,0.9396430416368439,0.0,0.0,0.9281948082230945,0.0,0.0,0.0,0.953048125579687,0.0,0.0,0.0,0.9431598896508877,0.9402267462759124,0.9559371434623827,0.9510129530158198,0.0,0.0,0.0,0.9154247308351765,0.9673376708675419,0.0,0.0,0.9306497167557684,0.0,0.9448968822592874,0.0,0.9203552641100635,0.9611818888819114,0.9469228866679977,0.0,0.9566395311810957,0.0,0.0,0.0,0.0,0.0,0.0,0.8941324792511266,0.942227389003604,0.9451586627223851,0.0,0.0,0.9638093629682823,0.0,0.9463371586133292,0.0,0.0,0.0,0.0,0.0,0.0,0.9466255635397398,0.0,0.9399782346200867,0.0,0.9389503920375935,0.0,0.0,0.0,0.0,0.0,0.9332744069745238,0.0,0.9455904533874345,0.9205027078289376,0.0,0.0,0.914271686968859,0.0,0.9503690169955544,0.0,0.9663693537221684,0.9418439810831128,0.0,0.0,0.9155918604752159,0.9583025679876899,0.0,0.9066028585487972,0.944028646841603,0.0,0.0,0.0,0.0,0.9319209510981762,0.0,0.9304660114630386,0.0,0.0,0.0,0.0,0.0,0.9358045181335873,0.0,0.0,0.0,0.9674670542962464,0.0,0.9288524076377437,0.0,0.0,0.0,0.0,0.9166838233080365,0.0,0.0,0.9226910716160287,0.0,0.0,0.0,0.0,0.9496166495161313,0.9368490084020014,0.0,0.0,0.9349317979863332,0.0,0.0,0.0,0.0,0.933586935443384,0.955307056862694,0.9491826770606132,0.0,0.0,0.9279012672136051,0.0,0.0,0.0,0.0,0.0,0.0,0.0,0.9244805729284022,0.0,0.9209659267799155,0.9321968037374482,0.0,0.0,0.0,0.0,0.9299169531207858,0.0,0.9354406756187829,0.0,0.0,0.0,0.9372368686483132,0.0,0.944341490979776,0.9508810911667864,0.0,0.9333713079613759,0.0,0.0,0.0,0.0,0.9727819630577265,0.0,0.9500952093170887,0.0,0.0,0.9443310871663211,0.0,0.0,0.9169615216335568,0.9369491348062623,0.0,0.0,0.0,0.0,0.0,0.0,0.0,0.9399039780124516,0.9204450381483594,0.0,0.0,0.0,0.0,0.0,0.9420766540505123,0.945397318253968,0.926636737827126,0.0,0.9276444499235137,0.9499827310127615,0.0,0.0,0.0,0.0,0.0,0.0,0.0,0.0,0.0,0.0,0.0,0.0,0.0,0.9349054154321524,0.0,0.0,0.9710627695003774,0.9020932065398347,0.0,0.9524153061259172,0.0,0.9392065775027579,0.0,0.0,0.9314915107280322,0.9395054829360284,0.9762151079495438,0.0,0.9378159847595187,0.0,0.9204510066212561,0.0,0.0,0.0,0.8829763457465474,0.0,0.0,0.0,0.9526706490156088,0.0,0.9317264003589151,0.9380288365785145,0.917403466054367,0.957233155108843,0.0,0.0,0.0,0.0,0.0,0.9330108579491317,0.0,0.0,0.9643065274801143,0.0,0.9406801079711039,0.9002488521748596,0.0,0.0,0.9558329942641892,0.9277466188348191,0.8995581222523977,0.9363643804233054,0.0,0.0,0.0,0.9617279599379513,0.9092102984516042,0.0,0.9279777150414773,0.0,0.931865697560484,0.0,0.0,0.9149774351629167,0.0,0.0,0.0,0.0,0.9571229773244397,0.0,0.929268566335306,0.0,0.0,0.0,0.9541133794953404,0.9480202799018684,0.0,0.9502541364534199,0.0,0.0,0.0,0.9650212080303081,0.960377426623911,0.0,0.9245261289892768,0.0,0.0,0.0,0.9328292680539485,0.0,0.0,0.9549310669710147,0.9471475128825747,0.9378930242181296,0.0,0.8816421898664193,0.0,0.9324769181626991,0.0,0.9183802444363466,0.0,0.9427015086238953,0.946193306029481,0.0,0.0,0.9448805484618221,0.0,0.9280562023864221,0.9546263882541153,0.9432169607860611,0.0,0.9412192363576669,0.0,0.0,0.0,0.9877118524291396,0.0,0.0,0.9770641352325818,0.0,0.0,0.9320750492762101,0.9379992462888816,0.0,0.0,0.9139072892271973,0.9716089408907211,0.9554043367849862,0.0,0.0,0.9009259879187225,0.9505491965117849,0.0,0.9476493939698316,0.0,0.9562184019898409,0.9651380083373444,0.955521242518981,0.9838955717102029,0.0,0.9138518239748681,0.0,0.0,0.926080319391724,0.0,0.0,0.0,0.0,0.9113541143358307,0.0,0.0,0.0,0.9344562034986742,0.9530965575597642,0.0,0.0,0.0,0.0,0.0,0.0,0.0,0.0,0.0,0.9285975713426137,0.0,0.0,0.9329182922787924,0.0,0.9659417130586768,0.9537555365296374,0.0,0.9503369724513133,0.9438700781225124,0.9308371001951854,0.0,0.9377503927438122,0.9186173320509117,0.9269899425392948,0.0,0.0,0.0,0.9611140063770319,0.9257075127278965,0.0,0.0,0.9381138700738549,0.0,0.0,0.9162697276463786,0.0,0.960455817277896,0.9485471082760681,0.0,0.0,0.0,0.9173006904698175,0.9936137519457258,0.9454494351476744,0.0,0.9521395035786259,0.0,0.0,0.0,0.0,0.0,0.0,0.0,0.0,0.0,0.974812835570185,0.0,0.9185507811871612,0.896497359518745,0.0,0.0,0.9156199354465737,0.0,0.0,0.0,0.9317560234155002,0.0,0.9501373836493808,0.9484117866124956,0.9551867681567162,0.958256189102721,0.0,0.0,0.0,0.9400156250776799,0.0,0.0,0.9441608549897603,0.9291202306956937,0.9410541118852923,0.9237381003284613,0.0,0.0,0.0,0.9602396118306854,0.9134849544093123,0.9544676473336702,0.0,0.0,0.0,0.0,0.0,0.0,0.0,0.9212724954700364,0.0,0.9377183927305693,0.0,0.9462146784830869,0.0,0.0,0.0,0.950854889798034,0.0,0.0,0.0,0.9137306456773298,0.0,0.0,0.9706590831887838,0.0,0.9390269059977185,0.0,0.9555495425620004,0.9755753537720188,0.0,0.0,0.0,0.0,0.0,0.9424668306158159,0.9481519757032291,0.9088669145410717,0.0,0.0,0.0,0.0,0.9755397365471974,0.0,0.0,0.0,0.0,0.0,0.0,0.0,0.9240718131199446,0.9421740438609054,0.937752777592674,0.0,0.9221832583980814,0.9160954611308707,0.9076298734915244,0.9714929501829866,0.9416232738092852,0.9472457761005632,0.0,0.9229982309926604,0.9409766533201661,0.9446379948661774,0.0,0.959247171337944,0.0,0.9653635239503373,0.0,0.9643733499101107,0.9130711372592689,0.9695486269740178,0.9629756165566182,0.0,0.9068301982297649,0.0,0.0,0.0,0.0,0.9471179028400887,0.92828993337494,0.0,0.0,0.0,0.0,0.9347125613778325,0.9324155997228766,0.0,0.9376543443433293,0.8989230603260246,0.0,0.0,0.0,0.0,0.9259428319531474,0.0,0.0,0.9510961589890802,0.9285151554031189,0.9267092137200755,0.9102532544480318,0.0,0.0,0.8973932931950789,0.9255446974492475,0.0,0.0,0.0,0.945632642441001,0.9563828387079075,0.0,0.0,0.0,0.0,0.0,0.0,0.0,0.0,0.9363000337794556,0.0,0.9511985736586246,0.0,0.0,0.0,0.9445926431735681,0.9257584169918183,0.0,0.0,0.9021833719015522,0.0,0.0,0.0,0.0,0.9118368571912459,0.0,0.0,0.0,0.0,0.929686960140565,0.9197937891618954,0.0,0.0,0.935578551759446,0.9342386665469977,0.0,0.0,0.0,0.0,0.9381695797409964,0.0,0.0,0.0,0.0,0.0,0.0,0.9444810835850669,0.0,0.9214450578674773,0.0,0.0,0.0,0.0,0.0,0.0,0.0,0.0,0.0,0.0,0.0,0.0,0.0,0.0,0.9472326850325474,0.0,0.9541034687512879,0.9540661844798264,0.0,0.0,0.0,0.9449656334803301,0.0,0.0,0.9512652453218079,0.0,0.0,0.0,0.9604591742973841,0.0,0.0,0.0,0.9755576505360133,0.0,0.9414442129987988,0.9305802165285314,0.0,0.9320638063738974,0.0,0.9316747728322234,0.0,0.0,0.9381148773726484,0.9463476635320764,0.9207726580815206,0.0,0.9689152537661413,0.0
0.0,0.0,0.8368219654424298,0.0,0.0,0.0,0.7917300576876254,0.0,0.0,0.0,0.0,0.8435463213115543,0.0,0.0,0.0,0.8644214181720219,0.0,0.8275236895312403,0.0,0.7916377591256516,0.802462747917925,0.8385822050544166,0.8654945694251026,0.0,0.8090212945721572,0.809408963267241,0.0,0.0,0.0,0.8712895846158428,0.8079728055002185,0.0,0.0,0.0,0.0,0.0,0.8374223266561764,0.8576720822165691,0.8738921559901935,0.8137254778599915,0.8434999708364305,0.8187089062207017,0.815917476967107,0.82283918210462,0.8201502742696782,0.0,0.0,0.8627732446244996,0.0,0.8558567207069243,0.0,0.0,0.8457105775704195,0.0,0.8501492264636324,0.0,0.768525188758306,0.0,0.7942963515483746,0.8584988233809452,0.0,0.0,0.8554465811672277,0.817672345173098,0.0,0.8679728665095227,0.843221924713355,0.8591479432002214,0.0,0.8095294336674906,0.7886506602989136,0.0,0.8458260607133402,0.0,0.0,0.0,0.0,0.824867344282826,0.0,0.0,0.8607076263085822,0.0,0.8199226206308541,0.8190372759302265,0.0,0.8432360647254508,0.0,0.8298293418998683,0.0,0.85684161024068,0.0,0.0,0.0,0.0,0.0,0.8479959302477973,0.0,0.0,0.0,0.0,0.849155768641486,0.0,0.8388883135536871,0.0,0.8169705542651027,0.8839076201469896,0.8437575559989852,0.0,0.0,0.0,0.0,0.8169096126252788,0.0,0.0,0.0,0.8940549432060072,0.0,0.0,0.0,0.0,0.0,0.8426254718810667,0.0,0.0,0.0,0.0,0.0,0.0,0.8401647529927389,0.0,0.0,0.0,0.8105778057957297,0.0,0.0,0.0,0.8561523271653649,0.0,0.8791085463163217,0.8531960163078515,0.0,0.8377417332670813,0.0,0.0,0.8419641441253153,0.0,0.0,0.0,0.0,0.0,0.8397617613108316,0.0,0.0,0.8174827884831252,0.8578600129462018,0.0,0.0,0.0,0.0,0.0,0.0,0.0,0.8537327612388895,0.0,0.0,0.0,0.8277092648677536,0.0,0.8520694493273793,0.840981382933886,0.7892801773015027,0.8485649180071889,0.7956990210589269,0.0,0.8177552170794705,0.0,0.0,0.8604399341209475,0.0,0.0,0.8361341819428455,0.0,0.0,0.0,0.0,0.0,0.8123768477765423,0.0,0.0,0.8117862218154996,0.0,0.8377472570976491,0.8988552924593796,0.0,0.0,0.0,0.0,0.8235587991171023,0.8395965326366844,0.8184396197250543,0.0,0.835377904083063,0.0,0.0,0.8422210221138361,0.7985848801845116,0.0,0.0,0.0,0.7956810482121563,0.0,0.0,0.0,0.0,0.0,0.8522810494012067,0.0,0.8260860542929217,0.8487614955822221,0.7960929932456903,0.0,0.0,0.0,0.0,0.7675119455653022,0.8409225330790113,0.8276855126141605,0.0,0.0,0.0,0.0,0.0,0.8585418631913888,0.0,0.8147717613480505,0.0,0.0,0.0,0.8354607339271072,0.8338284768632197,0.0,0.7950993748321669,0.8574408284151772,0.8880067693172459,0.8313884247073416,0.8337291659028183,0.0,0.0,0.0,0.0,0.8481502022143262,0.0,0.7818730246786089,0.7828379633346607,0.8096845687390409,0.0,0.0,0.0,0.0,0.0,0.0,0.0,0.8580464175212386,0.0,0.8420071547799352,0.8357141339080233,0.0,0.8619842285790105,0.0,0.0,0.7733928255145956,0.0,0.8695867303366622,0.0,0.0,0.0,0.0,0.0,0.0,0.0,0.8621666454962372,0.8539089279518809,0.0,0.0,0.0,0.8468245639756784,0.0,0.8433630794901628,0.0,0.0,0.7874207074672886,0.0,0.0,0.8507688674264315,0.0,0.0,0.0,0.0,0.0,0.0,0.0,0.0,0.0,0.0,0.0,0.0,0.8621743687019062,0.7962176535304966,0.0,0.0,0.891154929639248,0.8505354986958283,0.0,0.0,0.8341114392044873,0.0,0.0,0.8322707899606948,0.8728462380164957,0.0,0.0,0.0,0.0,0.8250746396679128,0.8347171879757431,0.0,0.0,0.0,0.0,0.0,0.8413012784918531,0.8946178001949872,0.854373246193195,0.0,0.8654311052304879,0.0,0.0,0.0,0.8496825205140863,0.0,0.0,0.8662530169552776,0.0,0.0,0.0,0.8434160067341865,0.0,0.0,0.0,0.0,0.0,0.0,0.0,0.0,0.0,0.8388315464481424,0.8442663830215319,0.8064876050902517,0.0,0.8124945516982286,0.0,0.0,0.0,0.0,0.8262192750908908,0.0,0.8398454963668242,0.8236330604345532,0.8008110821822628,0.8160076489564682,0.0,0.8006857326859543,0.0,0.0,0.8403096424188027,0.8039823341194904,0.831967852619029,0.0,0.0,0.0,0.8266955390723231,0.8582417771896382,0.0,0.0,0.8308122367881141,0.0,0.0,0.0,0.0,0.0,0.0,0.0,0.0,0.0,0.8492777196015814,0.8168546225996905,0.0,0.0,0.0,0.0,0.8356306130481929,0.0,0.8329057214939054,0.0,0.8913705323913774,0.8269844900924478,0.0,0.8675531311748107,0.8137708314320987,0.0,0.0,0.0,0.0,0.0,0.0,0.8167430469394626,0.0,0.0,0.0,0.9050068233607895,0.0,0.0,0.8335177875773644,0.0,0.0,0.8577797136304975,0.0,0.0,0.0,0.8315537361168833,0.7954077371442021,0.0,0.0,0.805824022643809,0.8003427802914577,0.0,0.8179589013348713,0.7868570583012464,0.8365188691948691,0.0,0.0,0.0,0.0,0.847859338838279,0.0,0.0,0.0,0.8135009816002653,0.8265434619851867,0.0,0.0,0.0,0.0,0.0,0.0,0.8065464015066791,0.8686291603620828,0.8447390148568428,0.0,0.0,0.8592163135671199,0.0,0.0,0.0,0.0,0.0,0.0,0.0,0.0,0.8812763168923168,0.8612069438362883,0.0,0.0,0.0,0.0,0.0,0.0,0.0,0.834621613696123,0.0,0.0,0.0,0.0,0.0,0.0,0.0,0.0,0.0,0.0,0.8294458643431046,0.835315143244665,0.0,0.0,0.0,0.0,0.8014356823635329,0.7723511332463134,0.7940630238957156,0.0,0.850398130926453,0.0,0.0,0.8597664481414108,0.8448485836519459,0.8254572217874803,0.0,0.8100273890924256,0.8723550713702513,0.8548475466223456,0.813596935781597,0.0,0.8150157479084119,0.0,0.0,0.0,0.8415063814311387,0.0,0.0,0.0,0.0,0.8635281714649012,0.8280896244907983,0.8236924986324501,0.8113410850153702,0.8735170702106022,0.0,0.0,0.8221575491319751,0.813520546852334,0.0,0.0,0.0,0.0,0.0,0.7748255636844199,0.0,0.0,0.0,0.0,0.8119059576979895,0.0,0.8676493903193665,0.8258264752512813,0.0,0.7922113573298982,0.0,0.8725087074886895,0.0,0.0,0.0,0.0,0.8396667886442126,0.0,0.0,0.8138287152730923,0.0,0.0,0.0,0.8229057293783661,0.0,0.0,0.0,0.0,0.0,0.8666983289804324,0.0,0.0,0.8732945973070947,0.8074997362835247,0.0,0.0,0.0,0.0,0.0,0.8111121246680938,0.8353591624030482,0.0,0.0,0.0,0.0,0.0,0.7873456842118841,0.0,0.8071654006967838,0.0,0.0,0.8212781398054518,0.8666860475487006,0.0,0.0,0.0,0.8312138417592876,0.0,0.0,0.0,0.0,0.0,0.8172658131446459,0.0,0.8480902684802166,0.0,0.0,0.8434246733866881,0.0,0.0,0.0,0.0,0.0,0.0,0.8424998268284281,0.7977392260598603,0.0,0.0,0.0,0.8798681752511762,0.0,0.0,0.0,0.8179906280051206,0.0,0.0,0.0,0.0,0.0,0.0,0.0,0.0,0.8047254478150998,0.8218478070228576,0.0,0.0,0.0,0.8423112398166656,0.0,0.0,0.0,0.8380773370296684,0.790279690247185,0.0,0.0,0.8345803961977805,0.0,0.0,0.0,0.0,0.8588792664417771,0.0,0.0,0.0,0.7958435919316824,0.0,0.0,0.0,0.0,0.0,0.0,0.0,0.0,0.840333301002806,0.8750966695656938,0.0,0.0,0.0,0.7970596368946615,0.8755433171920035,0.8492163874282638,0.0,0.0,0.7985964473240291,0.0,0.0,0.0,0.0,0.8056307803616551,0.8446538703932528,0.8436769323012344,0.0,0.0,0.8865892733685536,0.8479550382757898,0.0,0.0,0.0,0.8289743933106036,0.8611847519926649,0.0,0.0,0.8478309215116665,0.8428342481899163,0.0,0.0,0.0,0.8126108429773289,0.8045338110271119,0.0,0.0,0.0,0.0,0.7833141609156403,0.8498245010894377,0.8447225619411778,0.855550971154898,0.0,0.8153331016483727,0.0,0.0,0.8586622269496489,0.8241934083847757,0.0,0.0,0.8151135796253832,0.0,0.0,0.0,0.0,0.8600100424112771,0.8020224259643631,0.8265815886559412,0.0,0.0,0.0,0.8391666738692686,0.0,0.0,0.8261757736106776,0.8084225641024378,0.0,0.8226810753286035,0.0,0.0,0.835265156792505,0.814385383701389,0.0,0.7727230961550962,0.83778407266317,0.0,0.0,0.7980614649577442,0.8660131196569041,0.0,0.8229975673900134,0.0,0.8347995646068559,0.0,0.0,0.0,0.0,0.0,0.0,0.0,0.0,0.8071289829085028,0.0,0.8082959692965763,0.8621509967802875,0.0,0.0,0.0,0.0,0.0,0.0,0.8322711858689263,0.8145089589821127,0.8507632934496524,0.8442697706678911,0.0,0.0,0.0,0.7975675908295307,0.0,0.0,0.0,0.0,0.7901436262317234,0.0,0.8261974184785607,0.8049800819489078,0.0,0.0,0.0,0.7944401907985267,0.0,0.8555200761588215,0.8210070554216647,0.0,0.0,0.0,0.0,0.8181565693893718,0.0,0.0,0.0,0.8456890073892755,0.0,0.8840559302812093,0.0,0.0,0.848479732132126,0.0,0.0,0.0,0.0,0.0,0.8173191782672418,0.0,0.0,0.8697286967956899,0.0,0.0,0.0,0.0,0.0,0.8169904281730522,0.7937713929127209,0.0,0.8213252348726915,0.0,0.0,0.0,0.0,0.0,0.8264686424171036,0.0,0.0,0.872436501909076,0.0,0.853353963158733,0.0,0.0,0.8287785866307773,0.0,0.0,0.0,0.8524040596039382,0.0,0.0,0.8351434147882034,0.0,0.0,0.8097797910910828,0.8311399369755592,0.0,0.0,0.0,0.0,0.0,0.8551962996961346,0.0,0.0,0.0,0.0,0.8301293789228433,0.7941332045730481,0.0,0.0,0.0,0.0,0.8427853760522969,0.0,0.0,0.0,0.0,0.7925520878019207,0.0,0.8118789280689307,0.8705659504238897,0.0,0.8593467547848522,0.0,0.0,0.8457807423262756,0.0,0.8396833196961278,0.8261624343184893,0.0,0.0,0.0,0.8066721625931814,0.0,0.0,0.8571760293526867,0.0,0.0,0.861569935020711,0.8697547119607225,0.0,0.8140195463629397,0.0,0.0,0.8103730487348072,0.0,0.8678070477912839,0.8658622684038156,0.0,0.8144537700376631,0.0,0.0,0.0,0.0,0.0,0.0,0.0,0.8422840647891086,0.8546856917185338,0.0,0.0,0.0,0.0,0.0,0.0,0.0,0.0,0.0,0.0,0.8203802513686094,0.8721351375010329,0.0,0.0,0.0,0.8344879743691911,0.0,0.0,0.0,0.8590749547027883,0.8493843628642245,0.0,0.0,0.0,0.0,0.8505513936369112,0.0,0.8281713636778423,0.0,0.0,0.0,0.0,0.0,0.0,0.8565439287581756,0.7959722026144067,0.0,0.7900881906544519,0.8288275784607083,0.0,0.0,0.0,0.8512603116092667,0.0,0.8579629460648491,0.0,0.0,0.0,0.0,0.0,0.0,0.0,0.0,0.0,0.0,0.8213926619419655,0.8371374421050576,0.0,0.8087331212159423,0.0,0.0,0.8823605769587616,0.0,0.840435817699033,0.7894502477983107,0.8235606154965236,0.0,0.0,0.8124901855157166,0.0,0.8959303188585608,0.0,0.0,0.0,0.0,0.0,0.8474585023013675,0.0,0.0,0.0,0.8318681849664211,0.8539514659635941,0.0,0.0,0.0,0.0,0.0,0.7809285126248788,0.8404719961822018,0.8296780212888784,0.8677165771185167,0.8528063464594418,0.0,0.0,0.7866513663378832,0.0
0.0,0.0,0.0,0.0,0.5492872743338608,0.0,0.5127061408929511,0.0,0.5520477480925153,0.0,0.5381351825209366,0.0,0.5356669095141786,0.557098108380598,0.5538034882930515,0.5410946432893063,0.5567803514993561,0.0,0.0,0.0,0.5591682211116044,0.0,0.5462080712340553,0.0,0.5373255009835807,0.0,0.527685936777389,0.5492951419689734,0.5275390607161116,0.0,0.0,0.0,0.5402662855023084,0.0,0.0,0.5238979581830465,0.5461388820883358,0.0,0.5103186932314989,0.5658387185696399,0.5252138364740983,0.0,0.0,0.0,0.0,0.579975197601085,0.0,0.0,0.0,0.0,0.0,0.5384022137888338,0.0,0.5751167817787519,0.0,0.0,0.0,0.0,0.0,0.0,0.5366083099159382,0.0,0.0,0.528441930122512,0.0,0.5455165381743766,0.5713236774485946,0.5427824099014129,0.0,0.0,0.0,0.0,0.0,0.0,0.0,0.0,0.5220672665912376,0.0,0.0,0.0,0.5397129566820736,0.5712115815355101,0.0,0.5206504910954429,0.5699445376093976,0.0,0.0,0.5381502544258131,0.5488737452718601,0.0,0.5338500869920079,0.0,0.0,0.0,0.0,0.0,0.0,0.0,0.0,0.563421831539763,0.5680951693263666,0.0,0.5344643477176443,0.5452732764985672,0.5541920034158055,0.5175972399133228,0.0,0.0,0.0,0.0,0.0,0.0,0.5246687461237235,0.0,0.0,0.49385336668605134,0.5434711903491778,0.0,0.5129725772934325,0.5364663082658793,0.5622901893981599,0.5574182505518265,0.0,0.6058840031396548,0.0,0.5126833585546023,0.0,0.0,0.5325536604567599,0.0,0.0,0.0,0.5695868739780126,0.0,0.0,0.0,0.0,0.0,0.48338669948504803,0.0,0.0,0.0,0.5237305793280791,0.0,0.0,0.0,0.0,0.0,0.5472538939297457,0.0,0.0,0.0,0.5236300335916537,0.5422721604098139,0.5390542871991669,0.5304393423009107,0.0,0.5475239745534031,0.5607531822752252,0.5563130852095401,0.0,0.5299875423352001,0.0,0.5721317067651202,0.0,0.5491574346347254,0.5564501911949907,0.0,0.0,0.0,0.5720137119012378,0.5589213994037237,0.5318239139000243,0.0,0.0,0.5398657298913503,0.0,0.0,0.0,0.0,0.5457197947042279,0.536279620990914,0.5181911203866783,0.0,0.0,0.0,0.5676528988453645,0.0,0.0,0.0,0.5221502693502738,0.0,0.0,0.0,0.0,0.5467636254997318,0.0,0.5678457200532817,0.5885914680467409,0.0,0.5448149898011423,0.0,0.5755785493380509,0.0,0.0,0.0,0.5530653495553198,0.5978866830774506,0.5563575333428054,0.5447867505086696,0.0,0.5362567347868341,0.5697195465548762,0.0,0.0,0.0,0.0,0.5231356388671093,0.5929249497730001,0.0,0.0,0.0,0.0,0.0,0.5748849048057157,0.0,0.0,0.5258572546782749,0.541242575379356,0.0,0.0,0.0,0.5285920338999692,0.5014725375366107,0.5273307448018552,0.0,0.5409363719889214,0.5609082422684795,0.0,0.0,0.5265025095946331,0.5547740402738883,0.5498844688112356,0.5263830873550202,0.5587519634022774,0.0,0.5175951813125449,0.5226453003983199,0.0,0.0,0.0,0.0,0.0,0.0,0.0,0.5067205150541275,0.5592326782526709,0.0,0.0,0.5703506852658222,0.0,0.5536575799116031,0.0,0.5055651803712813,0.5273880369093146,0.0,0.0,0.0,0.5590330477013626,0.0,0.0,0.0,0.509735206372646,0.0,0.0,0.5338596290699642,0.0,0.0,0.0,0.0,0.0,0.0,0.576079848467639,0.0,0.5385942020912492,0.0,0.0,0.0,0.5262731985332602,0.0,0.530035816552144,0.0,0.0,0.0,0.0,0.0,0.0,0.0,0.0,0.0,0.5295355427355755,0.0,0.0,0.0,0.5552591686564958,0.0,0.0,0.0,0.5810977113981647,0.0,0.5631900301162954,0.4997323788240306,0.0,0.0,0.550780841670364,0.5622304065431859,0.5288413342172876,0.5242980163816736,0.0,0.0,0.534396329392843,0.0,0.0,0.561888649444173,0.0,0.5711806474093063,0.0,0.0,0.0,0.0,0.0,0.0,0.0,0.5503267964398897,0.0,0.0,0.5615963538753638,0.0,0.0,0.5935999162342603,0.5821648522993831,0.4930928551297008,0.5133024686962625,0.0,0.0,0.5419165464133107,0.0,0.0,0.0,0.0,0.0,0.0,0.0,0.0,0.0,0.0,0.0,0.544093625217734,0.0,0.0,0.0,0.0,0.0,0.0,0.5067227294270525,0.0,0.0,0.0,0.534619355943277,0.0,0.0,0.5418438182105679,0.0,0.0,0.5420551174619215,0.0,0.5501434900064841,0.0,0.0,0.0,0.5519484135333741,0.0,0.0,0.0,0.0,0.5420548378958236,0.0,0.0,0.0,0.5817922747078756,0.0,0.0,0.0,0.0,0.5282797222570315,0.5416588085919833,0.5175047883738678,0.0,0.0,0.0,0.0,0.5894171721941543,0.0,0.0,0.0,0.5488507434284866,0.0,0.5488599607625654,0.0,0.5323889881979799,0.0,0.0,0.0,0.5128767639772881,0.0,0.0,0.5830231672703945,0.5359553083845714,0.5861872340770322,0.5315833525966418,0.0,0.0,0.5485973776509249,0.5200129150565985,0.0,0.5193149191166927,0.5575101343176628,0.558655526120096,0.0,0.0,0.0,0.0,0.0,0.0,0.0,0.0,0.5532595305026086,0.0,0.5449120493653292,0.0,0.0,0.0,0.0,0.0,0.5544099517738604,0.0,0.5431057987491144,0.0,0.5392557624165877,0.0,0.0,0.5554176132490133,0.0,0.0,0.5468512702127725,0.0,0.5202234820684977,0.5557295414533953,0.0,0.0,0.0,0.0,0.5752663435827815,0.0,0.0,0.0,0.5555173305313376,0.5512696046184707,0.5566878937207522,0.0,0.0,0.5592889550634218,0.0,0.5206039082532283,0.5217022453116728,0.5080344115063095,0.5395996856699287,0.0,0.0,0.5373001292989067,0.5348785422454873,0.0,0.0,0.5774032525553071,0.0,0.0,0.0,0.5504792403743834,0.5611797729834034,0.5058964776650221,0.0,0.5268990097764779,0.0,0.0,0.5532175769957249,0.0,0.5478025147142417,0.0,0.5667571215814137,0.0,0.5582124766645642,0.0,0.0,0.0,0.0,0.5444329835488092,0.0,0.0,0.5464838711502606,0.49522647364082617,0.0,0.0,0.0,0.5836167288702772,0.0,0.5131647868813249,0.0,0.5414458717098992,0.5602527967796844,0.0,0.5272212432572907,0.539018103248775,0.0,0.0,0.0,0.0,0.0,0.0,0.585121468817882,0.53910366997266,0.0,0.5731058529152818,0.0,0.0,0.5604894731848435,0.0,0.0,0.5452954931596385,0.555646009548531,0.0,0.0,0.0,0.0,0.5308014508837225,0.5622665088328143,0.0,0.5395235135003695,0.5372634267487182,0.0,0.0,0.0,0.5329761198806143,0.0,0.0,0.5200182285028438,0.0,0.0,0.0,0.5157408002986484,0.0,0.4967691108510762,0.5490518109273549,0.0,0.5134010852921294,0.0,0.0,0.0,0.5265067886988983,0.5215938896604227,0.5223046729930028,0.0,0.0,0.0,0.0,0.0,0.5246685140179868,0.0,0.5537189289454182,0.0,0.0,0.0,0.0,0.5580592602882927,0.0,0.0,0.5418100041799195,0.0,0.5445082101595055,0.0,0.5471755149235071,0.0,0.0,0.0,0.0,0.0,0.5597544483438756,0.0,0.0,0.0,0.0,0.6069996620507029,0.0,0.5564496166183007,0.511522257857067,0.0,0.4877395643752037,0.5406375666298713,0.5562367546836086,0.5540660026014546,0.0,0.0,0.5547106215738519,0.0,0.0,0.5446349668728879,0.0,0.0,0.0,0.0,0.0,0.0,0.0,0.0,0.5302575150109679,0.0,0.49903553056055533,0.0,0.582148421557711,0.5510843527148571,0.0,0.0,0.0,0.5235595397440613,0.0,0.5836165193632659,0.0,0.5506494726717053,0.5514233402511203,0.0,0.0,0.564488852276946,0.0,0.0,0.0,0.0,0.0,0.0,0.0,0.5628969220014537,0.0,0.0,0.0,0.0,0.0,0.5434590652194441,0.0,0.0,0.5269209916405001,0.0,0.0,0.5071036622019824,0.0,0.5601291087377408,0.5294576091351492,0.5094783926213574,0.0,0.0,0.0,0.0,0.0,0.5698649586317952,0.0,0.527869349302521,0.0,0.5071249825249364,0.0,0.5091025752490759,0.0,0.5853540288671145,0.5609661413538903,0.0,0.0,0.0,0.0,0.0,0.5840679148214016,0.5561023679353401,0.0,0.5066578255792831,0.5248225454284745,0.5834058448803843,0.5659742549097107,0.0,0.5274159499489647,0.5685924271517432,0.5652740139729723,0.0,0.0,0.5341563009302726,0.0,0.548574377389914,0.0,0.0,0.0,0.0,0.5110182003446074,0.5572480958961384,0.0,0.0,0.5313831861314959,0.0,0.0,0.0,0.0,0.0,0.0,0.536888188484275,0.0,0.0,0.5571384858974162,0.5752866369435834,0.5475981756051899,0.5345247183621076,0.0,0.49530565894665374,0.0,0.5117176874749652,0.0,0.0,0.0,0.5470093320750681,0.0,0.5115019152388707,0.0,0.5616113831355288,0.5692103166964672,0.0,0.0,0.0,0.5368911589591231,0.0,0.537904056389681,0.5470595527717178,0.0,0.0,0.5117732815570297,0.0,0.0,0.5177590088450997,0.0,0.5236350827680769,0.0,0.0,0.5870428135216494,0.5344533389617149,0.5501003703192473,0.0,0.5405151063557191,0.0,0.5391740834083444,0.5463279395286423,0.5183562800200796,0.0,0.535189089813228,0.0,0.0,0.5024037015305103,0.5583508759427978,0.0,0.0,0.0,0.5827071303404248,0.5572829421792367,0.0,0.0,0.5592441878698873,0.5225630691440326,0.5426550323787317,0.0,0.0,0.0,0.0,0.0,0.5792277711291879,0.5470078997421297,0.0,0.0,0.0,0.0,0.0,0.5415570183058258,0.0,0.4933977957554778,0.0,0.0,0.0,0.0,0.5670285597701863,0.0,0.5457811357548316,0.0,0.0,0.0,0.502927983195254,0.0,0.0,0.5274172978012762,0.0,0.0,0.5633789952418022,0.563528872270588,0.5478794526056515,0.0,0.5633748448719008,0.0,0.514121687824286,0.5283421076507446,0.0,0.0,0.5409046050406785,0.0,0.0,0.0,0.0,0.5581579687224659,0.0,0.0,0.0,0.5538118539984271,0.5006377335241353,0.5246857149517785,0.0,0.0,0.5419776819318048,0.5390664683581641,0.0,0.0,0.0,0.0,0.5965259726141445,0.0,0.5668724024075482,0.0,0.0,0.5123753005230486,0.5470079021170657,0.0,0.0,0.5167080310007954,0.0,0.0,0.5122004388697734,0.0,0.5499871698334524,0.5175044537098037,0.0,0.0,0.0,0.0,0.5171231186115857,0.0,0.545742321388256,0.0,0.0,0.0,0.5446037207487219,0.0,0.0,0.0,0.0,0.5781786377866629,0.0,0.0,0.5267795476787164,0.50871270418984,0.0,0.0,0.0,0.0,0.5165518137986812,0.0,0.0,0.5643310553687747,0.5494756023270738,0.0,0.0,0.0,0.0,0.5593983616355718,0.0,0.5590357710155587,0.5591117210034932,0.0,0.516828509395804,0.5542035608264169,0.0,0.0,0.5643184999189752,0.5268326999310424,0.0,0.5537978374233195,0.0,0.5442112016240541,0.5018908516519703,0.0,0.0,0.0,0.0,0.576072578166387,0.5562738045784416,0.0,0.5391359175880551,0.0,0.0,0.5275232462939503,0.0,0.5346728170313358,0.0,0.0,0.0,0.546205557081923,0.0,0.0,0.5799879413126164,0.0,0.0,0.5530299278115894,0.5605269319833283,0.0,0.0,0.0,0.0,0.0,0.0,0.0,0.0,0.0,0.5516194992817102,0.0,0.0,0.0,0.5333205654602157,0.5225395461501479,0.5344427057180315,0.0,0.5555430719769717,0.530871721059457,0.0,0.0,0.0,0.5707068061565536,0.0,0.5306038853354994,0.0,0.0,0.5372223927663402,0.525080576146457,0.0,0.0,0.5658666240879986,0.0,0.0,0.5710142770272288,0.0,0.5480500552207436,0.0,0.0,0.0,0.0,0.0,0.0,0.0,0.0,0.5191905887523623,0.5552834724119032,0.0,0.5012931582629006,0.0,0.0,0.0,0.0,0.5499116489469369,0.0,0.0,0.0,0.0,0.0,0.0,0.5074168982825531,0.0,0.0,0.5605799219724875,0.0,0.0,0.0,0.5136875427815614,0.5290988180775843,0.0,0.0,0.0
0.0,0.0,0.0,0.0,0.0,0.0,0.0,0.0,0.6538416805598752,0.0,0.0,0.6053240846605962,0.0,0.0,0.0,0.6169006508789181,0.5952144877195602,0.6137699101424805,0.0,0.0,0.6225956278971249,0.0,0.6242193667325371,0.0,0.6244591991724412,0.5987195183625978,0.0,0.6068671541686453,0.0,0.0,0.6215291029791992,0.0,0.0,0.0,0.6474327329025468,0.0,0.621203219502084,0.0,0.0,0.0,0.0,0.0,0.0,0.0,0.6137389723268771,0.0,0.6060073835242701,0.0,0.623262175532198,0.5883651941915905,0.5958526997239688,0.627302735183678,0.6398010667536904,0.5658142840338434,0.6215461799880014,0.0,0.0,0.5780874658534397,0.0,0.5916157747121988,0.0,0.0,0.0,0.0,0.0,0.6494604040459039,0.0,0.0,0.0,0.0,0.0,0.0,0.6393495138823595,0.0,0.5974155203519911,0.5974168232441601,0.6108234949430832,0.0,0.5844381757977283,0.0,0.6468076513832568,0.0,0.0,0.0,0.0,0.6268518751084333,0.6302210466137471,0.0,0.6307442757774445,0.0,0.639405959808396,0.5979925410538969,0.0,0.0,0.0,0.0,0.0,0.655297781617119,0.0,0.0,0.6201561016078122,0.0,0.0,0.0,0.6174975702179117,0.616488750762869,0.5904162917311547,0.6008238073280293,0.6137914738510505,0.5706743524113532,0.6135755941252451,0.0,0.0,0.0,0.0,0.6467840242590973,0.0,0.0,0.0,0.0,0.6283861741985053,0.5871879463660226,0.5584513638016548,0.6444957718649237,0.6023548992362012,0.0,0.0,0.0,0.0,0.0,0.0,0.0,0.0,0.0,0.0,0.6185946372990461,0.0,0.0,0.0,0.0,0.0,0.6366272384398548,0.0,0.0,0.6175224450042923,0.0,0.0,0.0,0.0,0.0,0.0,0.0,0.6296310428815303,0.0,0.6025688510565775,0.6335203300815496,0.0,0.0,0.0,0.0,0.5865516717261916,0.5963074175216633,0.607000522251505,0.0,0.0,0.6108505858513824,0.0,0.6127451577204773,0.0,0.0,0.0,0.0,0.6498688716699095,0.6233989075362775,0.636556208428335,0.0,0.0,0.0,0.0,0.0,0.0,0.608410790842978,0.5711869653886346,0.0,0.0,0.0,0.635622040384351,0.0,0.0,0.0,0.6203969529446274,0.0,0.0,0.0,0.0,0.0,0.6303795528350822,0.6228401211663867,0.5900764995422523,0.6108835679325454,0.621021571023673,0.0,0.6114079662750185,0.0,0.0,0.0,0.0,0.0,0.6437088251395842,0.6116483580998311,0.6247097014718576,0.0,0.0,0.6579552163948403,0.0,0.0,0.6223640536969667,0.0,0.0,0.6577385042602573,0.0,0.0,0.0,0.0,0.0,0.0,0.6224689093299216,0.0,0.0,0.0,0.0,0.0,0.0,0.0,0.6035467034771366,0.0,0.6001962757072941,0.594687395531313,0.0,0.6044629479827901,0.6309716655500405,0.6229336102827162,0.0,0.0,0.0,0.0,0.6284903999476413,0.6290119437166759,0.0,0.0,0.0,0.0,0.0,0.0,0.0,0.5924240024505132,0.0,0.0,0.0,0.0,0.0,0.0,0.0,0.6552082862149695,0.6096947807813318,0.0,0.0,0.0,0.0,0.0,0.0,0.0,0.0,0.6301260116404805,0.0,0.6396167900748508,0.0,0.0,0.0,0.0,0.6316615068577979,0.6024314640436542,0.6063803257613084,0.0,0.0,0.0,0.5651073306236915,0.0,0.6347082103957453,0.0,0.6170437160481668,0.0,0.5937611946498214,0.0,0.0,0.6057257506440831,0.0,0.0,0.0,0.6157678118477775,0.5957701397621069,0.0,0.0,0.6085552430032101,0.6325062055948467,0.0,0.662762322027466,0.0,0.0,0.0,0.6273347019315334,0.0,0.0,0.0,0.0,0.617602546120615,0.6452126087622561,0.6399015459387841,0.6426115157614473,0.0,0.5712867081872435,0.0,0.0,0.0,0.0,0.6172210173291299,0.0,0.0,0.6507042763664167,0.0,0.6335248709519057,0.0,0.0,0.0,0.0,0.0,0.0,0.6539052538331529,0.6052677771366379,0.0,0.0,0.6034034552887627,0.6109277728673644,0.0,0.6786624384789397,0.0,0.0,0.6279152228841883,0.0,0.0,0.0,0.0,0.0,0.0,0.5460997653363093,0.0,0.0,0.6195207911426134,0.0,0.0,0.0,0.5778719165828707,0.0,0.0,0.0,0.0,0.5855285513096268,0.0,0.0,0.5800872718898381,0.0,0.0,0.0,0.0,0.0,0.0,0.6123871895371457,0.6211020347617364,0.0,0.0,0.6011192555451677,0.0,0.0,0.0,0.5978240729805537,0.0,0.6370263675330745,0.0,0.5919437660759039,0.0,0.0,0.6205834517925954,0.6178671867421532,0.0,0.0,0.6348781806278433,0.6245214578797488,0.0,0.0,0.0,0.0,0.0,0.0,0.0,0.611044996750154,0.0,0.0,0.0,0.0,0.0,0.0,0.0,0.5924000576711924,0.6354296054845595,0.0,0.0,0.0,0.0,0.0,0.6124781813534966,0.0,0.6061551444633636,0.0,0.5994247947691105,0.6171010002610541,0.0,0.0,0.0,0.0,0.0,0.6456382575061507,0.0,0.0,0.0,0.0,0.0,0.0,0.608065461034557,0.6015958575756075,0.0,0.0,0.0,0.5968022421473046,0.5675462867512528,0.0,0.0,0.0,0.6290264121343141,0.6075659492489339,0.596836399859533,0.0,0.6152954879118799,0.5994105621869672,0.0,0.0,0.0,0.0,0.0,0.5612115297268995,0.634487239459999,0.6154214328365996,0.6341432674393286,0.0,0.5501811746072754,0.6264081916636428,0.0,0.0,0.5994901212939859,0.6055008715507745,0.5833663643678025,0.0,0.6037702050426256,0.0,0.0,0.0,0.0,0.0,0.0,0.6269332420326754,0.0,0.6735649176755244,0.0,0.588262413904245,0.6151818975026939,0.626856557567204,0.0,0.0,0.0,0.0,0.6223092427087192,0.0,0.0,0.0,0.0,0.0,0.5798142097898492,0.5962564345210843,0.6344833075189173,0.617838721631241,0.0,0.6477810361057714,0.5856429459037236,0.5953837748394775,0.0,0.0,0.6067931424953777,0.6149976782155797,0.0,0.6285792679336585,0.0,0.6000337405918551,0.0,0.0,0.0,0.0,0.6108579904128854,0.0,0.0,0.0,0.0,0.0,0.0,0.0,0.0,0.6079865716923916,0.0,0.0,0.0,0.5720260179920587,0.0,0.0,0.6026408224836141,0.6252495144349569,0.6357748659860583,0.0,0.0,0.0,0.5961636580121337,0.0,0.0,0.0,0.6115392768624356,0.5926549284133479,0.5911286796649812,0.6107671143676594,0.0,0.6116718047120346,0.6078050758101878,0.6037934042189382,0.0,0.0,0.0,0.0,0.6116912682250131,0.6320699469925679,0.6252664964759991,0.0,0.0,0.0,0.6020500972445539,0.651971046228872,0.6134685329870222,0.0,0.0,0.0,0.6517245117851569,0.0,0.6112919784044001,0.6133609227846211,0.0,0.6062847736126205,0.0,0.6117289460266204,0.0,0.6264133106721415,0.0,0.0,0.0,0.0,0.6206648121919327,0.0,0.5744665404147427,0.0,0.5921739934551753,0.0,0.0,0.0,0.0,0.6283139170895246,0.0,0.0,0.0,0.0,0.0,0.5906941180203777,0.0,0.0,0.6180877904116164,0.0,0.6247939319483158,0.0,0.5951950396082173,0.0,0.0,0.0,0.0,0.0,0.597465586098735,0.6024215061405891,0.0,0.0,0.6038171985035473,0.0,0.6239659055662985,0.0,0.6301712014858828,0.6071091369189805,0.0,0.0,0.0,0.0,0.0,0.619605701150011,0.0,0.0,0.61304958276879,0.0,0.0,0.644559836753869,0.0,0.6218062314202681,0.5869658067641738,0.6168313438997408,0.0,0.0,0.0,0.5910423706474677,0.6298260802308181,0.0,0.648924123309595,0.0,0.6054878521103011,0.5774768316673621,0.0,0.0,0.0,0.0,0.0,0.6150556449068724,0.0,0.5960580983542944,0.0,0.6124278298698504,0.0,0.6206748171840994,0.0,0.0,0.0,0.0,0.6418234112724621,0.6004110031758982,0.0,0.0,0.6028126446272589,0.0,0.5867930685018472,0.5963557600751119,0.0,0.0,0.0,0.5669619748862401,0.0,0.0,0.0,0.6235864567922573,0.0,0.0,0.0,0.6366917199097185,0.6260297099467022,0.0,0.6094490736860401,0.0,0.0,0.6284547741058478,0.5903797582727363,0.6007686471727931,0.5757095787521421,0.0,0.0,0.6265365280216355,0.6463514114194292,0.0,0.0,0.0,0.6067905390297142,0.0,0.0,0.5808345824013856,0.6517451474241217,0.0,0.6217878511492972,0.0,0.6315640042023215,0.6330861363949728,0.0,0.6367173018067392,0.6056773235776544,0.6076815160763577,0.0,0.0,0.0,0.6121933424309022,0.0,0.5817584900928207,0.0,0.0,0.5849296848574541,0.0,0.5822706906581092,0.6189526777769755,0.0,0.6292088245719409,0.0,0.0,0.0,0.6090264457395238,0.0,0.0,0.0,0.5971061127376328,0.0,0.0,0.0,0.0,0.6133017439793137,0.0,0.6248321458540894,0.0,0.594580609042572,0.6241903572787943,0.6187730037918805,0.6516065442025879,0.6367018979923785,0.0,0.6324741735319118,0.6102639607118127,0.0,0.0,0.5953901427342037,0.6347446433572964,0.0,0.6096584859174956,0.0,0.0,0.681336941605516,0.0,0.5949070906322067,0.0,0.0,0.0,0.5890846632614437,0.0,0.0,0.6084603859176085,0.6513134612984077,0.6473433373177389,0.5904708894028671,0.0,0.0,0.0,0.0,0.0,0.0,0.0,0.6073002857894634,0.0,0.6503466361400495,0.5858070255880701,0.60742109288341,0.0,0.0,0.0,0.6153841893212084,0.0,0.0,0.0,0.0,0.0,0.6343682124814736,0.0,0.0,0.6007357916227043,0.0,0.5989937065858482,0.0,0.0,0.6129562683269886,0.6030793625643565,0.0,0.0,0.0,0.6090607076771978,0.0,0.0,0.0,0.0,0.0,0.0,0.0,0.6330692248867601,0.5923208148658813,0.0,0.0,0.0,0.606626339025763,0.5906128127315903,0.0,0.6141961117378559,0.0,0.0,0.0,0.0,0.0,0.6454630390011696,0.0,0.6056200718880064,0.0,0.601909756195475,0.639039648367558,0.0,0.6238995302034396,0.595841488844235,0.0,0.0,0.6007850236037529,0.0,0.0,0.0,0.0,0.5785962987701435,0.6013624971524488,0.0,0.0,0.6439215383747172,0.0,0.0,0.0,0.6039466117956133,0.0,0.0,0.5829815104598323,0.6528472804627589,0.6180719391946757,0.611926761063126,0.0,0.0,0.0,0.0,0.0,0.0,0.6363123140676851,0.0,0.0,0.0,0.5887848569578216,0.6268474280193495,0.0,0.5969312083104945,0.0,0.0,0.6183942270343589,0.0,0.5750657893002822,0.6286305604602549,0.0,0.0,0.0,0.0,0.0,0.5956093431569939,0.0,0.613586266741269,0.6094791266894738,0.0,0.6167088742372008,0.6195492690423461,0.0,0.0,0.0,0.0,0.0,0.0,0.6463982022333952,0.5754819045658391,0.6482431710944827,0.0,0.6460026295061674,0.5797386050852621,0.6230211170348641,0.0,0.0,0.0,0.6584458000533824,0.0,0.0,0.6152889135590881,0.0,0.0,0.0,0.0,0.0,0.0,0.0,0.593886333099734,0.0,0.0,0.0,0.6118521599724963,0.5742917020541546,0.0,0.0,0.0,0.6361494091668851,0.0,0.0,0.0,0.6341504776984661,0.0,0.0,0.5791930026189658,0.0,0.6299469346354748,0.0,0.0,0.0,0.0,0.6047535921610122,0.6017212191834551,0.0,0.0,0.0,0.6029421328227987,0.0,0.0,0.0,0.5911476654638868,0.0,0.0,0.0,0.614849676806472,0.0,0.5927901162216913,0.0,0.0,0.0,0.0,0.5917058284421333,0.0,0.0,0.0,0.5630610310712025,0.5993075815764207,0.0,0.0,0.6219296638380339,0.0,0.0,0.0,0.0,0.606618172332354,0.0,0.6154361555196874,0.64028343411313,0.6546632614260786,0.0,0.614326277203064,0.0,0.0,0.6001719950652747,0.6528233221014025,0.0,0.0,0.0,0.5719111371456326,0.6522244845919802,0.5806980904372245,0.5679379818253834,0.0,0.0,0.0,0.6417953554186568,0.0,0.6486274358824852,0.0,0.0,0.6060517310865328,0.0,0.5817531723420302,0.0
0.0,0.0,0.0,0.0,0.0,0.0,0.0,0.0,0.3933935918348025,0.0,0.3543289385629273,0.0,0.0,0.0,0.0,0.39244259984692303,0.0,0.0,0.37854118674982934,0.0,0.0,0.41599963864448386,0.0,0.0,0.38033654115854637,0.0,0.0,0.0,0.41232359367867183,0.39535150215422343,0.3916935476465977,0.0,0.0,0.44872932831758117,0.0,0.0,0.0,0.0,0.36772066225958233,0.0,0.40286201672947375,0.4438445470782678,0.0,0.0,0.0,0.0,0.41708632863061956,0.0,0.0,0.0,0.4479208397239119,0.0,0.0,0.0,0.0,0.0,0.3906379855602709,0.4032980497604063,0.0,0.41538786468109806,0.40009089864913205,0.41500130194061,0.0,0.0,0.0,0.42483901143965297,0.38794868982526415,0.0,0.0,0.0,0.0,0.4069622690603154,0.0,0.0,0.0,0.0,0.0,0.0,0.0,0.0,0.0,0.0,0.46180301530872486,0.39687781168502984,0.413463157576331,0.4228520249285406,0.0,0.0,0.365511705779702,0.0,0.0,0.4056638924327259,0.0,0.0,0.0,0.0,0.0,0.0,0.0,0.0,0.4281419568302809,0.374238409618935,0.4109681231252414,0.4211179056594694,0.0,0.40083506945309744,0.0,0.0,0.0,0.0,0.0,0.0,0.0,0.45268117934785906,0.0,0.3947344449947106,0.4168167100999552,0.4462935355080416,0.437051263854866,0.0,0.3897401764154668,0.3941531561918624,0.4257435866326796,0.0,0.0,0.4147498828166661,0.0,0.0,0.3888788629650661,0.0,0.38821233065075395,0.0,0.0,0.43197128575496624,0.44290525341746734,0.42019350214617207,0.38203540085711163,0.0,0.4183253886035085,0.0,0.0,0.0,0.0,0.0,0.4236460207674342,0.0,0.43593331189765394,0.0,0.0,0.45754333814761833,0.4044529989439313,0.0,0.0,0.0,0.0,0.0,0.38373824393970946,0.0,0.0,0.4062686006786,0.0,0.0,0.4306320894994606,0.0,0.0,0.39643049394792385,0.0,0.38602459975466946,0.41012884764335844,0.37924860158082585,0.0,0.0,0.0,0.443035987585737,0.0,0.4001687849566591,0.38140214675636347,0.4051034933903681,0.0,0.4190539018494953,0.0,0.0,0.4018552506978447,0.0,0.40891252781519943,0.40819874497932546,0.0,0.0,0.0,0.40379736269158556,0.4069890747877754,0.0,0.4001830335501844,0.0,0.0,0.0,0.41084586977510995,0.0,0.41251902909895555,0.0,0.4177852346717867,0.0,0.4200720091828535,0.0,0.0,0.0,0.0,0.0,0.0,0.0,0.0,0.0,0.0,0.0,0.0,0.0,0.0,0.409504926741356,0.4259769463672908,0.36581561974106463,0.0,0.0,0.0,0.0,0.0,0.4110834597673892,0.0,0.40117036053544625,0.0,0.0,0.38409895306337527,0.4119341514456436,0.4108839429894912,0.0,0.0,0.0,0.0,0.40644838567813374,0.4432516409078096,0.40673329557792404,0.4153401600086143,0.0,0.0,0.0,0.0,0.4445530323117149,0.42473769889018925,0.3747618574486653,0.0,0.392571573971604,0.41487481650382424,0.0,0.39779244266565056,0.0,0.0,0.0,0.4254628041842066,0.4430592700392844,0.436938294100791,0.0,0.407077791807351,0.0,0.42529932717859137,0.4223771207287853,0.41310782883104474,0.4073462444247081,0.0,0.41742850067676096,0.0,0.0,0.0,0.3609680205369312,0.421698577099063,0.3980346718832382,0.3374415736545822,0.3949367237351374,0.4429259612233906,0.0,0.0,0.0,0.0,0.4118526291820727,0.0,0.0,0.3822911890686606,0.0,0.0,0.0,0.0,0.0,0.37909096944301734,0.3983209382653918,0.41913059005873393,0.42426942366918896,0.0,0.37924091072671073,0.0,0.0,0.0,0.0,0.0,0.0,0.0,0.0,0.0,0.0,0.0,0.0,0.0,0.4535326395160353,0.0,0.41097754501469147,0.0,0.44421381359581685,0.3979078906016523,0.37986940164735067,0.0,0.40874423037544927,0.0,0.0,0.4153698642946276,0.0,0.4378971451398402,0.3975546602132733,0.42417430531611044,0.0,0.0,0.0,0.0,0.0,0.0,0.0,0.4142713548817237,0.0,0.0,0.0,0.0,0.3734451959111226,0.4125634558836164,0.3660539648969686,0.0,0.42144421586402375,0.43549758806761946,0.0,0.0,0.0,0.0,0.38538978554168984,0.0,0.4168666317749014,0.3978121771051517,0.0,0.4271944321300953,0.0,0.4012578592972006,0.0,0.40104721491099066,0.0,0.0,0.0,0.0,0.40221093267587144,0.0,0.0,0.0,0.4191287052140208,0.44459059761092884,0.4159231578126823,0.0,0.42589287635053197,0.0,0.40568689763753896,0.0,0.42932375342244444,0.38657235115621424,0.38985157142239224,0.0,0.3942933815785136,0.0,0.0,0.3907287736518288,0.0,0.0,0.0,0.3833414722641475,0.40849397881773514,0.40039428492953116,0.0,0.404911010977457,0.0,0.0,0.0,0.4386140961075815,0.0,0.4264734007588939,0.3802987007314872,0.4207042557110108,0.0,0.0,0.42863117928273936,0.4491898565638235,0.0,0.0,0.0,0.3885443790921508,0.39296416732043854,0.0,0.0,0.0,0.39602823826729466,0.0,0.0,0.0,0.40595220258202186,0.0,0.0,0.0,0.0,0.0,0.4312170208223616,0.0,0.4264576254658296,0.3935162409795086,0.0,0.0,0.3999908684154416,0.0,0.0,0.0,0.0,0.4246843662784676,0.0,0.0,0.0,0.3850814172342361,0.0,0.4164977553143449,0.0,0.0,0.0,0.0,0.0,0.0,0.0,0.0,0.0,0.0,0.0,0.37757602510195915,0.0,0.43374843782023936,0.421748015749576,0.0,0.0,0.0,0.37809386599293165,0.0,0.0,0.0,0.42738876917371194,0.0,0.0,0.41282582551216424,0.3537416729794028,0.0,0.0,0.4057150658799334,0.4039730889253311,0.0,0.3820562074366235,0.0,0.0,0.0,0.3489865364696051,0.0,0.4320479762675582,0.4005319107494348,0.4425435115521361,0.0,0.38944395821806826,0.0,0.0,0.4075562818771718,0.3849881963292582,0.0,0.0,0.0,0.0,0.41194364952214213,0.0,0.0,0.0,0.41677397148903156,0.0,0.0,0.0,0.34722433954223497,0.0,0.0,0.0,0.3974000830098453,0.38822791764960635,0.3710926697278196,0.0,0.0,0.0,0.41398287990125926,0.0,0.3724945401096648,0.0,0.0,0.0,0.0,0.37858994976488,0.0,0.4096388530455783,0.0,0.0,0.0,0.3754854766655311,0.0,0.4464179936705743,0.0,0.406013392116835,0.38031664744159416,0.39816761191800953,0.0,0.0,0.0,0.0,0.0,0.3650987589008975,0.0,0.36533117726443226,0.0,0.0,0.0,0.0,0.40014475358422724,0.4214110285197059,0.0,0.0,0.40852831619940816,0.41128491838059283,0.0,0.0,0.0,0.3592568225454981,0.0,0.0,0.0,0.0,0.0,0.0,0.0,0.46586938806455114,0.0,0.3892929607519404,0.39893184751155497,0.0,0.4349321722109489,0.0,0.0,0.0,0.42860991781646474,0.0,0.0,0.0,0.0,0.3785066325929098,0.0,0.0,0.0,0.38562661242978064,0.3870147585694345,0.0,0.39745521978556214,0.0,0.0,0.34506065670895836,0.0,0.0,0.4358624048672766,0.4198522158130167,0.0,0.0,0.40046241048922393,0.3876132419227571,0.0,0.3869262210305664,0.0,0.0,0.0,0.0,0.408617077916078,0.0,0.0,0.0,0.0,0.3798821369005716,0.0,0.0,0.0,0.37733292306648686,0.40080519273551646,0.40303527848610715,0.44344003945375177,0.37378468053219394,0.40727109377573667,0.43448589455553,0.0,0.38959686805590676,0.0,0.4059646103420319,0.0,0.4092936221530157,0.0,0.0,0.0,0.0,0.0,0.0,0.0,0.3764071353942179,0.4059921179059755,0.4175896741104595,0.0,0.0,0.36350504046933185,0.0,0.42254889108865035,0.4083251028305542,0.4238735254653821,0.0,0.0,0.0,0.40977437174687736,0.0,0.0,0.4418763358549233,0.40141499829168814,0.0,0.0,0.3802727917154061,0.40080119785172835,0.39179664313101104,0.0,0.0,0.43300796707585587,0.0,0.0,0.0,0.0,0.42446498711174907,0.0,0.0,0.0,0.3831654528959394,0.4083059758166602,0.0,0.0,0.0,0.0,0.0,0.0,0.4162770525676798,0.0,0.0,0.42041248455566765,0.0,0.0,0.0,0.44586172902431664,0.0,0.4156359142450979,0.4102023682544754,0.4106707547099176,0.0,0.0,0.0,0.40262519755005166,0.0,0.0,0.4336731816961951,0.0,0.4147640483514966,0.0,0.0,0.0,0.0,0.0,0.42238588377131187,0.415752837055651,0.0,0.0,0.0,0.0,0.43444360907667967,0.4200834153757313,0.0,0.3543182055162826,0.46541418727328987,0.41663345142995734,0.39395422324420115,0.0,0.0,0.0,0.42568044708006025,0.0,0.396457354485762,0.0,0.0,0.0,0.0,0.0,0.0,0.0,0.3899015851114048,0.0,0.0,0.0,0.0,0.0,0.4236008640112834,0.3648799423806663,0.42839585812297054,0.39791974756209936,0.0,0.0,0.425748146162414,0.0,0.0,0.40104866770269465,0.38655758591041117,0.3864108636489004,0.4150232350388247,0.0,0.4042062424771528,0.0,0.0,0.0,0.0,0.0,0.34852726687649394,0.0,0.0,0.4135559407234774,0.0,0.37031640781920194,0.4127105739632555,0.4130482705654906,0.4473134499391259,0.0,0.0,0.0,0.3894338694430547,0.0,0.4011450309406407,0.0,0.4253816263315382,0.0,0.4433107497124176,0.41326278147527823,0.0,0.39689979897560745,0.0,0.3950115684276581,0.0,0.0,0.40903659980111484,0.0,0.0,0.0,0.465845976855217,0.0,0.0,0.0,0.0,0.39800926251927493,0.39873237991508903,0.41054131143204264,0.0,0.0,0.0,0.39358044094167544,0.0,0.43261309568369816,0.0,0.3743322777270543,0.0,0.0,0.0,0.0,0.37901211600645734,0.42856293113275884,0.0,0.40398166162993987,0.37935037652158016,0.0,0.0,0.0,0.0,0.0,0.0,0.4323850479114708,0.0,0.0,0.0,0.0,0.0,0.364248494002298,0.4375472015182718,0.0,0.0,0.0,0.41260078471783457,0.0,0.0,0.0,0.0,0.0,0.0,0.0,0.42949991895555917,0.0,0.4486862191951917,0.0,0.4308064344439501,0.0,0.43982455276334687,0.4346041519689809,0.3661246807495363,0.0,0.0,0.4241542910811206,0.41004439919310004,0.0,0.4429046966272269,0.42399981665358627,0.0,0.0,0.0,0.37950123445514483,0.0,0.3653716756435906,0.0,0.0,0.4411962573729054,0.4407736058838004,0.0,0.0,0.3869868858680827,0.0,0.40918711382385264,0.4010784423151107,0.0,0.434803524849733,0.0,0.0,0.0,0.0,0.38534977628617845,0.0,0.0,0.36745979928746997,0.41777004945729246,0.41777357678582794,0.0,0.0,0.0,0.0,0.0,0.0,0.38893464303598496,0.0,0.0,0.0,0.0,0.0,0.0,0.39733873574786316,0.0,0.4081055218780386,0.4031472719543214,0.0,0.0,0.0,0.0,0.0,0.0,0.0,0.39383685727448825,0.0,0.44491729422840676,0.39256665684100195,0.4222907228235964,0.0,0.0,0.0,0.0,0.0,0.44680659475362705,0.38560775626111654,0.39779946206632916,0.0,0.43336863859385893,0.0,0.0,0.0,0.0,0.3965278919936879,0.3715033899769368,0.0,0.0,0.4565068014189848,0.4141715996688474,0.37677222865827825,0.0,0.0,0.3997502829953376,0.430229148911947,0.0,0.0,0.4013783116414312,0.4337611749776716,0.0,0.0,0.4335564636622734,0.0,0.0,0.0,0.43291225071362777,0.0,0.0,0.394103290867626,0.0,0.0,0.0,0.0,0.0,0.0,0.39600640283224586,0.3897211977896244,0.0,0.40795560218537674,0.38110594628972105,0.3952108731144598,0.0,0.0,0.39058041260871185,0.0,0.4299397023510008,0.3909957019839779,0.0,0.0,0.0,0.39806222886048215,0.0,0.0,0.3266593428683706,0.0,0.4011071146193572,0.0,0.4305296976527308,0.0,0.0,0.0,0.0,0.0,0.4157019926935582,0.0,0.0,0.40582111111171526,0.0,0.4338138698267162,0.0,0.39229081012002,0.0,0.0,0.0,0.3987411701822416,0.0,0.0,0.0,0.39673820237881946,0.0,0.4063659192081851,0.42326271543005434,0.0,0.0,0.4306958616462117,0.0,0.0,0.43488071117179616,0.0,0.0,0.0,0.42737470492644186,0.0,0.40333291922112374
0.0,0.6965123712745026,0.0,0.0,0.0,0.0,0.0,0.6991238938374917,0.0,0.0,0.720196331103196,0.0,0.6773978046901231,0.0,0.0,0.7189180911045425,0.0,0.0,0.0,0.0,0.7097006307780721,0.0,0.6950731639727348,0.0,0.0,0.0,0.6677758060730279,0.0,0.72331897009867,0.6954100036786878,0.7209057933406002,0.0,0.0,0.6976915391423568,0.6773505064778734,0.0,0.6929642230149716,0.0,0.7176222222275579,0.0,0.7051987468083224,0.6986907682302742,0.0,0.0,0.0,0.0,0.0,0.0,0.7081143890933609,0.0,0.0,0.0,0.0,0.0,0.0,0.0,0.0,0.7356918426588697,0.76055599096301,0.6948568885260132,0.6840694218125013,0.0,0.6800102940163957,0.0,0.0,0.7442945671078269,0.0,0.0,0.0,0.0,0.0,0.0,0.6882299741891945,0.0,0.0,0.0,0.729430467962094,0.6764708447531294,0.0,0.0,0.7366247600675221,0.0,0.0,0.7104447147266114,0.0,0.0,0.6598644410203707,0.7035985897699651,0.6737634603670931,0.6828872661891523,0.7201350309386235,0.6852097761888178,0.683739493239095,0.7372485778121679,0.0,0.0,0.0,0.0,0.0,0.0,0.7598855186737593,0.0,0.7041818387501356,0.7147773337493405,0.6874831112976422,0.0,0.0,0.0,0.0,0.0,0.7128885820294563,0.0,0.7263843910491312,0.0,0.729414107379821,0.7198567892175616,0.0,0.7035260054540792,0.0,0.0,0.6909803531446412,0.0,0.7525456499907847,0.0,0.691780409051669,0.0,0.6983885947790646,0.0,0.0,0.7280473235266488,0.0,0.6835254341668883,0.7189565457241397,0.7266942973712737,0.7155463384295431,0.6945117244065585,0.6887070105916362,0.7164366967885678,0.6842204956956848,0.0,0.0,0.0,0.0,0.0,0.0,0.0,0.6953278809337238,0.0,0.0,0.7079507836430587,0.0,0.0,0.7051569297741255,0.0,0.0,0.0,0.0,0.0,0.0,0.0,0.0,0.0,0.7225180723584684,0.0,0.6754036704707673,0.0,0.0,0.7204561521983337,0.6938969323684923,0.0,0.0,0.0,0.6914591913979661,0.0,0.699252964029116,0.0,0.0,0.0,0.0,0.0,0.0,0.7243275592600102,0.0,0.0,0.0,0.7289761786027597,0.6612561379215919,0.0,0.0,0.0,0.7101174587930759,0.6562993776051091,0.0,0.0,0.0,0.0,0.0,0.0,0.0,0.0,0.6965465278621714,0.0,0.0,0.0,0.0,0.0,0.0,0.0,0.6664609544150377,0.0,0.0,0.0,0.0,0.6828484082483146,0.0,0.0,0.0,0.0,0.0,0.6881125329620449,0.0,0.0,0.0,0.0,0.0,0.0,0.0,0.6853349800521449,0.0,0.7103823163220615,0.0,0.7124215926323669,0.0,0.7358428010146517,0.7108065106370424,0.0,0.0,0.7188349740995916,0.6747395290262921,0.0,0.7001399365234159,0.0,0.6935772817717106,0.7090877341100799,0.6689574505257004,0.0,0.6693749753404197,0.0,0.0,0.7003980331106341,0.7086071006690973,0.0,0.7034066054552811,0.6950326312786099,0.6668552105790577,0.0,0.6895163257461012,0.0,0.7260119595799366,0.0,0.0,0.0,0.0,0.7233384866272721,0.6588235526200648,0.6746722584346749,0.6820638833463273,0.7186566819852181,0.726692643235946,0.0,0.7479936303447893,0.0,0.0,0.7525591511732759,0.0,0.6761097458471085,0.0,0.0,0.6976414799226225,0.0,0.0,0.713845531672336,0.7246116278055621,0.0,0.6829873654202421,0.0,0.0,0.0,0.6973271049611645,0.6905401177009431,0.7159624408869119,0.0,0.6974508932724267,0.7015168271291848,0.0,0.6627039842215056,0.0,0.0,0.0,0.702226809783791,0.6904838944351036,0.0,0.0,0.0,0.0,0.7278666271956002,0.7114320258316116,0.0,0.0,0.0,0.0,0.7140173659382497,0.0,0.0,0.0,0.0,0.6945405271339883,0.7221535990379827,0.6727866390119948,0.0,0.7188032190751311,0.0,0.0,0.0,0.7263342537631224,0.0,0.0,0.0,0.0,0.7188785072995163,0.0,0.718607260881233,0.0,0.7018161604312639,0.722326221733231,0.0,0.0,0.0,0.686809318946472,0.0,0.0,0.6676587185931321,0.6827103921538566,0.0,0.7064938322761561,0.0,0.0,0.0,0.0,0.0,0.0,0.0,0.0,0.0,0.0,0.7008466729105346,0.6878984055017302,0.0,0.6867686307334802,0.0,0.0,0.0,0.0,0.0,0.6849723358086108,0.0,0.0,0.6816218545802534,0.0,0.0,0.0,0.0,0.0,0.0,0.7171578366803941,0.0,0.7353599618874364,0.6906836841548352,0.0,0.0,0.729118122313507,0.0,0.0,0.0,0.0,0.0,0.6852689697906458,0.0,0.0,0.0,0.69862257413864,0.0,0.0,0.0,0.7086158705867582,0.7259065221968987,0.0,0.7010661684262182,0.0,0.6909129078461018,0.0,0.0,0.0,0.0,0.0,0.0,0.0,0.721003192609039,0.6911409460538567,0.0,0.0,0.7347293918934766,0.0,0.7076945112953921,0.0,0.0,0.0,0.0,0.0,0.7491661383183444,0.0,0.0,0.0,0.6588153903443539,0.0,0.6950385790092053,0.6905022692950522,0.700414759502217,0.685725471058775,0.6690941768618912,0.7381551575584302,0.0,0.0,0.0,0.0,0.7224380481872813,0.6934762223395163,0.0,0.7136029667859013,0.0,0.0,0.7164707235712844,0.0,0.7209740542690102,0.7193185315951138,0.0,0.0,0.0,0.6996597597913199,0.0,0.0,0.7350628195946475,0.0,0.0,0.0,0.0,0.6832953891432197,0.0,0.0,0.6905399102403016,0.6926384945004778,0.6724112993376318,0.7281070319244635,0.0,0.7138951285771303,0.6958015398342675,0.0,0.7167512864086238,0.0,0.0,0.0,0.0,0.0,0.7351886913963294,0.0,0.7068800203495101,0.0,0.7087060626747913,0.7028754253558882,0.0,0.6572898429921072,0.0,0.0,0.7097361259711218,0.0,0.720913281471789,0.0,0.0,0.699779301071882,0.7392018372055988,0.0,0.0,0.0,0.0,0.7171734319386205,0.0,0.7324939913424148,0.0,0.723561241793242,0.0,0.0,0.6505449910862918,0.6888176611513701,0.6979371542813392,0.0,0.0,0.7252528674785491,0.6865431203238788,0.6642393436263095,0.6560427968770808,0.0,0.0,0.0,0.0,0.0,0.0,0.6428347549926778,0.0,0.0,0.0,0.7514524902536679,0.7068116952981894,0.6965841861979234,0.0,0.708417810679665,0.0,0.0,0.0,0.0,0.0,0.0,0.7180243494536249,0.7093903758777432,0.6956837264541963,0.7031993813508322,0.0,0.0,0.0,0.0,0.0,0.0,0.0,0.0,0.0,0.6998481330786233,0.0,0.6960376600872032,0.7196256957954763,0.0,0.6809872256518112,0.6824189950507527,0.6373016417752118,0.0,0.6880417383808175,0.7068220781360607,0.6874642514019877,0.0,0.7370714065466918,0.6677196324447793,0.6936210000898844,0.6829460308224233,0.0,0.0,0.0,0.6932484449169967,0.6869300472543206,0.6941853610942954,0.7042290924408823,0.7164608335982453,0.7330877051459239,0.6849547996272444,0.6990161931184012,0.0,0.7265014212425104,0.7397450129854367,0.0,0.0,0.0,0.0,0.7657883758724452,0.0,0.0,0.6968215531177104,0.0,0.0,0.7230212905141246,0.737187551829487,0.6888474566675318,0.0,0.0,0.6917314089300137,0.0,0.0,0.0,0.7284385344696459,0.0,0.0,0.0,0.7012197576995501,0.7184427016417607,0.6934536097923703,0.0,0.6945066664348523,0.66990321515545,0.699383839507601,0.0,0.0,0.0,0.0,0.0,0.6934196791284813,0.0,0.0,0.7341792938122363,0.7178309779057466,0.0,0.6666675351313529,0.0,0.7324245095906567,0.6963361431159969,0.0,0.0,0.6843122405803129,0.0,0.0,0.0,0.0,0.0,0.0,0.0,0.7156265269270562,0.0,0.0,0.719029962631908,0.0,0.0,0.0,0.7229271309550205,0.0,0.0,0.0,0.0,0.0,0.0,0.0,0.6662684680289935,0.0,0.6921449515999493,0.0,0.0,0.0,0.0,0.0,0.0,0.7247125525893585,0.0,0.0,0.7284273732078177,0.0,0.7028283375322443,0.6910445038339733,0.0,0.6768809534773275,0.0,0.0,0.0,0.0,0.0,0.6969379447858125,0.0,0.0,0.0,0.0,0.6923117419435978,0.7175492376412337,0.0,0.0,0.0,0.7103656051297369,0.0,0.0,0.0,0.0,0.0,0.0,0.0,0.6954501103488342,0.6724293661401332,0.7240234570316464,0.7379698160818747,0.0,0.7029906839691598,0.6897722435753725,0.0,0.0,0.7423353462923967,0.7014936355103655,0.0,0.0,0.711648158823991,0.7208124660195308,0.7160650207705803,0.6970387274973278,0.0,0.0,0.7101534932101881,0.0,0.0,0.7175818068560245,0.7096602951620914,0.7092542021923097,0.0,0.0,0.0,0.0,0.6892518075284906,0.7049928378700399,0.0,0.700515901934074,0.0,0.0,0.0,0.0,0.0,0.0,0.0,0.6557360319011527,0.0,0.0,0.0,0.0,0.0,0.7201803644105452,0.0,0.7157366818916058,0.0,0.6857100892796809,0.7036925464379968,0.7179753323649516,0.0,0.7310015580729413,0.6983320455302836,0.6751299885573956,0.7292512962444261,0.0,0.7029808825622678,0.7527198318411372,0.6917340958761363,0.7263958879751821,0.0,0.0,0.0,0.6975491719380517,0.0,0.0,0.6763793361215853,0.0,0.699040796093375,0.0,0.6917273581902398,0.0,0.695669615892368,0.0,0.6931880499324448,0.6948205142287418,0.7123234950133726,0.7369343402691143,0.0,0.0,0.0,0.7099352252844706,0.7108070660900686,0.0,0.6809426696398732,0.0,0.0,0.7442916899963062,0.7075851589601495,0.0,0.0,0.0,0.6902360800873759,0.0,0.7311620732270558,0.0,0.0,0.7226016231748413,0.0,0.6891169895769236,0.0,0.0,0.6870491134869552,0.7162380221877964,0.0,0.695674752992178,0.6727857230608967,0.0,0.7196960273336347,0.0,0.0,0.0,0.0,0.7117456953497209,0.7264474425172515,0.0,0.7075553172242007,0.7443092702052797,0.7141261680114088,0.0,0.0,0.0,0.0,0.0,0.0,0.0,0.0,0.0,0.7312137152016305,0.6818281409079178,0.0,0.0,0.0,0.0,0.0,0.7228215654447896,0.0,0.6907602249550719,0.0,0.0,0.6820762530277373,0.0,0.6859315304422198,0.0,0.7280471499386498,0.7167810620926242,0.723597207309537,0.7408240143164909,0.6879143147438448,0.0,0.0,0.6762135567622881,0.0,0.0,0.0,0.0,0.0,0.7111351072197868,0.0,0.0,0.6811886616585484,0.0,0.0,0.6958586737441173,0.0,0.7006624141634402,0.7122550094409967,0.0,0.712622969692351,0.0,0.6603377204125763,0.7026911726572052,0.0,0.6784303794352704,0.6897075871515468,0.0,0.0,0.6867276804508365,0.0,0.0,0.0,0.7406462916920636,0.0,0.672665453785661,0.7012157988600538,0.7354947265106908,0.7196112084493856,0.6627066144865684,0.0,0.0,0.7187067021988087,0.0,0.0,0.0,0.7119854359078767,0.7337828583868988,0.0,0.0,0.0,0.0,0.0,0.0,0.0,0.0,0.6894043401268848,0.0,0.0,0.0,0.6957137613779663,0.7052436742121277,0.7348987996311996,0.0,0.0,0.694282642679565,0.6995320588814624,0.0,0.0,0.0,0.0,0.0,0.0,0.7250423661738685,0.0,0.0,0.0,0.0,0.7360985413361261,0.7504993107761389,0.0,0.0,0.7093129420380295,0.0,0.686920156127173,0.0,0.6764168695438441,0.0,0.0,0.7024466108938924,0.6918890345502245,0.0,0.0,0.0,0.6979473430989744,0.0,0.7111661992269791,0.0,0.0,0.7113832962416339,0.709883712668435,0.6617959492631773,0.0,0.0,0.6787164446737948,0.0,0.6981932603496812,0.6685748116730327,0.0,0.0,0.6965696129118474,0.7114710119406359,0.0,0.7053902552135153,0.0,0.0,0.0,0.0,0.0,0.7496431838956072,0.0,0.0,0.0,0.0,0.6915102616844497,0.7001180472208228,0.0,0.0,0.0,0.0,0.0,0.7264464843568759,0.7588383451096103,0.0,0.0,0.0,0.0,0.6836613171993505,0.0,0.0,0.0,0.0,0.0,0.7168214520396428,0.7349726993219395,0.0,0.0,0.0,0.0,0.0,0.6878655083968256,0.682675925233774,0.0,0.0,0.7199594045072866,0.0,0.7229428733497795,0.0,0.7034123550036748,0.7459039628805826,0.0,0.0,0.0
0.0,0.0,0.0,0.0,0.0,0.9589907506654197,0.8704568176527202,0.0,0.8814384952535325,0.9038022360468022,0.8752549709825839,0.0,0.0,0.0,0.8680297433252081,0.8589484467146216,0.0,0.8914961534280107,0.8269836721430291,0.9245295361920903,0.0,0.0,0.898984240271264,0.0,0.8703437828250736,0.9132298568733435,0.0,0.8702376788998929,0.0,0.8723765416173742,0.0,0.0,0.891429956296837,0.0,0.8418913588810362,0.0,0.895054862715482,0.0,0.877711809285688,0.8888242114700631,0.8784945538365859,0.0,0.921739546417147,0.8775535234008139,0.0,0.0,0.0,0.8611165777027093,0.8575063443179861,0.0,0.0,0.0,0.8673209267141395,0.875101029200663,0.8752447021265067,0.8459630539169741,0.862117267442855,0.0,0.9182935691999814,0.0,0.0,0.0,0.932031901014422,0.0,0.0,0.0,0.8986390052151324,0.8380964860872565,0.0,0.0,0.0,0.0,0.9036137776956049,0.0,0.0,0.0,0.0,0.9123008302315364,0.0,0.0,0.8840461816007086,0.0,0.0,0.0,0.9078409955602937,0.0,0.8925507319651068,0.0,0.8596668468634123,0.0,0.0,0.0,0.0,0.0,0.8900909565076335,0.9282390468531343,0.0,0.0,0.0,0.0,0.0,0.0,0.0,0.0,0.0,0.0,0.8933811609121438,0.0,0.8516053138396725,0.0,0.8501285311491957,0.0,0.0,0.0,0.0,0.8811536095512686,0.0,0.0,0.0,0.9053254406563862,0.8697970920277495,0.0,0.8813661349137472,0.901773429848881,0.892362884186705,0.0,0.0,0.8968182744524825,0.9132708272193679,0.8731842300379835,0.0,0.0,0.8948482293010319,0.0,0.0,0.8578617462835071,0.8970407963819316,0.0,0.0,0.0,0.8910182209382402,0.0,0.8714915046467386,0.0,0.9131272631157181,0.8911284173443405,0.0,0.0,0.8475153531168113,0.0,0.0,0.0,0.0,0.0,0.8423465504159294,0.0,0.0,0.0,0.9317720488370903,0.0,0.0,0.8532358564717436,0.8921287005479421,0.0,0.0,0.0,0.8769283728479731,0.8954383872871563,0.0,0.8783031726876176,0.0,0.0,0.8872008338043536,0.0,0.0,0.853093072364073,0.0,0.0,0.0,0.0,0.0,0.0,0.0,0.0,0.9019194573659289,0.0,0.0,0.0,0.897268178701725,0.0,0.8984368358926252,0.0,0.0,0.0,0.0,0.0,0.0,0.905123009490113,0.0,0.0,0.0,0.8897777027219748,0.8501164191177706,0.0,0.8950801662278954,0.9028330133816331,0.0,0.9107454125834957,0.0,0.0,0.0,0.0,0.9141413617849984,0.0,0.0,0.0,0.8636309860823067,0.0,0.0,0.8620441423020875,0.0,0.0,0.0,0.0,0.0,0.9026392596860974,0.9080197231580565,0.8486127999949168,0.0,0.0,0.885790953873858,0.0,0.0,0.0,0.8976906675799186,0.0,0.0,0.892319417411013,0.8924213067865864,0.0,0.0,0.0,0.9142449224530012,0.0,0.0,0.0,0.0,0.9091901118044665,0.862134835422612,0.8700536842986258,0.0,0.8659090517793163,0.8923529356793917,0.0,0.0,0.0,0.0,0.0,0.0,0.0,0.0,0.0,0.0,0.0,0.876759352093718,0.0,0.0,0.0,0.8358978092586917,0.0,0.0,0.8802660287136816,0.0,0.0,0.8362362922857209,0.8981010040661982,0.9193374315942014,0.0,0.0,0.0,0.0,0.0,0.8893650949175065,0.8715809366578295,0.8601786846858377,0.8551763770823798,0.0,0.0,0.8118464377449655,0.0,0.0,0.8775158153952981,0.0,0.8741904794940217,0.0,0.900472157550266,0.0,0.0,0.0,0.8447040732126816,0.0,0.0,0.0,0.0,0.8506458976187661,0.0,0.9341528006030226,0.9144059360625308,0.0,0.0,0.8594008203351455,0.9044626976419012,0.876580499554898,0.0,0.0,0.8552612339742314,0.9000479855678675,0.0,0.8610809000126141,0.9040293196749686,0.0,0.0,0.0,0.8714101571509388,0.0,0.0,0.0,0.0,0.8886088340092521,0.0,0.0,0.0,0.0,0.0,0.0,0.0,0.0,0.0,0.0,0.0,0.0,0.8625258205332015,0.0,0.0,0.0,0.8972729337284152,0.8465827165720784,0.0,0.8863335228854141,0.0,0.0,0.9205818626292925,0.9242232249385175,0.0,0.0,0.0,0.9055365835067438,0.0,0.0,0.0,0.0,0.0,0.0,0.0,0.9227262644482516,0.0,0.0,0.0,0.900025063879564,0.0,0.0,0.0,0.0,0.0,0.8750053791964363,0.9059031970714478,0.0,0.0,0.0,0.0,0.9028452764600593,0.914234405578525,0.0,0.8834416518038748,0.0,0.8791538616283446,0.8468703762020627,0.0,0.0,0.0,0.0,0.0,0.0,0.0,0.0,0.8633217896331875,0.8980785367825277,0.0,0.0,0.0,0.0,0.918212575909116,0.8827382298636671,0.9189003709805902,0.8645942689331629,0.9085736362631011,0.0,0.8943644469318573,0.0,0.0,0.0,0.8916150922060297,0.0,0.8215208688483647,0.0,0.0,0.0,0.0,0.8980727560925353,0.0,0.8614559187841424,0.0,0.8670089373926921,0.0,0.0,0.913040479340473,0.0,0.8922773995057315,0.8927655666360065,0.0,0.0,0.0,0.0,0.0,0.8544493839432361,0.0,0.9297800305744766,0.0,0.8618152885749392,0.8674324323324819,0.0,0.9115916747317179,0.0,0.8520860982776509,0.0,0.8892634018797472,0.0,0.0,0.8820100981614721,0.0,0.0,0.0,0.0,0.0,0.8791557647972359,0.9531445095615889,0.0,0.0,0.0,0.0,0.0,0.8865711717001681,0.8878259494923539,0.8701164592284181,0.0,0.0,0.0,0.0,0.8578180930316366,0.8697402085786153,0.0,0.8445334782552624,0.8864774588417069,0.8248984581290261,0.0,0.0,0.0,0.0,0.0,0.9180731311790958,0.8791894767399268,0.0,0.0,0.0,0.0,0.0,0.0,0.0,0.0,0.0,0.0,0.0,0.0,0.0,0.8888765493731638,0.0,0.0,0.0,0.8719400053439617,0.8793278495786118,0.0,0.0,0.8795620284190981,0.0,0.0,0.0,0.9201387469013911,0.0,0.8650215333894787,0.9017758471395184,0.0,0.0,0.0,0.8892977703002352,0.0,0.0,0.8705013587104016,0.0,0.0,0.0,0.0,0.8760367093185566,0.0,0.8881315873738659,0.9027615313072798,0.0,0.0,0.0,0.9108771488235373,0.0,0.0,0.9060966787272454,0.0,0.8877971579935359,0.8832282738162085,0.0,0.0,0.888042781110695,0.8549339533544984,0.0,0.0,0.0,0.0,0.0,0.0,0.0,0.0,0.0,0.0,0.0,0.9106249636809003,0.0,0.8429341195574016,0.0,0.8960569527726189,0.0,0.0,0.8982178656985367,0.0,0.0,0.8516657543959871,0.8819349738128309,0.9055932698023381,0.8402698879188106,0.0,0.0,0.8243145100016619,0.0,0.914135256210414,0.8756418098661936,0.8866008465288562,0.0,0.8829366331049355,0.8833200754578705,0.0,0.0,0.896612122743664,0.8831840759328944,0.0,0.845858233760161,0.0,0.0,0.0,0.9120690523480641,0.0,0.8543482343594645,0.9235173961416591,0.8792317996116021,0.0,0.9061320602677773,0.8762694781533326,0.0,0.0,0.0,0.846700024398122,0.0,0.0,0.8341265358477571,0.0,0.9149879241016415,0.0,0.0,0.870003159227335,0.8821203222658759,0.0,0.8999336852919468,0.0,0.865845167573163,0.8869638186974886,0.0,0.9080570037410971,0.8823714985171457,0.0,0.0,0.8962663047713304,0.0,0.9057599843410084,0.0,0.8796517402029772,0.0,0.0,0.0,0.0,0.8348607940283816,0.0,0.8546199360130865,0.0,0.0,0.0,0.0,0.0,0.8850679004979892,0.9242195268948861,0.0,0.0,0.0,0.8932044928523666,0.0,0.0,0.8768379621118634,0.8940872356221957,0.9121876258615251,0.0,0.8773373123096992,0.0,0.0,0.0,0.0,0.0,0.0,0.0,0.0,0.0,0.0,0.8834428446420634,0.0,0.0,0.8998217640797458,0.9058619639805588,0.8658758818848081,0.8554625243107268,0.0,0.0,0.0,0.8915084080991903,0.0,0.0,0.0,0.0,0.9099760444679745,0.0,0.0,0.0,0.0,0.9071966921603781,0.9303170797615999,0.870072687685807,0.0,0.9013143750812252,0.0,0.8832347597854288,0.0,0.0,0.0,0.8759061174524446,0.0,0.0,0.8903588562501622,0.8820963175309309,0.0,0.0,0.0,0.8546108489637049,0.908936046244317,0.0,0.8920133756742603,0.0,0.0,0.0,0.8709795094532474,0.8633799952594959,0.0,0.909767000249474,0.0,0.0,0.0,0.8931841719011374,0.0,0.8892317373319187,0.849851558842217,0.8612975701641822,0.0,0.8960805310688326,0.0,0.8507793021712218,0.0,0.0,0.0,0.0,0.0,0.0,0.0,0.8752852893442401,0.0,0.0,0.0,0.0,0.0,0.0,0.0,0.0,0.8917749701506293,0.8658330568709041,0.0,0.0,0.0,0.0,0.8639137252927717,0.9180169604152454,0.0,0.9137962763700358,0.0,0.8714719054564003,0.8636648516741033,0.9051415724601055,0.0,0.0,0.8952726787469104,0.8753448191207862,0.0,0.0,0.0,0.8966337148667544,0.0,0.0,0.0,0.0,0.0,0.0,0.0,0.0,0.8503396623302107,0.0,0.0,0.8549053843510046,0.0,0.8340442745271074,0.0,0.0,0.0,0.0,0.0,0.0,0.8796448032233521,0.0,0.0,0.0,0.0,0.8246650579494955,0.0,0.0,0.8789827032640282,0.0,0.8850124428188222,0.9444236211033167,0.0,0.0,0.0,0.0,0.0,0.0,0.0,0.8755311687147554,0.8853668150442747,0.0,0.8627388251158101,0.8818570868860481,0.0,0.8979441503845491,0.0,0.0,0.0,0.0,0.8726712142264585,0.0,0.0,0.0,0.8849056467279056,0.0,0.8711251865527574,0.8450809500654981,0.8949461189903504,0.9128216254177761,0.0,0.0,0.8706191663088463,0.85031515551584,0.0,0.8476017179064409,0.9041890505699202,0.0,0.0,0.0,0.0,0.8924478708105859,0.0,0.0,0.0,0.0,0.8494596202727768,0.9139888897048368,0.7851980731285122,0.0,0.8679341741120636,0.0,0.0,0.0,0.0,0.0,0.0,0.9224820601147671,0.0,0.0,0.0,0.8663421092522519,0.0,0.0,0.0,0.0,0.8678576918128637,0.0,0.8923507338252027,0.8964023645926422,0.0,0.0,0.0,0.0,0.0,0.0,0.8981009723573037,0.0,0.8809740958795149,0.0,0.9122868091626336,0.883208807467885,0.0,0.8795174220662145,0.0,0.8307767319291421,0.0,0.0,0.0,0.9311949918942901,0.8479519403368824,0.0,0.0,0.0,0.8632332292381658,0.0,0.849890884465628,0.8553114382183127,0.0,0.0,0.0,0.0,0.0,0.9094292796851683,0.0,0.0,0.9071837699576613,0.0,0.9026351912445676,0.8649285343496638,0.8651690139896353,0.0,0.0,0.0,0.0,0.0,0.0,0.0,0.0,0.0,0.8891757915934465,0.0,0.0,0.0,0.0,0.0,0.902322314413734,0.0,0.0,0.0,0.0,0.0,0.0,0.8587589433737256,0.0,0.8380162067461974,0.0,0.0,0.0,0.8662220522103901,0.8653338055971698,0.9331415145542001,0.0,0.0,0.0,0.0,0.0,0.0,0.0,0.0,0.0,0.0,0.0,0.0,0.0,0.0,0.0,0.0,0.0,0.9012790222763659,0.0,0.0,0.849755160593741,0.8968967222570484,0.8990638342346746,0.0,0.8543852177487239,0.9216104810520633,0.0,0.8765538594016655,0.8908577012371282,0.9186100782045914,0.8889551813613767,0.0,0.0,0.0,0.9167456884458195,0.0,0.0,0.9110418701828754,0.901013499646511,0.8856557681099204,0.8920610307183311,0.8690132371410144,0.0,0.0,0.0,0.0,0.0,0.0,0.8815098527423886,0.0,0.0,0.8636714556421772,0.0,0.8876110186880227,0.0,0.8502828658748058,0.8989644559870108,0.0,0.0,0.8693469026993613,0.0,0.0,0.8414516931099866,0.0,0.0,0.8810696282099215,0.8776725253894062,0.8854671460323154,0.0,0.0,0.0,0.858847009372766,0.0,0.0,0.0
0.0,0.0,0.0,0.0,0.0,0.0,0.0,0.0,0.9179879731018072,0.0,0.0,0.0,0.0,0.9275810565972136,0.8892724197109122,0.8918957108897192,0.0,0.8906802032757739,0.9334957450833598,0.0,0.9121159886790138,0.8702203953448725,0.0,0.0,0.8906243141636637,0.0,0.0,0.0,0.0,0.8865942426789465,0.0,0.0,0.0,0.9154005381129634,0.9487788045481957,0.0,0.0,0.0,0.9046692032993722,0.0,0.0,0.0,0.0,0.0,0.0,0.0,0.0,0.0,0.0,0.0,0.9040358495577984,0.0,0.0,0.8882512323877325,0.9071759880763044,0.9229722672234824,0.8834508717072062,0.0,0.865340524739075,0.9138114622214081,0.9043511528959702,0.9069834774820802,0.0,0.0,0.0,0.8840831073700969,0.0,0.9401632817697398,0.0,0.0,0.0,0.8927440280594148,0.0,0.0,0.0,0.0,0.0,0.0,0.0,0.0,0.8599771974539148,0.0,0.8539622212529959,0.0,0.8543198386186366,0.0,0.0,0.909500672027298,0.0,0.88307719490857,0.0,0.9585553683946998,0.0,0.0,0.0,0.0,0.0,0.0,0.8800655444696364,0.0,0.8772198378805068,0.0,0.9079442864131826,0.9191326474798494,0.9523350232939749,0.8680860816334305,0.8906702782226238,0.0,0.9132172048482592,0.8995028500570484,0.9337114256480654,0.0,0.0,0.0,0.0,0.8433805108269472,0.0,0.8431341469508684,0.9606286919458623,0.0,0.0,0.0,0.9166149445123304,0.0,0.9145409250975056,0.9078572214241832,0.0,0.0,0.0,0.9421588194339616,0.0,0.0,0.0,0.0,0.9026097602076064,0.8726207801003234,0.9294922314763193,0.9041452950220663,0.0,0.0,0.0,0.9135455875217677,0.0,0.0,0.0,0.0,0.8912584046176241,0.0,0.0,0.0,0.0,0.0,0.904620265502405,0.0,0.0,0.9463601947487338,0.0,0.0,0.0,0.883125403031874,0.0,0.0,0.8923594518552331,0.9020526341301269,0.8966590082701967,0.0,0.0,0.0,0.0,0.0,0.0,0.8887544711932195,0.0,0.8924789491077886,0.0,0.898128301863075,0.9173915289203644,0.0,0.0,0.0,0.9335951363354824,0.861151936069585,0.0,0.0,0.0,0.0,0.0,0.0,0.0,0.0,0.0,0.9121502694864579,0.8788313943005717,0.0,0.0,0.0,0.0,0.0,0.869563797848139,0.0,0.0,0.0,0.9162878846430285,0.0,0.0,0.0,0.9403801687994066,0.0,0.9147093822880601,0.0,0.9454518106143769,0.9202849277770847,0.0,0.0,0.0,0.9200996250042566,0.8769901976636828,0.0,0.9331545686287467,0.0,0.0,0.0,0.0,0.0,0.0,0.8340555118887475,0.0,0.9085712724119168,0.9205664765058047,0.0,0.9308887374273198,0.0,0.8962578846945043,0.8910039124741868,0.0,0.873366780640583,0.0,0.8905984164330827,0.8751794418767253,0.895503998348066,0.0,0.0,0.9223673942834679,0.0,0.0,0.0,0.8991245605342085,0.0,0.0,0.9485064813372314,0.0,0.0,0.9144885607186581,0.0,0.0,0.9363338876822853,0.8722078811859337,0.0,0.9227450905528195,0.9135232211477532,0.0,0.0,0.0,0.0,0.0,0.9000864027559113,0.0,0.0,0.8736185527193986,0.0,0.895621244134853,0.0,0.8836176203854138,0.0,0.9090440925715317,0.0,0.0,0.0,0.0,0.0,0.0,0.0,0.8661012655054103,0.0,0.8599443125371496,0.8826342658214641,0.8853043085857623,0.886310227247586,0.0,0.0,0.0,0.0,0.9283542599263971,0.0,0.0,0.0,0.0,0.0,0.0,0.9012622906540376,0.9139032137023653,0.0,0.0,0.0,0.8891560026797396,0.0,0.0,0.0,0.0,0.8788100483387915,0.8885313856310035,0.0,0.8680428691552131,0.0,0.9038980083328458,0.9029518119706691,0.0,0.9176835748702568,0.8961357375403023,0.0,0.0,0.0,0.0,0.0,0.8818219644173746,0.0,0.0,0.0,0.0,0.8986521270661338,0.9011223007747305,0.9349158920770051,0.0,0.0,0.0,0.0,0.9229737971706504,0.0,0.9034495052587234,0.0,0.0,0.9224188466091412,0.0,0.0,0.0,0.8549591004860208,0.0,0.9359013475780236,0.0,0.0,0.0,0.0,0.0,0.0,0.0,0.0,0.0,0.0,0.9102186466259684,0.0,0.0,0.0,0.0,0.0,0.0,0.9133368562527483,0.8781388685059549,0.0,0.0,0.9240992654402915,0.0,0.946426599135181,0.0,0.0,0.0,0.8552532817193822,0.9159550896301937,0.0,0.0,0.0,0.0,0.0,0.0,0.8737605653083962,0.9013245914910653,0.0,0.874871450766796,0.0,0.9034278218054769,0.0,0.8587705381995367,0.0,0.0,0.0,0.8906244990828524,0.8754256904063679,0.0,0.0,0.0,0.0,0.0,0.0,0.9391704426743374,0.0,0.8860411432196094,0.0,0.0,0.0,0.0,0.9387355620027387,0.0,0.8961047481930716,0.0,0.881668360678815,0.0,0.0,0.0,0.8933929987648456,0.0,0.8729347046297025,0.0,0.0,0.9149238106627925,0.8827404737478205,0.0,0.0,0.0,0.8563401310354501,0.0,0.0,0.0,0.0,0.0,0.0,0.9249533340315409,0.0,0.0,0.877977197218541,0.867107111432071,0.0,0.0,0.0,0.9302165964750926,0.0,0.918680505777336,0.0,0.0,0.927287510072478,0.8946316375745527,0.0,0.9597822421457493,0.9063193485484572,0.0,0.0,0.0,0.0,0.0,0.0,0.0,0.0,0.0,0.0,0.8908618659139722,0.8873077993173264,0.0,0.0,0.0,0.0,0.8687394339490683,0.0,0.0,0.8998401895470666,0.0,0.9481263816393104,0.0,0.0,0.0,0.0,0.9107067851278383,0.0,0.9043302895568173,0.8867534777520325,0.0,0.0,0.0,0.85689021588517,0.0,0.8753703165273745,0.9072374745103926,0.0,0.0,0.0,0.8597049884125928,0.9030166518422197,0.0,0.0,0.8969186003613716,0.0,0.87752018866907,0.9073505479536885,0.0,0.0,0.0,0.9022714091823409,0.0,0.0,0.0,0.0,0.9163428746719662,0.0,0.8784755649330828,0.0,0.0,0.883175054108504,0.0,0.0,0.0,0.9046660035822796,0.0,0.9024205240032656,0.9322706610565159,0.8738928452722149,0.0,0.8971440793724637,0.9032865797807672,0.8981213924801577,0.0,0.0,0.8690452413437391,0.0,0.0,0.0,0.0,0.9326424227277857,0.8943842697170369,0.0,0.0,0.0,0.8787741264250563,0.0,0.0,0.0,0.0,0.9010754574456763,0.900695047795861,0.0,0.0,0.8698233959855873,0.0,0.0,0.8972166885292292,0.0,0.9064141112576638,0.0,0.0,0.8651282066037994,0.9045396677547417,0.0,0.918506351339138,0.9082963130237223,0.0,0.0,0.9102382476516837,0.9096377157547544,0.0,0.0,0.9191700054466622,0.0,0.8715688512118335,0.9269957159637586,0.0,0.8742771127095545,0.9039424143850125,0.9468918453551417,0.8892980541007646,0.9095204419062091,0.0,0.9059161775945805,0.0,0.9095401763087277,0.0,0.0,0.0,0.9023789675044794,0.0,0.9285567920937594,0.0,0.0,0.0,0.0,0.0,0.0,0.0,0.0,0.0,0.0,0.0,0.9178370781072869,0.0,0.9101026500530843,0.0,0.0,0.0,0.0,0.0,0.0,0.9050176401712162,0.9045093803441193,0.0,0.0,0.0,0.0,0.0,0.0,0.8934749082547033,0.0,0.0,0.0,0.9309733346581864,0.0,0.0,0.0,0.9198585352034868,0.9110756286392566,0.0,0.9071772788598721,0.0,0.0,0.8486897637473668,0.0,0.9164201236007368,0.8659396426365329,0.0,0.0,0.0,0.0,0.0,0.0,0.0,0.9116832297524419,0.9163445064195563,0.8981528432464513,0.860363996387879,0.9306819158447349,0.0,0.0,0.9070454203835338,0.9236528170787773,0.0,0.8658147019244263,0.9164183702131922,0.8999771451997168,0.0,0.0,0.0,0.0,0.0,0.9169064681564532,0.0,0.9035448434887848,0.910589095538726,0.0,0.0,0.0,0.0,0.8769546623210602,0.0,0.0,0.0,0.0,0.8931227381818153,0.8989335381941763,0.0,0.0,0.0,0.0,0.0,0.0,0.8696582226707466,0.0,0.9203078145198396,0.0,0.9159850789058571,0.8994894754537265,0.0,0.9172943656739353,0.9363737417524132,0.843511490064197,0.8999237155760454,0.0,0.9099427864596498,0.8846488335446611,0.9007428376298628,0.0,0.8891505301975159,0.8859217264712991,0.0,0.0,0.9367133952963798,0.8945338923625876,0.9219495550756863,0.8959343127714988,0.0,0.0,0.0,0.0,0.8551189367158962,0.0,0.8873973527397977,0.0,0.9108241159088559,0.0,0.0,0.0,0.0,0.0,0.0,0.0,0.9455217336035748,0.0,0.0,0.0,0.0,0.0,0.0,0.0,0.9569103405676433,0.0,0.0,0.0,0.0,0.0,0.0,0.9211405367164149,0.900388460384836,0.0,0.0,0.0,0.0,0.8868511661082314,0.0,0.0,0.9010216130866547,0.8959586573635152,0.8859882908075934,0.0,0.0,0.8947391247426252,0.0,0.0,0.9256442144921658,0.0,0.0,0.0,0.9186344457207031,0.0,0.0,0.0,0.0,0.934710688266061,0.0,0.8846370810273775,0.0,0.8817172278306151,0.0,0.8658629765848228,0.8783547703742809,0.940390526400756,0.0,0.0,0.9176847916839672,0.9160323812006347,0.0,0.8678592126778366,0.8949345847108341,0.8773782999756837,0.0,0.0,0.9011384883107196,0.9115299271735863,0.0,0.8742628013359391,0.8612717546714671,0.0,0.0,0.0,0.9734988986205425,0.0,0.0,0.0,0.896688712605849,0.0,0.0,0.9132730462315636,0.0,0.0,0.8935115239156133,0.892101754140071,0.8902255429319444,0.0,0.0,0.0,0.8864379964607985,0.0,0.0,0.0,0.0,0.0,0.0,0.8849663825850622,0.0,0.854230797401005,0.0,0.0,0.0,0.0,0.8870028682266964,0.0,0.9026357927731226,0.0,0.0,0.0,0.0,0.0,0.8918577899109378,0.0,0.0,0.0,0.8793582106697756,0.9092438841622693,0.0,0.9394071091273004,0.0,0.9054078003382804,0.0,0.0,0.0,0.0,0.0,0.0,0.8541436226092461,0.0,0.9054106868464915,0.0,0.0,0.0,0.9192138469240125,0.0,0.895388829483521,0.0,0.0,0.890508127239474,0.0,0.9394267194809218,0.0,0.0,0.0,0.0,0.0,0.0,0.0,0.0,0.8999583705378765,0.0,0.9220592429904136,0.9141206689330846,0.9009950914730388,0.0,0.8949078533467154,0.0,0.8958132247976575,0.0,0.0,0.9098970038198118,0.9261961431691831,0.8956356915679016,0.0,0.0,0.0,0.9106261105905816,0.0,0.0,0.9368700151352427,0.8961691710431764,0.8749845394828918,0.9114268935428049,0.881694956973112,0.0,0.0,0.8967401793539401,0.0,0.9232665582908689,0.8900689802314445,0.8794866372150605,0.9342373381248944,0.0,0.0,0.0,0.0,0.0,0.0,0.0,0.0,0.0,0.8916248084411127,0.0,0.0,0.0,0.0,0.0,0.0,0.8901002583096492,0.0,0.0,0.9370730703525717,0.0,0.8672299850386231,0.0,0.8893585189712075,0.0,0.0,0.0,0.0,0.8496646875920045,0.0,0.0,0.0,0.0,0.0,0.0,0.0,0.8986747943832631,0.0,0.932059106256951,0.0,0.0,0.0,0.0,0.9009593978563813,0.0,0.0,0.8953030286945478,0.9106676711656977,0.0,0.0,0.0,0.8782989700097984,0.0,0.8853757295591064,0.9307708587608557,0.0,0.0,0.0,0.0,0.0,0.0,0.0,0.0,0.0,0.0,0.0,0.9159227859763155,0.0,0.8943187173793448,0.863079823741519,0.0,0.0,0.0,0.0,0.0,0.0,0.0,0.0,0.0,0.0,0.0,0.0,0.0,0.0,0.0,0.894840941546192,0.0,0.0,0.8865789605119198,0.0,0.9034481038739244,0.0,0.8635816503593634,0.0,0.9480775501439979,0.8758396172139199,0.8845477287716546,0.8567015373791759,0.0,0.0,0.0,0.9322239450323014,0.9356149123539024,0.0,0.0
0.0,0.0,0.0,0.0,0.0,0.5543294012377291,0.0,0.0,0.0,0.0,0.0,0.0,0.552516293673186,0.6124261826161898,0.5828430670382247,0.6135329621149771,0.0,0.0,0.5922984453476671,0.0,0.5782771301104321,0.0,0.0,0.0,0.5605997672795349,0.5583330597796126,0.0,0.574747613432355,0.0,0.0,0.5500987617835539,0.0,0.0,0.0,0.5740027196490787,0.0,0.0,0.5253449542147522,0.6292412202934822,0.0,0.6450564172601805,0.0,0.0,0.0,0.5628933177888129,0.5275518321544669,0.5378341177725728,0.0,0.0,0.0,0.0,0.5738220475256287,0.6026684327744597,0.0,0.5933706803759232,0.0,0.5612512904874633,0.0,0.0,0.0,0.5808211615657364,0.0,0.5592603614228969,0.0,0.0,0.5756044616645423,0.6017430070485701,0.0,0.0,0.5691425342309674,0.5490313689385691,0.0,0.5593982582796465,0.0,0.0,0.5587114174493614,0.0,0.6130499050797789,0.0,0.0,0.0,0.6183917461884628,0.0,0.5796757753812789,0.0,0.5959801637930099,0.0,0.0,0.0,0.0,0.5987228794459972,0.6030502208257468,0.0,0.0,0.0,0.0,0.5656296688740398,0.6237402626418141,0.0,0.5433393341542576,0.5897896604936634,0.0,0.0,0.5601078318745952,0.5848128736401206,0.0,0.0,0.0,0.0,0.0,0.5799776247852723,0.0,0.0,0.0,0.0,0.0,0.5615908095838756,0.5418875081823822,0.5873852143045198,0.5464575354340988,0.5949980900334556,0.5867303185749567,0.5973201532958142,0.6051663941731642,0.0,0.0,0.0,0.5733343391946737,0.0,0.0,0.0,0.0,0.0,0.5462982759700913,0.6086772476425848,0.6029594214459217,0.0,0.0,0.6132552856750848,0.0,0.0,0.0,0.5898726446316709,0.0,0.6218352980787459,0.0,0.0,0.0,0.6170695429508556,0.6055926695288675,0.5935202559201643,0.0,0.0,0.0,0.0,0.5683870729278362,0.5828329636530115,0.0,0.0,0.6047386926075592,0.0,0.0,0.0,0.5703147111316116,0.5756767961583313,0.5522134335080674,0.6254172610565035,0.5762061544966999,0.6183154188679043,0.0,0.6295364381831855,0.5852910708821734,0.5892572717867682,0.6010418818673353,0.0,0.0,0.5784425615281883,0.0,0.0,0.5420196028247823,0.0,0.0,0.0,0.0,0.5568115291964599,0.0,0.0,0.0,0.0,0.0,0.5743874220073177,0.5311331642225081,0.5765978296090171,0.0,0.0,0.0,0.0,0.565102072966188,0.0,0.0,0.5652038780512765,0.0,0.0,0.0,0.0,0.6026914315695638,0.5789557390535431,0.0,0.0,0.0,0.0,0.5954966436004302,0.584575161892156,0.5713403633857541,0.0,0.5533971404682254,0.5636383088639135,0.0,0.5772771387175286,0.5935916167348511,0.6174778955172208,0.0,0.0,0.0,0.5849434453285339,0.0,0.0,0.0,0.5835534098451949,0.0,0.0,0.0,0.6007097207152129,0.0,0.0,0.5578739627231638,0.570991275059927,0.0,0.0,0.5604466773596808,0.0,0.0,0.5896231619472211,0.6092171223689455,0.0,0.0,0.0,0.596263831732447,0.0,0.0,0.6040553441261829,0.546318603524474,0.0,0.5623570314079875,0.5782963445992008,0.6049277246341845,0.0,0.0,0.5993079986911737,0.566113657130815,0.6136530182061749,0.0,0.5435117410630773,0.0,0.5589501539563821,0.5773721883306601,0.5821710458310152,0.5831424545419914,0.5491070012192882,0.0,0.0,0.5660186131962688,0.0,0.5849003946742873,0.5589342704657019,0.0,0.0,0.0,0.0,0.0,0.6066532359237875,0.0,0.0,0.5856430665141492,0.5781524953671875,0.0,0.0,0.5481505520035765,0.6221554584852403,0.0,0.5791344023826915,0.0,0.5446581611283007,0.5791360682831795,0.0,0.5489081259442208,0.0,0.0,0.0,0.0,0.0,0.5902042780582354,0.0,0.0,0.0,0.0,0.5685653690167074,0.0,0.0,0.0,0.6169992820433262,0.5622997056514719,0.0,0.0,0.5363824492023392,0.5963939823425808,0.0,0.6031725296252414,0.6251807608927006,0.0,0.588658228800145,0.0,0.0,0.6121332296384664,0.571280850710385,0.5644084485244195,0.5114986192917431,0.0,0.0,0.5494100228831681,0.5991156172319789,0.575245815784298,0.0,0.0,0.5702358751629621,0.0,0.592292096904846,0.5763692334872115,0.0,0.0,0.0,0.5838928474309771,0.5841591078267334,0.560407162455543,0.598197799979994,0.0,0.0,0.0,0.0,0.0,0.0,0.0,0.0,0.0,0.0,0.0,0.0,0.5780365869527696,0.0,0.0,0.0,0.6128225528446224,0.0,0.0,0.0,0.0,0.0,0.5480404775054788,0.5715908507676437,0.5706981717544863,0.6062308334957784,0.0,0.0,0.0,0.0,0.0,0.0,0.5952938738585746,0.5523449165719713,0.0,0.6107892122807924,0.0,0.0,0.0,0.0,0.5836200128177752,0.0,0.0,0.0,0.0,0.0,0.0,0.5968460258924099,0.0,0.0,0.6414538747118779,0.6114859003347797,0.6247914535126616,0.0,0.0,0.0,0.5953680020532303,0.0,0.6005919822915462,0.0,0.0,0.5295051159745013,0.0,0.0,0.0,0.0,0.5584687934764367,0.0,0.6211024343417589,0.0,0.0,0.5605603979874545,0.5353767780425503,0.0,0.0,0.0,0.6006177658959959,0.0,0.0,0.5538905188598537,0.620873564885518,0.0,0.0,0.0,0.5785801623640205,0.0,0.0,0.0,0.6169783105678938,0.5852380765784772,0.0,0.6321718045648305,0.0,0.0,0.5725722282416266,0.0,0.5927359587556479,0.0,0.0,0.0,0.0,0.0,0.5607389497719162,0.5771050163500718,0.0,0.5902810092273985,0.5937433684851816,0.0,0.0,0.0,0.5395181900686533,0.0,0.0,0.0,0.5446411619431101,0.0,0.0,0.0,0.0,0.6125189547398875,0.0,0.0,0.0,0.0,0.0,0.0,0.5623292180607817,0.0,0.5674804108416063,0.590132267149821,0.0,0.5633220967746961,0.5635316944758765,0.558110236330531,0.59004195290857,0.5996849412787947,0.0,0.5470334319581487,0.0,0.5695135910614988,0.0,0.0,0.0,0.0,0.567575875720098,0.0,0.0,0.524301118444479,0.0,0.0,0.0,0.5691370589744438,0.0,0.0,0.6008857472310776,0.5799295940422914,0.6031596709595614,0.0,0.0,0.0,0.6052579653163657,0.5375475192240088,0.5630645955529865,0.0,0.5724446766502853,0.6144555427943366,0.0,0.0,0.0,0.5622265323201365,0.5925273360170586,0.0,0.0,0.0,0.5600763586331572,0.0,0.5814282996292635,0.0,0.5752992903395479,0.5779184772754158,0.5695937921782094,0.0,0.0,0.6075620183709858,0.5906896131768704,0.0,0.5409126839725511,0.5969342138677691,0.0,0.5493269716428337,0.0,0.0,0.0,0.542491788440812,0.0,0.0,0.0,0.5853195147985327,0.0,0.0,0.0,0.5495274892314863,0.0,0.5898771397538203,0.0,0.0,0.0,0.589966478794418,0.0,0.5584545337684986,0.0,0.0,0.0,0.5778389370050363,0.0,0.0,0.5779597783768106,0.563091266664185,0.528834220509096,0.6095782666341536,0.5675264068799765,0.0,0.0,0.5720747869186147,0.0,0.0,0.5639249463413228,0.0,0.0,0.0,0.5365013421770174,0.0,0.0,0.0,0.0,0.0,0.0,0.0,0.5797641171290621,0.0,0.0,0.6120367954649446,0.0,0.0,0.543479790920276,0.0,0.0,0.5389530861640247,0.0,0.5974755896918464,0.0,0.0,0.0,0.5850748584554248,0.0,0.0,0.0,0.545861179772075,0.5462183251860416,0.5607852477251158,0.0,0.0,0.5684326739342946,0.5817413873673549,0.0,0.0,0.0,0.0,0.0,0.5556794299548343,0.6189044152264455,0.5312406502882869,0.0,0.6451010995828428,0.0,0.0,0.0,0.0,0.6064451026562492,0.0,0.0,0.0,0.0,0.5889812068014239,0.0,0.0,0.5407318761600756,0.0,0.0,0.0,0.0,0.0,0.0,0.5922925859093592,0.0,0.0,0.5341273512760687,0.0,0.5916690878233477,0.0,0.5265225494419353,0.0,0.5487577296483365,0.0,0.0,0.5937038190287588,0.0,0.0,0.0,0.6521381390634562,0.5302840679264371,0.0,0.0,0.0,0.5632999828927263,0.6211805518382083,0.0,0.5878444204209429,0.5521239408105604,0.0,0.5280023501102808,0.0,0.0,0.0,0.574062983500027,0.0,0.5474241703365471,0.0,0.5793448771576044,0.0,0.5174877265904407,0.6258828307185011,0.5700266277132476,0.0,0.0,0.571953138171166,0.0,0.0,0.5647873288104217,0.5545455910482098,0.0,0.600281391355668,0.0,0.5998165115721266,0.0,0.0,0.0,0.5944342929789053,0.0,0.0,0.0,0.0,0.0,0.5964623310931847,0.5610315848432464,0.5454813566984239,0.5688072882447168,0.5266143292800141,0.587300933344074,0.5698691623276679,0.0,0.5644758869474235,0.0,0.0,0.5876142784060585,0.5909734647555944,0.0,0.0,0.0,0.0,0.0,0.0,0.0,0.0,0.0,0.5768416853203312,0.0,0.5884017345336697,0.0,0.5781041865981188,0.5517855816043247,0.0,0.5742138078188285,0.0,0.0,0.6322284912721032,0.5856157649396758,0.0,0.0,0.0,0.0,0.0,0.6075766376444157,0.5558731039161499,0.5991014442769392,0.0,0.0,0.0,0.5759528944663912,0.5557643725168262,0.5898939489669265,0.0,0.5535634832978453,0.5569739719968057,0.506448224286114,0.597776664908735,0.0,0.0,0.0,0.5560853460383216,0.5989662712842756,0.0,0.0,0.0,0.0,0.0,0.5568296302444401,0.575434029535855,0.5891692719553743,0.5991375803753355,0.0,0.618097289370554,0.0,0.0,0.0,0.5621905909241022,0.0,0.0,0.0,0.0,0.0,0.5958861267306564,0.0,0.0,0.0,0.5369880468699201,0.523970892232442,0.0,0.0,0.0,0.0,0.5653188870899286,0.0,0.5614401183410729,0.5933643106952637,0.591202213998682,0.5494685806105282,0.0,0.0,0.5839474425371489,0.0,0.5259015821014837,0.5820643922297908,0.0,0.0,0.0,0.0,0.0,0.6157473765889813,0.0,0.0,0.5796713053809286,0.0,0.0,0.0,0.6014721157737037,0.0,0.0,0.563575438018403,0.0,0.6107451180852482,0.5889484994503587,0.5677956614642178,0.0,0.0,0.0,0.0,0.0,0.0,0.5902766502775467,0.0,0.0,0.0,0.568898067261537,0.6005563446877927,0.6012892045516145,0.5955841558361188,0.0,0.0,0.5515096558737114,0.0,0.0,0.5529196280608976,0.0,0.538534716161521,0.5438906702023013,0.0,0.5642747115074519,0.0,0.0,0.0,0.5742911475571189,0.0,0.6122350086759757,0.0,0.0,0.0,0.6147835814629586,0.0,0.5950108648742118,0.5818945775115205,0.0,0.5632635067227897,0.0,0.0,0.5509962912397688,0.5678872098805707,0.550679215602721,0.0,0.0,0.0,0.5609952861458287,0.0,0.6060964154773159,0.0,0.0,0.0,0.5894716271889868,0.6000364382555516,0.5808165645384455,0.0,0.5547870276491985,0.0,0.0,0.0,0.617913905074985,0.0,0.5698709769759637,0.5885155930559302,0.5869064688579855,0.0,0.5825405830679914,0.0,0.0,0.0,0.0,0.0,0.6153771334026267,0.6270317225678482,0.0,0.5750686941601538,0.0,0.0,0.0,0.0,0.0,0.0,0.0,0.6000296606440472,0.0,0.0,0.0,0.0,0.0,0.0,0.5721908311178022,0.0,0.5862187515535505,0.0,0.6068411747708131,0.5998625762332436,0.5381730518284343,0.0,0.0,0.6342954481416495,0.0,0.0,0.605587570421165,0.0,0.0,0.0,0.0,0.0,0.0,0.5648064486489194,0.553832431871431,0.0,0.5792734494589308,0.0,0.5520955321522341,0.0,0.5994981242038232,0.0,0.5677579441808439,0.0,0.0,0.5724874417536352,0.5974567479470307,0.5780321366847198,0.0,0.0,0.5704306406924431,0.5434868360404482,0.572228955777751,0.5947120397240281,0.0,0.5769686061512268,0.0,0.0,0.0,0.0,0.6357023326064183,0.0,0.0,0.0,0.0,0.0,0.0,0.0,0.0,0.5433944385348957,0.0,0.5752961127291905,0.0,0.5973892482782851,0.0,0.557198301925062,0.5430343477410171,0.5930100654460823,0.0,0.0,0.0,0.5662705774128021,0.0,0.0,0.6013492137187858,0.595919947450518,0.0,0.5094699318948385,0.0,0.0,0.0,0.0,0.5824974059336679,0.0,0.0,0.6128534117629063,0.560635047029833,0.0,0.0,0.601133506512464,0.608318864819857,0.5062010126164582,0.0,0.0
0.31110337811942396,0.0,0.0,0.0,0.0,0.3245414382761461,0.0,0.0,0.2958595999988539,0.0,0.0,0.0,0.3066984672603853,0.0,0.33146445606502867,0.0,0.31908733598416966,0.3091661423492545,0.3164438929602649,0.3229625715398258,0.305741479399771,0.3246308500370851,0.0,0.0,0.31937160021806943,0.0,0.0,0.0,0.29737211683530984,0.0,0.0,0.0,0.3171830395388562,0.0,0.0,0.0,0.0,0.0,0.0,0.0,0.0,0.0,0.0,0.0,0.0,0.0,0.0,0.0,0.0,0.0,0.30252634274158574,0.0,0.0,0.309042614236326,0.0,0.0,0.0,0.31319805774012355,0.0,0.2850742562780935,0.0,0.0,0.0,0.0,0.0,0.2805773791623199,0.3472129882569827,0.33698012675027705,0.0,0.0,0.0,0.0,0.0,0.0,0.2870179610261202,0.0,0.0,0.0,0.0,0.0,0.28958939300053177,0.0,0.0,0.0,0.31554010041233793,0.0,0.0,0.0,0.3191124613925979,0.3035073190725838,0.27583249559354445,0.32151840132563003,0.0,0.0,0.0,0.0,0.0,0.3300359453236204,0.0,0.0,0.0,0.33567929404246827,0.0,0.0,0.0,0.3059858052461201,0.0,0.0,0.0,0.0,0.2909494276520498,0.0,0.3106467574756325,0.0,0.31359771935394615,0.2856567047672868,0.27187849214574883,0.28972659266207534,0.3070817432305084,0.0,0.3240277082806797,0.2866538194065226,0.0,0.0,0.0,0.3210276423407147,0.0,0.0,0.3199050008285162,0.0,0.0,0.0,0.0,0.0,0.31457952267553957,0.2838875166427594,0.29552525000060764,0.0,0.3087449873397826,0.0,0.0,0.2889128662391183,0.27862486694601274,0.0,0.0,0.0,0.0,0.0,0.0,0.0,0.0,0.0,0.0,0.0,0.0,0.0,0.0,0.2810912868321556,0.0,0.3164053186897837,0.0,0.31581415889602166,0.2918037094452449,0.0,0.2983744446888587,0.32011873918925887,0.0,0.3158569151734673,0.3171144316784694,0.3364703890039949,0.0,0.29512563402675096,0.3080741891129196,0.0,0.0,0.0,0.32505578638968513,0.0,0.0,0.0,0.0,0.0,0.28021377654157975,0.0,0.0,0.0,0.3094121295290913,0.0,0.0,0.3163537017009974,0.29180464623552355,0.0,0.31348661079543166,0.0,0.0,0.0,0.0,0.0,0.3456388944550083,0.0,0.3139834776896364,0.0,0.317177356794054,0.0,0.3155592632474959,0.29086357017531156,0.3174349894750799,0.0,0.29859045189753297,0.0,0.0,0.2844189184678627,0.0,0.29230755223569205,0.0,0.316091581705674,0.29420531048888593,0.287512991628926,0.0,0.2982189778301461,0.3280480019894931,0.0,0.0,0.0,0.0,0.0,0.2756315470235677,0.31233222734924065,0.0,0.0,0.3308951285530587,0.0,0.0,0.3090998791099478,0.30782939840086687,0.0,0.0,0.0,0.0,0.0,0.0,0.30768939873756546,0.0,0.0,0.28807506043823905,0.29653958264254343,0.0,0.0,0.3458027062074423,0.3215325502131636,0.0,0.0,0.30209687372110533,0.30919111485819445,0.33745067236506165,0.29106223597922026,0.0,0.0,0.3317692977054277,0.0,0.0,0.29792624773937776,0.0,0.30677916407076083,0.0,0.0,0.0,0.0,0.0,0.0,0.2721305269801265,0.3391248390316428,0.28922362116140027,0.2983616431555684,0.0,0.0,0.3397494242811308,0.0,0.0,0.0,0.0,0.0,0.0,0.0,0.3445483743159365,0.0,0.0,0.0,0.0,0.0,0.29843825432798,0.0,0.0,0.3333351116705737,0.28592727612520513,0.0,0.0,0.0,0.0,0.29528604392031865,0.0,0.32289452113905937,0.0,0.0,0.0,0.3173883272760612,0.0,0.33902271995653344,0.3396768878483188,0.0,0.0,0.0,0.0,0.0,0.31969924084873785,0.30117917719902504,0.30066354978600385,0.28504427823246553,0.0,0.3276792553512127,0.0,0.0,0.0,0.32397246354091025,0.0,0.0,0.0,0.0,0.32504723824413745,0.0,0.0,0.0,0.0,0.0,0.0,0.0,0.0,0.28912472468885625,0.0,0.3267708183964642,0.30776111451903987,0.3052958957752274,0.30990565817958415,0.0,0.0,0.0,0.2731321525952265,0.3203542892347675,0.31134335450577694,0.2977787829947676,0.0,0.0,0.0,0.0,0.0,0.0,0.0,0.0,0.0,0.0,0.0,0.30830005124123094,0.0,0.0,0.0,0.33090215103906373,0.0,0.30682068066588647,0.3165680810616432,0.28318750220030336,0.3361360009050343,0.3302306662154414,0.0,0.0,0.0,0.2938547246073599,0.3329433859503515,0.3083869535895348,0.0,0.0,0.2841269439042511,0.0,0.0,0.0,0.29475058956258127,0.32350691752786365,0.29248044454251937,0.0,0.29313628644263834,0.0,0.0,0.0,0.0,0.0,0.0,0.2967757049666021,0.0,0.319188451548976,0.0,0.0,0.0,0.0,0.0,0.31798182374111505,0.3526605475859773,0.0,0.0,0.0,0.3041786396268504,0.30545385218255855,0.0,0.3224900027279867,0.0,0.0,0.0,0.0,0.0,0.0,0.0,0.0,0.0,0.0,0.0,0.0,0.0,0.0,0.0,0.0,0.0,0.0,0.0,0.0,0.0,0.0,0.0,0.0,0.0,0.0,0.0,0.0,0.0,0.3127481867488115,0.29898786119093157,0.0,0.3032859295275353,0.0,0.0,0.2812068573241985,0.31590160901163133,0.0,0.0,0.0,0.0,0.0,0.0,0.0,0.0,0.0,0.0,0.0,0.29038203064911644,0.0,0.3387792886599843,0.0,0.3110961042566701,0.0,0.0,0.3054588671258255,0.0,0.33396112694059626,0.0,0.348073554162103,0.0,0.3276764518227649,0.0,0.0,0.3197173642999845,0.0,0.0,0.0,0.3146187627437433,0.0,0.2767114999681875,0.3210822189071842,0.0,0.0,0.0,0.28133247848026843,0.0,0.26771704076096436,0.0,0.2767381232799695,0.31605032020299,0.0,0.0,0.0,0.31012297131046734,0.0,0.0,0.0,0.32805690513254304,0.31561835186933684,0.0,0.30658842508604545,0.0,0.0,0.0,0.0,0.0,0.0,0.2900181293252878,0.0,0.0,0.0,0.0,0.30068237487755767,0.3451967792918829,0.2958905112032781,0.0,0.33347489252665563,0.3219025489476652,0.0,0.0,0.0,0.0,0.33134195909784636,0.0,0.2923904980789538,0.0,0.0,0.0,0.0,0.3043724160197879,0.2777250208884788,0.32865758002215,0.0,0.3037806852833541,0.0,0.33929613892945454,0.0,0.0,0.0,0.0,0.3315416955802073,0.294684327030017,0.0,0.2925397301423325,0.0,0.0,0.0,0.0,0.2928903721726995,0.0,0.3014032228083033,0.2741721166015789,0.0,0.0,0.0,0.0,0.0,0.0,0.30535163756497835,0.3338733423171422,0.297649574611701,0.3188297937341645,0.29253584869804605,0.0,0.0,0.2870042346272164,0.0,0.0,0.0,0.30180714746482307,0.31784885973614496,0.30962311671597115,0.34493773768893704,0.0,0.0,0.0,0.0,0.0,0.0,0.28980663217961844,0.31879254660493367,0.31976564745013925,0.0,0.3070538301897673,0.31540634523268063,0.0,0.0,0.31291397396432524,0.0,0.3108784166819828,0.0,0.29661799110830556,0.304987598241586,0.0,0.31882028339554286,0.0,0.0,0.0,0.0,0.29608791275235463,0.34015764264467985,0.3211324419916791,0.0,0.0,0.32574964588524674,0.0,0.0,0.0,0.0,0.0,0.0,0.0,0.28749762779938104,0.33440454725088054,0.0,0.0,0.0,0.0,0.0,0.0,0.32643324866244144,0.0,0.30892639473296374,0.0,0.0,0.3081552822190209,0.0,0.0,0.3012778874536722,0.0,0.0,0.0,0.0,0.0,0.296040241053107,0.0,0.0,0.0,0.0,0.0,0.302427977484097,0.0,0.0,0.2994965807003534,0.3366570798800802,0.2916063195149879,0.0,0.0,0.30020580268993574,0.0,0.0,0.3156591444403358,0.31701413119556227,0.0,0.3303768139525688,0.0,0.0,0.3334444066138422,0.0,0.3315169567015226,0.28947615227302875,0.0,0.0,0.29721718374313905,0.0,0.28011860097509567,0.0,0.2935692735014384,0.0,0.0,0.0,0.30424806231443646,0.0,0.327800751293615,0.0,0.0,0.0,0.0,0.0,0.0,0.0,0.31886160211203846,0.3177723259735261,0.29880938185008576,0.0,0.32144478101902074,0.326352834878541,0.31571094687087775,0.315305560478897,0.3197012779588823,0.0,0.0,0.29427871045996573,0.0,0.0,0.0,0.0,0.3542518508366374,0.0,0.2879251453262077,0.0,0.30966883006020945,0.0,0.0,0.2705088673087166,0.0,0.0,0.0,0.0,0.0,0.30045795731642677,0.3186805928004079,0.0,0.27085985855551864,0.0,0.3324742445735261,0.0,0.0,0.0,0.32575733120055217,0.3205335358165042,0.30275628413600986,0.0,0.30309668188009775,0.0,0.0,0.0,0.0,0.0,0.3036996519745466,0.31464240620343653,0.3281228232052458,0.3270065216421663,0.0,0.30234626824793587,0.2869192623511594,0.3103420275622904,0.0,0.0,0.3467658751830188,0.345743344683819,0.31325999807270705,0.3245653330611334,0.0,0.0,0.29093794860031813,0.0,0.3044132569112035,0.26937943622376925,0.0,0.32866607600105463,0.3285832261108936,0.0,0.0,0.3081714122376529,0.0,0.0,0.0,0.0,0.0,0.2971472045175528,0.3254233327593037,0.0,0.0,0.0,0.0,0.0,0.33175092296334513,0.0,0.0,0.0,0.0,0.0,0.0,0.0,0.28868694103813447,0.2939050967866592,0.0,0.0,0.0,0.0,0.3064113103966838,0.0,0.0,0.0,0.3015872750512339,0.0,0.31427377017930624,0.0,0.31437529733775793,0.30646226003695654,0.0,0.33611734967293894,0.0,0.0,0.0,0.3036501689498266,0.0,0.0,0.0,0.33101816408730333,0.0,0.3312125066996861,0.0,0.0,0.0,0.3261666761050469,0.0,0.29884010463686983,0.34203795653958063,0.32019911149802555,0.0,0.29627300651239735,0.3260775367738424,0.0,0.29532469545118295,0.0,0.28948076496185776,0.0,0.0,0.0,0.0,0.3075104675716033,0.0,0.0,0.2977272193185389,0.2996707319234662,0.0,0.3237925346429661,0.0,0.3391407721753237,0.0,0.2975160360476346,0.0,0.0,0.0,0.3186162454973587,0.0,0.0,0.0,0.0,0.31192064104822637,0.0,0.0,0.0,0.2789530744317212,0.0,0.0,0.0,0.2949423993888773,0.3381992279973419,0.0,0.0,0.29332941700761156,0.0,0.283425286180235,0.0,0.0,0.32845956405680515,0.0,0.33588513023770267,0.29960576968837266,0.27777864935985713,0.0,0.0,0.3185960731901669,0.0,0.0,0.0,0.3277940926173351,0.0,0.0,0.0,0.0,0.0,0.0,0.3130205725614345,0.29057550986813563,0.0,0.0,0.3314732039046539,0.0,0.28250123392294674,0.0,0.0,0.0,0.0,0.0,0.31600624176464925,0.2741433526289625,0.2937633169145083,0.3239141070911551,0.28722363564838543,0.0,0.3077399240186024,0.0,0.0,0.0,0.0,0.30752723761236134,0.3259350884596193,0.0,0.3035340624304037,0.0,0.0,0.0,0.0,0.33092654059033916,0.3162905210386233,0.0,0.0,0.0,0.290757175088641,0.0,0.0,0.3369921189555769,0.0,0.0,0.0,0.29626043218084996,0.32147650627474805,0.27829134269762884,0.0,0.0,0.0,0.0,0.3306129440613615,0.0,0.0,0.0,0.3017208663911709,0.0,0.0,0.29989380406316873,0.2963974352950826,0.0,0.0,0.0,0.3202673337375626,0.0,0.3216392738917628,0.0,0.0,0.30556049910485655,0.0,0.0,0.0,0.0,0.3137386234897553,0.0,0.0,0.0,0.33666120950519507,0.0,0.0,0.0,0.346908131800457,0.0,0.0,0.2722755963716599,0.0,0.0,0.27773631686199646,0.0,0.0,0.0,0.0,0.0,0.0,0.3020970466048612,0.0,0.3000185021169523,0.0,0.28879215238378314,0.0,0.0,0.0,0.33367487056968864,0.0,0.0,0.3187084616351296,0.0,0.3229544821583297,0.30974687422673064,0.3293959080953275,0.0,0.0,0.3206679599954028,0.0,0.33043410946980467,0.29651671178167666,0.0,0.0,0.29841414245196046,0.0,0.3046069497487251,0.33263122128174644
0.0,0.0,0.0,0.0,0.0,0.0,0.0,0.0,0.5993322948220811,0.0,0.0,0.0,0.6264261155187061,0.575395556903876,0.6353669200536356,0.6066861427233973,0.57120784288264,0.0,0.6281844955385697,0.0,0.6122088835122838,0.6175623191618823,0.0,0.0,0.6253527375946341,0.0,0.6020100491934902,0.0,0.0,0.0,0.0,0.0,0.0,0.0,0.5852995450409186,0.0,0.5913919727047777,0.0,0.5798264029497306,0.0,0.5607646974540151,0.0,0.0,0.5919495435284683,0.0,0.0,0.0,0.5901077269000213,0.5725473591221947,0.6200816633582826,0.6212139519821736,0.0,0.5932060625613196,0.5595040167378237,0.610168180685903,0.0,0.6332498473903674,0.5988117780384206,0.0,0.0,0.6097522626170049,0.0,0.5935756043407521,0.0,0.0,0.0,0.5684700114890082,0.5881291165574601,0.0,0.6238099976065777,0.6386249799963825,0.0,0.0,0.0,0.6118066204227128,0.6225482529503695,0.5761465337638834,0.0,0.0,0.0,0.0,0.6056811714925877,0.6001984462409895,0.603911541423618,0.0,0.0,0.0,0.0,0.6359900989950479,0.0,0.0,0.0,0.0,0.0,0.0,0.0,0.0,0.609321313050266,0.0,0.0,0.0,0.5949351263046402,0.0,0.621596915801317,0.0,0.5979565895066973,0.5488445195903079,0.0,0.0,0.0,0.0,0.6154537868850207,0.0,0.0,0.0,0.0,0.0,0.0,0.0,0.0,0.592735095498374,0.0,0.5791240384889519,0.0,0.0,0.589244705067661,0.6353389128352589,0.6075061218477306,0.0,0.0,0.0,0.0,0.5958742164016417,0.0,0.6135170987814016,0.6089416519497891,0.5916463601512386,0.6176554374110108,0.5716991090617698,0.0,0.0,0.0,0.6061170799776208,0.6408040439480206,0.0,0.0,0.0,0.0,0.0,0.6049999096561549,0.0,0.0,0.5759768827233461,0.0,0.625731278130753,0.0,0.0,0.0,0.0,0.6014793653209615,0.0,0.5583222625294769,0.5964738057364677,0.0,0.0,0.5955941373817616,0.5954791255076624,0.0,0.5974800185604336,0.5849528882041471,0.6181772928651418,0.0,0.0,0.0,0.0,0.0,0.0,0.5752559154529391,0.0,0.0,0.5955854236169323,0.0,0.58980403069752,0.0,0.0,0.0,0.0,0.0,0.0,0.6010170803579392,0.0,0.5835881509430181,0.0,0.0,0.0,0.0,0.0,0.6085607750776184,0.0,0.0,0.0,0.0,0.5892305468599455,0.0,0.6252111874973868,0.0,0.5860009424186294,0.59937230063232,0.0,0.0,0.0,0.0,0.0,0.0,0.0,0.0,0.0,0.0,0.0,0.0,0.0,0.0,0.0,0.6157873438195341,0.6316781068737198,0.0,0.0,0.604483236214453,0.5469832004267385,0.0,0.0,0.0,0.5512939341030783,0.6313467600762722,0.5890935763143275,0.0,0.6083955027978635,0.6108626125815598,0.0,0.0,0.5949226147941745,0.5805969923343235,0.0,0.0,0.0,0.0,0.0,0.0,0.6232334488425474,0.5875429013946597,0.0,0.0,0.0,0.0,0.0,0.0,0.60166082285042,0.0,0.0,0.5972714830848623,0.5800339709169676,0.0,0.6300901766972015,0.0,0.0,0.5736621657270873,0.0,0.0,0.610543143626268,0.0,0.0,0.6165307270194509,0.0,0.6106699527953889,0.643181312594303,0.5800367312784303,0.0,0.0,0.0,0.0,0.0,0.581888477454256,0.6283652752214914,0.5906130818056492,0.6046189226744765,0.0,0.0,0.609118143726696,0.5930853390697941,0.0,0.0,0.0,0.0,0.6005024658034094,0.0,0.0,0.0,0.0,0.6333424705895296,0.6100279695969669,0.5943010237793968,0.0,0.0,0.0,0.0,0.0,0.6163595214198841,0.0,0.0,0.6136712087973071,0.6075061355311906,0.0,0.0,0.0,0.0,0.0,0.0,0.0,0.5927650841075789,0.0,0.0,0.0,0.0,0.0,0.5807588184937796,0.0,0.0,0.0,0.0,0.6465884147697172,0.5853944628373078,0.5754634468359417,0.0,0.5750980872415794,0.0,0.6310528396332996,0.5956642021655024,0.0,0.0,0.5676569953381283,0.6091299017302781,0.0,0.5864312577249348,0.0,0.0,0.0,0.0,0.549034306087463,0.6375855678880635,0.0,0.0,0.0,0.0,0.0,0.5854749712607785,0.0,0.6423565016934965,0.0,0.5642743525882934,0.0,0.0,0.5950074388107172,0.0,0.0,0.0,0.0,0.0,0.6502256537946127,0.0,0.0,0.5968831756553306,0.5739570988684898,0.0,0.0,0.6259449163381989,0.6015954672292975,0.0,0.0,0.0,0.0,0.5825701240016319,0.0,0.6174955202243371,0.0,0.5722519406502775,0.6179252893909127,0.5886748566095785,0.0,0.5980450547684693,0.613330303738267,0.0,0.0,0.5881884709712516,0.618487959859713,0.6250362426577836,0.5803884188659005,0.0,0.5726299965567461,0.0,0.0,0.0,0.6360705368771931,0.0,0.5707238903397601,0.6265964142447771,0.6048794770787816,0.0,0.0,0.0,0.611160624371692,0.0,0.0,0.6046701974587816,0.5744082648372945,0.6183725814219483,0.0,0.6220603149531666,0.0,0.6122162375146446,0.0,0.0,0.0,0.0,0.6004990190922168,0.0,0.0,0.0,0.5996791010812187,0.0,0.5879300621456357,0.5807282986057314,0.0,0.0,0.5961717918669812,0.6093029008757709,0.0,0.0,0.0,0.6374451491912181,0.0,0.0,0.0,0.5755907821690606,0.6419300853010993,0.5902764361740713,0.0,0.0,0.0,0.0,0.0,0.5819310152896188,0.611646408688062,0.0,0.0,0.0,0.0,0.558920203110848,0.0,0.0,0.5810976372604326,0.0,0.0,0.0,0.0,0.5560698101839017,0.0,0.0,0.6019058859057554,0.6315789991497189,0.5945211522932434,0.0,0.0,0.0,0.0,0.0,0.0,0.0,0.0,0.0,0.0,0.6098205831831442,0.0,0.0,0.5584143340724816,0.0,0.0,0.0,0.0,0.0,0.0,0.0,0.0,0.6247440878394874,0.0,0.6055516456737015,0.0,0.5926814325981217,0.6098976873142455,0.0,0.5638050006968408,0.6200700479763475,0.0,0.0,0.0,0.633454253318436,0.6110993541327331,0.0,0.0,0.0,0.6178033224888386,0.5670111994957876,0.6207689171742784,0.0,0.0,0.6036055276076788,0.0,0.0,0.0,0.0,0.6079440581942289,0.5567001187815613,0.6215939534658186,0.0,0.0,0.5846271292958505,0.0,0.0,0.0,0.0,0.6121494437915928,0.0,0.0,0.6084402294057745,0.0,0.6312768170889773,0.0,0.0,0.0,0.0,0.0,0.0,0.5545026699837438,0.6048390163964829,0.5606247667156352,0.588092055500464,0.0,0.0,0.5899305627292664,0.0,0.0,0.0,0.0,0.6084871600008689,0.6087138381961972,0.0,0.0,0.0,0.573466582906132,0.0,0.6112313131269042,0.6088519640540757,0.0,0.0,0.0,0.592923479320695,0.0,0.0,0.6017378674871794,0.617739585263128,0.0,0.0,0.0,0.0,0.0,0.586174420576619,0.0,0.0,0.6093264756125798,0.6056399048296334,0.0,0.0,0.0,0.0,0.6157121986020389,0.0,0.0,0.0,0.0,0.0,0.0,0.0,0.0,0.0,0.0,0.0,0.0,0.0,0.5814434606802906,0.628011388357354,0.0,0.6089985545671764,0.0,0.0,0.0,0.0,0.5750247822584068,0.0,0.6294335000509323,0.0,0.0,0.0,0.0,0.0,0.0,0.0,0.5939699935534294,0.6361171145636042,0.0,0.5812450065128566,0.0,0.0,0.0,0.0,0.5539367908226095,0.0,0.5778858928572693,0.0,0.0,0.5654430221205736,0.6102788041163096,0.0,0.0,0.0,0.0,0.0,0.0,0.0,0.5875285250866689,0.0,0.0,0.6181510380432942,0.0,0.0,0.5912384623317047,0.0,0.6345321040835956,0.0,0.0,0.0,0.0,0.0,0.0,0.5913777264660112,0.0,0.0,0.0,0.0,0.0,0.0,0.6142200276651473,0.6009340812325077,0.624858822150079,0.0,0.0,0.0,0.0,0.572605690413793,0.0,0.6053672513525387,0.0,0.6142645474504518,0.0,0.0,0.0,0.0,0.6241716563131509,0.5972732924257824,0.0,0.0,0.6222286601806613,0.5847259446654579,0.5537325815624221,0.0,0.0,0.6280602627676024,0.5695895303853358,0.0,0.5765804824023608,0.0,0.6112757185317872,0.0,0.5845875938140345,0.5962260225664504,0.0,0.0,0.5927722013576596,0.5981079390511922,0.6098354192139306,0.0,0.6300939080722398,0.6272414794012988,0.0,0.0,0.0,0.5845732962051439,0.0,0.0,0.6182856754524082,0.0,0.6271230732972016,0.0,0.0,0.0,0.0,0.0,0.0,0.0,0.5754083909636987,0.0,0.0,0.6091384429884505,0.0,0.6315497903762296,0.0,0.57785133975541,0.0,0.0,0.0,0.0,0.0,0.0,0.0,0.5928659231912883,0.0,0.6283728389565224,0.6366237920618826,0.0,0.5869988075190791,0.6363258444327007,0.5865800699444386,0.0,0.6122870972601212,0.6251117197636531,0.5844064959760218,0.5983784091243183,0.5797930411872347,0.0,0.6183832911446029,0.0,0.0,0.5752173135260725,0.5917694065184929,0.0,0.5884654205119091,0.0,0.0,0.0,0.0,0.0,0.0,0.0,0.6235013474074993,0.6084973402680902,0.5847039245015911,0.5667920297930839,0.5786311608019431,0.591548343257905,0.0,0.0,0.0,0.6037381674908745,0.0,0.0,0.6102090597053561,0.5921416021659638,0.0,0.5969761778308889,0.0,0.0,0.0,0.0,0.0,0.6273259250837481,0.0,0.0,0.0,0.5785654825253503,0.0,0.0,0.0,0.0,0.0,0.5836911312492721,0.0,0.5853103053022091,0.0,0.6435751666107102,0.0,0.578758666447015,0.0,0.0,0.0,0.0,0.5613090566616585,0.0,0.5917533995380918,0.0,0.0,0.0,0.6384129884739767,0.6122996127286839,0.0,0.5873804478947694,0.5932688132391484,0.0,0.0,0.0,0.0,0.5873241461004343,0.0,0.0,0.0,0.0,0.0,0.5873951224722532,0.0,0.0,0.0,0.0,0.5987627162084824,0.0,0.5869318219990505,0.0,0.0,0.0,0.0,0.5748533944477352,0.0,0.0,0.0,0.6207514598942483,0.0,0.632804890885702,0.5967461577302343,0.5677194772229022,0.5983748197308513,0.0,0.0,0.5459684343473357,0.0,0.0,0.0,0.5872929551849339,0.5826291675219499,0.5863037025420571,0.0,0.0,0.0,0.0,0.0,0.0,0.0,0.6158830831692704,0.0,0.5821492728249686,0.5793120277041195,0.5744093284276219,0.0,0.0,0.0,0.0,0.0,0.6032969583990277,0.0,0.0,0.0,0.6314235866136442,0.601396343440511,0.0,0.5996790674109777,0.5857440163095915,0.0,0.582871343485016,0.0,0.0,0.6066793817241741,0.0,0.0,0.0,0.0,0.0,0.0,0.5795502915833489,0.5839062382261538,0.0,0.0,0.0,0.5924017587410823,0.0,0.628538871645027,0.0,0.0,0.0,0.5914836959847672,0.0,0.0,0.0,0.0,0.6176001442512491,0.6302677746491635,0.0,0.6038218639370525,0.0,0.0,0.5929567770928461,0.6054635516262359,0.0,0.0,0.5800154900424315,0.575398199984447,0.6062249981038409,0.0,0.6240904897410677,0.0,0.0,0.0,0.0,0.5696333153434826,0.0,0.0,0.0,0.0,0.0,0.5920880023544153,0.6223127891866409,0.0,0.6008648553920929,0.0,0.0,0.0,0.0,0.6145070265508015,0.5717019335947184,0.6044554621552977,0.0,0.6014673937799863,0.6135942574999527,0.0,0.0,0.0,0.0,0.0,0.0,0.0,0.0,0.0,0.6168196425100927,0.0,0.0,0.0,0.0,0.5900314226328061,0.0,0.0,0.0,0.0,0.5967818706746922,0.0,0.5875625570680185,0.5737000863976623,0.0,0.0,0.0,0.0,0.0,0.0,0.0,0.6131872031378838,0.0,0.5884439242575552,0.5728402536455275,0.5910237108598979,0.5985990815517412,0.0,0.0,0.0,0.0,0.5709990614198569,0.6353785861781973,0.0,0.632278767005937,0.5913946054040834,0.6114388230779477,0.0,0.0,0.0,0.0,0.6162650223907058,0.5508216699339801,0.0
0.0,0.0,0.0,0.0,0.27098384479282067,0.0,0.0,0.0,0.18676243608358783,0.0,0.26095789157897414,0.0,0.0,0.24265292447076417,0.25709470298675524,0.2348373105298205,0.23828825906591278,0.0,0.0,0.23332601005195158,0.29765784291007163,0.0,0.0,0.0,0.0,0.2195902484087176,0.0,0.0,0.0,0.24379360106423328,0.0,0.0,0.23559988007483962,0.0,0.0,0.0,0.25248860777196347,0.26497652967001917,0.24605643481865475,0.0,0.2776030012015195,0.0,0.0,0.2648859727068211,0.29108228600701874,0.0,0.2657707558547834,0.0,0.23421351126620618,0.0,0.0,0.0,0.23487940198517093,0.24761759977163914,0.2748956112392585,0.0,0.2468931138648606,0.0,0.0,0.0,0.2651566479956532,0.0,0.24913079286437867,0.0,0.0,0.0,0.22704000522496878,0.0,0.0,0.2600086638389757,0.25625120890443226,0.240655680020661,0.0,0.2521682459734422,0.0,0.0,0.2518778543249774,0.0,0.0,0.0,0.0,0.0,0.0,0.0,0.0,0.0,0.0,0.0,0.0,0.0,0.30800464602695593,0.26283570406826484,0.23768099054495198,0.0,0.0,0.23505618401465522,0.0,0.27245277120840355,0.0,0.0,0.0,0.0,0.0,0.0,0.0,0.2661054768934405,0.22639195847629773,0.2843723011336538,0.0,0.0,0.23087617321992976,0.2574369606824708,0.0,0.0,0.30061697476617977,0.2071464718295287,0.24770994337809885,0.0,0.0,0.0,0.0,0.22358106609329628,0.0,0.0,0.0,0.24729507095504136,0.0,0.21870439767443534,0.0,0.24955441381774782,0.0,0.0,0.0,0.0,0.0,0.0,0.24736085803989927,0.0,0.25516414653376424,0.29382885576449236,0.22652877253670636,0.0,0.2330577508522659,0.0,0.0,0.0,0.0,0.0,0.23374985137725052,0.0,0.27235655014594307,0.0,0.2708301477392353,0.0,0.0,0.0,0.0,0.0,0.0,0.24868223215361554,0.21720934923769122,0.0,0.0,0.23096098507480745,0.23861964411223405,0.0,0.0,0.2536413004091514,0.2396991882117443,0.24960230952917176,0.0,0.0,0.2665271168868882,0.27792277387948033,0.25462671140284837,0.0,0.2825457482851295,0.2966692988914052,0.0,0.0,0.0,0.0,0.0,0.0,0.0,0.0,0.25426005686603,0.0,0.0,0.2641058147798602,0.25336366374367847,0.0,0.0,0.0,0.0,0.21568103111088505,0.25014450104897124,0.21965286289740374,0.0,0.0,0.2548438958030193,0.0,0.23721344230334307,0.0,0.0,0.0,0.0,0.23958934118921094,0.2658359675157007,0.27234247863318717,0.2511180294741081,0.25535686663378837,0.25729507325819323,0.23669205438680768,0.0,0.0,0.25743638747844294,0.0,0.23775618574421511,0.0,0.26714150992129965,0.2601089638028736,0.0,0.0,0.0,0.0,0.0,0.2655128066913668,0.0,0.2547271333535247,0.0,0.2608752742403468,0.2470081640450198,0.0,0.0,0.2883645160267239,0.0,0.2678223632486149,0.2701030196308719,0.0,0.24874347422023252,0.0,0.0,0.28848034668414446,0.0,0.0,0.2615409641262012,0.0,0.0,0.26243035561360833,0.28062965516152316,0.0,0.2809631871916026,0.2696054860596623,0.26599680142726595,0.0,0.2699220302001965,0.0,0.0,0.2452172234759046,0.0,0.26481470252083444,0.23799106168594278,0.2708667106186648,0.269477000681532,0.0,0.0,0.2833117322267594,0.23951952534118937,0.24348151889296313,0.0,0.0,0.2695174358378463,0.2749038304152087,0.0,0.0,0.21189967199160087,0.0,0.0,0.0,0.0,0.0,0.2489027716411139,0.0,0.26089504167197425,0.0,0.0,0.29731134764511435,0.0,0.0,0.31336871764350505,0.0,0.0,0.21424629444820117,0.0,0.0,0.0,0.0,0.0,0.0,0.226118193194759,0.0,0.0,0.0,0.0,0.0,0.21528409156798756,0.25016210867167754,0.0,0.23485872293193447,0.22426202262208472,0.0,0.0,0.2742125176893057,0.0,0.23399748642978696,0.0,0.28548494178427103,0.0,0.0,0.26175661224644975,0.0,0.0,0.2731582553325337,0.2780644631902747,0.0,0.0,0.0,0.25862964577027764,0.0,0.2638650107739117,0.248634536784596,0.26193271889845643,0.0,0.0,0.0,0.26172345377843204,0.23249159047566686,0.2735605374901425,0.0,0.24036525928548233,0.0,0.0,0.27053959894419366,0.21597527276824868,0.0,0.0,0.0,0.0,0.0,0.2313413420084313,0.2569191860537868,0.0,0.0,0.26278662828562416,0.0,0.27348560813913464,0.0,0.0,0.2474718085628281,0.0,0.0,0.0,0.0,0.22774339497960933,0.0,0.2717669855671402,0.0,0.2594037979855971,0.0,0.27495800241904805,0.2913268373520691,0.0,0.0,0.0,0.0,0.0,0.0,0.0,0.0,0.252913687584288,0.22152683054442493,0.0,0.0,0.27415890621826317,0.26085506557533955,0.22627087446346114,0.0,0.25647951875549724,0.27344977905197226,0.2785337387356816,0.0,0.24880589139944143,0.0,0.0,0.25621865843977126,0.0,0.24673833333739928,0.0,0.0,0.0,0.0,0.0,0.0,0.0,0.0,0.2706129588862727,0.0,0.0,0.2177081121601176,0.0,0.2608064366090104,0.0,0.26066253408419876,0.0,0.0,0.0,0.0,0.22941255725862328,0.0,0.0,0.0,0.0,0.0,0.0,0.2582786498457232,0.0,0.24031778460885006,0.0,0.22949017746007605,0.0,0.0,0.0,0.0,0.22345185867926626,0.0,0.0,0.2546394712688807,0.0,0.0,0.0,0.0,0.24043584779393493,0.0,0.0,0.0,0.2102134836477893,0.0,0.2725024110977995,0.0,0.25939772826594326,0.0,0.0,0.0,0.26341863968116436,0.0,0.0,0.2732089285509228,0.25898583380645723,0.0,0.0,0.25788026983462947,0.2420658364091317,0.2790141159070617,0.29006882646665855,0.0,0.0,0.0,0.2640119802176743,0.2521301089936883,0.0,0.27501007603955135,0.0,0.2452819136814769,0.0,0.0,0.0,0.0,0.0,0.23880304131278082,0.23574105956029293,0.0,0.0,0.0,0.0,0.0,0.0,0.0,0.0,0.2906277231875065,0.0,0.25972435737936445,0.0,0.0,0.0,0.0,0.0,0.0,0.26008385286659885,0.0,0.2697794697615772,0.27552271030202,0.21932093908908817,0.0,0.0,0.0,0.0,0.0,0.0,0.22330156823058217,0.24358492831462694,0.0,0.0,0.0,0.0,0.2563018432853408,0.20510930223817148,0.28507256562158056,0.0,0.2575557118646195,0.0,0.0,0.0,0.0,0.0,0.2832131552466989,0.0,0.0,0.0,0.0,0.0,0.2806958427857937,0.0,0.0,0.0,0.0,0.0,0.0,0.24488282361268765,0.0,0.0,0.0,0.26194532914427093,0.0,0.27669727746153866,0.0,0.25125472538233884,0.23354009382781826,0.2778571881518019,0.0,0.22812687680009017,0.24702908145051797,0.0,0.0,0.23272279890748043,0.0,0.0,0.2524985967379683,0.0,0.0,0.2312199767708991,0.2128574420622124,0.0,0.0,0.0,0.22887538938261603,0.0,0.0,0.24961015398773256,0.0,0.24413689556802107,0.0,0.0,0.2602340882812056,0.2829066112837057,0.0,0.26152077848404853,0.0,0.0,0.2625691057168007,0.0,0.27552638272467234,0.0,0.0,0.0,0.0,0.0,0.2788429648003622,0.0,0.0,0.21810675814627437,0.0,0.0,0.0,0.0,0.24024346283483589,0.0,0.25879229946341564,0.0,0.25326976617085933,0.2587198830127992,0.24878377337327154,0.2534414284275682,0.26070761725787095,0.0,0.0,0.27738658896969454,0.24165065541352593,0.26375995733061597,0.0,0.0,0.0,0.0,0.0,0.0,0.2675638197357318,0.0,0.0,0.28091894022308994,0.0,0.0,0.0,0.262946531647711,0.0,0.0,0.0,0.0,0.2616569515875036,0.28367579880846217,0.0,0.0,0.26256401159101966,0.0,0.0,0.0,0.0,0.2789054040366634,0.28229611258026643,0.3006887278592987,0.0,0.2944507421728514,0.2202710398400136,0.22561782324019067,0.0,0.0,0.24720815956703365,0.0,0.24440321819382846,0.28377136584834334,0.0,0.0,0.0,0.2493528410945329,0.0,0.0,0.0,0.0,0.0,0.0,0.0,0.24664338333906335,0.0,0.24032421579915048,0.0,0.0,0.2558841474575889,0.0,0.0,0.0,0.0,0.26792796395249435,0.2525398687380847,0.28360607261571613,0.0,0.0,0.0,0.2886346775189035,0.0,0.23926983477809105,0.0,0.23991315645339126,0.0,0.0,0.0,0.0,0.0,0.0,0.0,0.0,0.0,0.2856877698575019,0.0,0.24002238564509082,0.0,0.0,0.0,0.26133309744568484,0.25898564793775625,0.0,0.22230956908102767,0.0,0.3294487822102049,0.0,0.2461029174990595,0.0,0.0,0.24866343028769927,0.27757805241439537,0.0,0.0,0.0,0.2712120091276253,0.0,0.0,0.24545177343531466,0.0,0.0,0.0,0.26619053581144336,0.0,0.2662350200492037,0.26922068647730746,0.24599521771334384,0.0,0.0,0.0,0.2288284211938271,0.0,0.0,0.0,0.0,0.0,0.0,0.0,0.0,0.0,0.0,0.28026242304464405,0.2358480160129125,0.2439025348033367,0.24839196319433943,0.24362166014409936,0.23824004018077435,0.0,0.0,0.27398409327595624,0.25981289530979884,0.25321112375403504,0.24601700655468123,0.2836691665660212,0.26074005933265815,0.0,0.0,0.2718504317470278,0.0,0.26486564357044784,0.0,0.0,0.0,0.0,0.0,0.23567854340916622,0.0,0.0,0.0,0.0,0.23258807443812746,0.0,0.0,0.2790292744667931,0.0,0.23157623773373442,0.0,0.0,0.24374463001369373,0.27518099926688266,0.2546891305721702,0.2535835011526858,0.26185158320143526,0.0,0.0,0.0,0.0,0.27332784188840226,0.2556997819714626,0.0,0.0,0.22059678833322113,0.29395448839866206,0.0,0.0,0.0,0.0,0.26463346098414264,0.0,0.0,0.0,0.0,0.0,0.0,0.0,0.0,0.2665310080237256,0.0,0.0,0.0,0.0,0.0,0.2626612013407605,0.0,0.0,0.2781213415050548,0.2572375927978324,0.0,0.0,0.0,0.0,0.0,0.21786788535377222,0.0,0.0,0.0,0.0,0.0,0.22425473886731886,0.0,0.0,0.0,0.0,0.0,0.24405130385608148,0.23933712619045902,0.0,0.0,0.0,0.0,0.2782093825174915,0.2558293177173297,0.0,0.24397822552701878,0.24523948774763213,0.0,0.2801460493877658,0.27145044080586694,0.23685842718020653,0.0,0.22396978403591977,0.0,0.0,0.24173949540082115,0.0,0.25423006103191853,0.25170753141142493,0.0,0.260919838562084,0.0,0.0,0.0,0.0,0.0,0.0,0.0,0.2605181496807434,0.0,0.0,0.0,0.0,0.24383489473948122,0.0,0.0,0.0,0.0,0.0,0.22407914955778296,0.0,0.0,0.0,0.0,0.0,0.0,0.0,0.0,0.0,0.28808699688352113,0.25671722690827603,0.0,0.2763579028254415,0.0,0.2578878402114829,0.0,0.2579972641901316,0.26283710145376327,0.0,0.0,0.0,0.2686951801668062,0.0,0.2552637912459483,0.2502933186625621,0.0,0.0,0.0,0.27715101409062337,0.2661541778352414,0.0,0.25792824070603193,0.2677605452642572,0.0,0.22470002209342496,0.0,0.0,0.0,0.0,0.0,0.0,0.2799682882766324,0.0,0.21397106858942247,0.23382483050510977,0.26356321276285044,0.25530373099781395,0.0,0.22822878384561526,0.0,0.0,0.0,0.0,0.29014087660835486,0.0,0.0,0.0,0.22380385143504075,0.23821193827091586,0.2719593611940051,0.0,0.0,0.0,0.2366158690407779,0.0,0.0,0.0,0.2938112222439389,0.27942499534918747,0.0,0.22672674286751743,0.2335566061781295,0.22943515589537897,0.24724292539993467,0.271800294316868,0.0,0.0,0.0,0.0,0.0,0.0,0.0,0.0,0.0,0.0,0.2726166064671069,0.0,0.0,0.24193158620494531,0.0,0.26649706648192895,0.0,0.20418383100576507,0.0,0.27570321114187557,0.0,0.0,0.24553675251068285,0.0,0.0,0.0,0.0,0.0,0.0,0.0,0.0,0.25659917378541386,0.0,0.0,0.0,0.0,0.0,0.26382911373509416,0.0,0.27099104953742753,0.25045353783139696,0.21962277764602006,0.2585770253494865,0.0,0.0,0.0,0.27639650708196434,0.241402094438429,0.2455809596748901,0.0,0.0
0.0,0.0,0.0,0.0,0.0,0.972690474374273,0.0,0.0,0.9233128344245392,0.9322869185064078,0.9434766666310609,0.0,0.0,0.9359088418626181,0.9624710319665059,0.9266030795573946,0.0,0.0,0.0,0.9469135105889334,0.0,0.0,0.0,0.0,0.0,0.0,0.9389376186252253,0.0,0.0,0.0,0.9124692249654328,0.0,0.0,0.0,0.9777612045525306,0.0,0.0,0.0,0.9241463060339017,0.0,0.0,0.0,0.0,0.0,0.0,0.9091157025147616,0.9153776205735024,0.0,0.0,0.0,0.0,0.0,0.0,0.9303824829045985,0.0,0.0,0.9470013470963373,0.0,0.9353685252049442,0.0,0.0,0.0,0.0,0.0,0.0,0.0,0.0,0.9524522150786507,0.0,0.9589181014556315,0.0,0.0,0.0,0.0,0.0,0.0,0.0,0.0,0.0,0.0,0.0,0.0,0.0,0.0,0.9449804993909288,0.0,0.0,0.0,0.8942917388600845,0.919406530013438,0.0,0.0,0.0,0.0,0.0,0.0,0.970610826060272,0.8934474236506428,0.0,0.0,0.9337357231322636,0.0,0.9466732472402152,0.0,0.9336888055382877,0.0,0.0,0.9216257892743844,0.0,0.8903964754401431,0.0,0.935495953714676,0.9758015801586745,0.0,0.0,0.9273442318675066,0.9522080891319459,0.9542651601166691,0.9527505400424118,0.989018381555365,0.9047837119117614,0.914776845146508,0.920673735292975,0.9658366196270416,0.9813919983376447,0.0,0.0,0.9616812173359968,0.0,0.9218743489302427,0.0,0.9192783426292546,0.9493077841625428,0.9547217577782708,0.0,0.9085975112809467,0.8680236378180599,0.0,0.9175823642405264,0.0,0.0,0.0,0.886787202539455,0.0,0.0,0.9431441279985108,0.9257939225691912,0.0,0.9544005594786102,0.0,0.9284788072180319,0.0,0.0,0.0,0.0,0.9411260199985736,0.0,0.0,0.9486573252134065,0.9178598366110342,0.9213490131944662,0.0,0.0,0.0,0.9062550687553563,0.9520519407631828,0.8883652844894504,0.967751643136674,0.0,0.9696203073594297,0.0,0.0,0.0,0.9401914405236537,0.9021218529605801,0.0,0.9183516169345962,0.9670893795997322,0.0,0.9568445970168843,0.0,0.0,0.8636151210125819,0.9094726157661901,0.0,0.0,0.9242182223358766,0.0,0.0,0.927674142454317,0.0,0.9092891323047035,0.0,0.0,0.0,0.0,0.9034261027383876,0.0,0.0,0.0,0.0,0.0,0.8788094060487467,0.0,0.9316016173844381,0.0,0.9486816521500168,0.9105968883112499,0.0,0.0,0.0,0.9310985977205276,0.0,0.9397278111075109,0.0,0.920532745179734,0.0,0.9509865388601845,0.0,0.9492816574867963,0.0,0.9552660894333377,0.0,0.0,0.0,0.9059170120413776,0.0,0.0,0.0,0.0,0.9325417318403542,0.0,0.0,0.0,0.9415554547605559,0.958894967136511,0.0,0.0,0.0,0.0,0.0,0.0,0.9229363796852478,0.0,0.9439184572244983,0.9014397560429891,0.895503711931551,0.0,0.0,0.9372533462487421,0.0,0.0,0.0,0.0,0.906223730369241,0.9359098889747182,0.0,0.0,0.0,0.8791524914353452,0.0,0.9604257161365348,0.0,0.9098311647288813,0.0,0.0,0.9489954753416833,0.8890660826311136,0.9027520879804982,0.9413392740118842,0.0,0.9206685978938661,0.0,0.8760398600547724,0.9419855853484957,0.9375950355021626,0.9123794834805762,0.0,0.0,0.0,0.9494923573039271,0.0,0.9147305473760734,0.0,0.0,0.0,0.0,0.9161976257058685,0.0,0.0,0.9547039931582519,0.0,0.0,0.0,0.0,0.912773926586652,0.0,0.0,0.0,0.0,0.0,0.0,0.0,0.0,0.9250553180219102,0.0,0.9312265077762363,0.9633521557076921,0.9744487959607157,0.8979683894239345,0.0,0.0,0.0,0.0,0.0,0.9405857415054942,0.0,0.9149626147489361,0.0,0.9646126803655211,0.9409258183493981,0.0,0.0,0.9424944549829816,0.9309105814535927,0.0,0.0,0.0,0.0,0.9428654170707784,0.9001363511802033,0.0,0.0,0.0,0.9554069637257555,0.0,0.0,0.8963394579834458,0.0,0.0,0.9560535164579527,0.0,0.0,0.0,0.9173201026831698,0.0,0.0,0.9026744557004627,0.0,0.0,0.0,0.0,0.0,0.9245005744400859,0.0,0.0,0.0,0.9175242232095954,0.0,0.0,0.0,0.9553910033331624,0.0,0.0,0.9456265283745897,0.9708010919230972,0.8939628295354342,0.0,0.9559328003808619,0.0,0.9341477402140864,0.0,0.0,0.0,0.0,0.9227653726746549,0.9612379899052464,0.0,0.0,0.0,0.0,0.946493371565756,0.0,0.0,0.0,0.9373627716949612,0.8690557727440951,0.0,0.0,0.9540156240891093,0.0,0.0,0.9407720635958274,0.0,0.0,0.9813422929402703,0.9584316875134078,0.9351988306746795,0.0,0.0,0.0,0.972056176211256,0.0,0.9685485314850454,0.8822526055163792,0.0,0.0,0.0,0.0,0.0,0.9486031000746428,0.9721279858825262,0.0,0.0,0.0,0.0,0.0,0.0,0.0,0.9173829935999482,0.0,0.979556878292023,0.0,0.0,0.0,0.0,0.9687698389289087,0.0,0.0,0.0,0.0,0.0,0.953299543698199,0.9538645594833391,0.0,0.9588714660870369,0.9503789810443494,0.0,0.9310253831801053,0.9681224706326177,0.0,0.9525049213336941,0.89720102896514,0.0,0.9021852467481463,0.0,0.0,0.0,0.9445259883614242,0.0,0.0,0.0,0.0,0.0,0.9869024037427192,0.9484509278514194,0.9472754318956201,0.9078808388760177,0.0,0.0,0.0,0.0,0.9273789371870413,0.0,0.9263760491784827,0.0,0.0,0.0,0.9431457907149794,0.0,0.0,0.0,0.0,0.0,0.0,0.0,0.9432616670803738,0.9185191527724886,0.9254139035780784,0.9432333422647964,0.9285800063373029,0.9406576674308397,0.0,0.0,0.9401670631183964,0.0,0.0,0.0,0.926373803977518,0.0,0.0,0.0,0.0,0.0,0.0,0.0,0.0,0.0,0.9793162560300539,0.0,0.0,0.0,0.0,0.0,0.0,0.0,0.9479740596789735,0.9758835560149194,0.0,0.0,0.89848775588492,0.9004879843890715,0.0,0.0,0.0,0.0,0.0,0.0,0.0,0.9228457134902258,0.9025162295475713,0.9274801532213033,0.9132484463149256,0.958838249804529,0.0,0.0,0.0,0.0,0.9786846855150478,0.0,0.0,0.940615869903996,0.0,0.9160215567845398,0.0,0.9422919473872257,0.9096930135697845,0.0,0.9439632648271262,0.0,0.0,0.0,0.0,0.0,0.963879915412765,0.0,0.9155232240130633,0.0,0.9792029163633312,0.0,0.0,0.0,0.9439970839397034,0.9134415070310925,0.9004041300316992,0.0,0.0,0.0,0.0,0.0,0.0,0.0,0.9531986243118025,0.0,0.8941701142401511,0.9210395899695634,0.0,0.0,0.0,0.0,0.0,0.0,0.0,0.9523570097112302,0.9661869890965081,0.0,0.0,0.0,0.0,0.9563537212267562,0.9436074137672441,0.0,0.9365741143115408,0.0,0.9134102796668191,0.9213795754112568,0.9625561463138836,0.0,0.0,0.9410985465949928,0.926735552760691,0.0,0.0,0.0,0.939454347168017,0.0,0.0,0.0,0.0,0.9145318198168236,0.9383753346311291,0.0,0.0,0.9538374443182965,0.0,0.0,0.9756025244198853,0.0,0.0,0.9361219288588025,0.0,0.0,0.0,0.0,0.9145485178555246,0.0,0.9337870420278982,0.0,0.0,0.0,0.0,0.0,0.0,0.0,0.0,0.9201351295590992,0.0,0.0,0.0,0.0,0.9303318434710962,0.0,0.8938262384814287,0.9166664499394015,0.933237738209729,0.0,0.0,0.9146886870401347,0.9763705713346151,0.9341498031964287,0.0,0.0,0.9158290817194171,0.0,0.0,0.0,0.0,0.0,0.9769864243207841,0.0,0.0,0.0,0.0,0.9543443800555907,0.9500402659839635,0.0,0.0,0.9820693508416911,0.0,0.0,0.0,0.0,0.0,0.0,0.0,0.9680968504276874,0.9171565426273219,0.0,0.0,0.9541191744244475,0.0,0.0,0.0,0.0,0.0,0.0,0.9814590303474756,0.0,0.891409621179847,0.908021296308619,0.9019378366271726,0.9329836981222487,0.0,0.0,0.0,0.8986607256141079,0.9104659274698628,0.9342788351442078,0.9721750131394024,0.0,0.9490289782170025,0.0,0.9114794417819769,0.9512503214730053,0.0,0.9242646998242074,0.9459242661251087,0.0,0.9045666174952677,0.9219564933849808,0.9181648458856421,0.9042300496753294,0.0,0.0,0.9074948603427945,0.9568425915403163,0.0,0.926223153699635,0.0,0.0,0.0,0.0,0.0,0.0,0.0,0.0,0.9617206232056209,0.0,0.0,0.0,0.0,0.0,0.0,0.0,0.0,0.0,0.0,0.0,0.0,0.0,0.0,0.0,0.0,0.0,0.9072815427621822,0.931358775201843,0.0,0.9176039150009266,0.0,0.8995610888212282,0.9531801411389141,0.0,0.0,0.0,0.9081454396245753,0.9187685817059555,0.8906151786234042,0.9172047761568544,0.8883114951284966,0.0,0.0,0.0,0.0,0.919961105285438,0.9128656235286127,0.9063710856150985,0.0,0.0,0.0,0.9165650810437653,0.0,0.0,0.9331004889228364,0.0,0.0,0.9491047000417585,0.9134270216732818,0.0,0.0,0.9566261789160696,0.0,0.9062628672356053,0.0,0.9124548020569493,0.0,0.917191422059585,0.0,0.906772964110324,0.0,0.0,0.9446858793398543,0.9301486358802642,0.0,0.0,0.959213169195296,0.0,0.885558746593213,0.0,0.9523809604156259,0.9129228427548589,0.0,0.0,0.913395559371917,0.0,0.0,0.9112002039359526,0.0,0.9301031792819201,0.9059731860497318,0.0,0.0,0.0,0.0,0.9491054505249492,0.0,0.0,0.0,0.0,0.9449389818113765,0.935968286917586,0.0,0.9299042986712536,0.9231753939278999,0.9456431106739722,0.0,0.0,0.9827552408176544,0.0,0.9096038419871142,0.0,0.942285230070124,0.0,0.0,0.0,0.8943346745005486,0.0,0.0,0.0,0.9620791855705361,0.0,0.9553561820348383,0.0,0.0,0.0,0.0,0.0,0.9185832706483675,0.0,0.0,0.9320174143761166,0.0,0.8930812604707378,0.0,0.0,0.9181223799852348,0.9549774469461747,0.9093837026526088,0.0,0.91368361931329,0.0,0.0,0.0,0.9184173863126133,0.0,0.8986456345858086,0.9457725104051707,0.8895778360726717,0.0,0.0,0.0,0.0,0.0,0.886417092123166,0.9573388673654198,0.8777627708264244,0.0,0.0,0.9263347226521279,0.0,0.0,0.9284943665574859,0.0,0.0,0.0,0.0,0.0,0.0,0.9550311687488419,0.0,0.9179856894208336,0.0,0.0,0.9598993153182255,0.0,0.9022160106594711,0.923028960517987,0.0,0.0,0.0,0.0,0.0,0.0,0.9272942938952891,0.9316234176024412,0.9336070985016891,0.9542165226200889,0.0,0.0,0.0,0.9051425314938149,0.9312528959578995,0.0,0.0,0.9139291487227625,0.0,0.0,0.0,0.0,0.0,0.950664691432992,0.0,0.9624973281869209,0.0,0.0,0.9152444933741597,0.935069447455408,0.0,0.9147542083683264,0.8838465669764092,0.9348886790264622,0.0,0.0,0.0,0.0,0.0,0.0,0.0,0.0,0.0,0.9584774114720717,0.0,0.926125857851322,0.0,0.9121051961353257,0.0,0.9202993503795759,0.0,0.0,0.0,0.0,0.0,0.9763844460826672,0.929087722576398,0.9163809761639902,0.0,0.8815194977948582,0.0,0.0,0.0,0.9841817899350982,0.9916521111279937,0.0,0.0,0.0,0.0,0.0,0.9475196628111788,0.0,0.0,0.9690760660743083,0.0,0.9447869916643326,0.0,0.0,0.0,0.0,0.9113856374180352,0.0,0.9258658675209305,0.9628476709074193,0.0,0.0,0.942490276806829,0.0,0.903351771206431,0.0,0.0,0.0,0.0,0.9166591210474998,0.9327609346071456,0.9376168089576356,0.0,0.0,0.0,0.8937792169895709,0.9030958981405659,0.0,0.0,0.8984593803110748,0.0,0.94937995021837,0.0,0.8993900021298628,0.0,0.0,0.0,0.0,0.0,0.9040740505728965
0.0,0.0,0.0,0.0,0.0,0.25223640845753087,0.0,0.27025849768231064,0.0,0.0,0.2753155287587177,0.27123530803019896,0.0,0.24939592766741797,0.25016945195439577,0.0,0.0,0.2655646082674071,0.27951778433778524,0.0,0.0,0.0,0.0,0.0,0.0,0.0,0.29429547358615793,0.0,0.0,0.0,0.2498702187408756,0.0,0.0,0.0,0.0,0.0,0.0,0.0,0.0,0.28141050086112257,0.28662848344779823,0.26792752560420335,0.22817712892225453,0.32009519119226343,0.0,0.0,0.0,0.0,0.28614941102476443,0.27333611270737673,0.0,0.0,0.0,0.23875928005265576,0.24962635987032547,0.22624618422227957,0.0,0.0,0.0,0.2425144263802627,0.31151671791445606,0.0,0.0,0.0,0.0,0.0,0.0,0.32247180243288687,0.0,0.22881849026827764,0.0,0.0,0.3061397168412898,0.0,0.0,0.2700730740784471,0.23330817184634547,0.0,0.24764518857545392,0.0,0.2663659389611552,0.0,0.0,0.28559213170506087,0.0,0.27847463386614973,0.0,0.0,0.0,0.0,0.2762360105990816,0.0,0.0,0.2673367387727617,0.0,0.26579414456820416,0.28131990218271935,0.2827219138640565,0.0,0.27079087462772145,0.2465958484253536,0.0,0.0,0.0,0.0,0.2744155156743344,0.2535365030827889,0.0,0.0,0.0,0.0,0.0,0.2685575704668549,0.0,0.25310653912004044,0.0,0.0,0.0,0.22825279672872675,0.0,0.0,0.0,0.0,0.2500658001621772,0.24190373142542299,0.0,0.0,0.0,0.0,0.0,0.0,0.23815697330597596,0.0,0.0,0.23354232626820975,0.0,0.30582603107253153,0.0,0.0,0.0,0.0,0.0,0.2787405232976957,0.0,0.0,0.0,0.24160952441803724,0.0,0.26258988285550994,0.26105555202835656,0.2173928454781707,0.0,0.0,0.0,0.2750933040158441,0.29286047611903504,0.0,0.0,0.20813386501204506,0.0,0.2596872817517057,0.0,0.27869474875139466,0.2916710350971367,0.23351832846162765,0.0,0.24014699995549382,0.30552233996110467,0.0,0.23778136098411126,0.2389885960437836,0.0,0.0,0.0,0.0,0.25246103560989935,0.25984084222732057,0.2532856665825431,0.0,0.0,0.0,0.0,0.0,0.0,0.0,0.0,0.0,0.0,0.0,0.0,0.0,0.30884097880501554,0.2440810705165596,0.0,0.2706844070718697,0.0,0.0,0.0,0.0,0.0,0.0,0.0,0.0,0.0,0.0,0.28184550063163744,0.3033072410887176,0.0,0.26979109240296534,0.0,0.2917307068220894,0.27484365997292076,0.0,0.0,0.0,0.0,0.272457359367776,0.0,0.2839958987874678,0.0,0.0,0.0,0.0,0.0,0.0,0.0,0.0,0.2934234161461296,0.0,0.0,0.0,0.0,0.25180371604042046,0.0,0.25929421923729135,0.26992361023574796,0.2931388119559442,0.25177181528075687,0.0,0.0,0.25348331811655667,0.0,0.0,0.2885886487689212,0.0,0.0,0.0,0.3338396678088943,0.0,0.24584717881790136,0.2566043426849963,0.0,0.0,0.0,0.0,0.2829003260177468,0.0,0.0,0.24910542482288245,0.0,0.0,0.0,0.0,0.24367462255383104,0.26254007150953934,0.0,0.0,0.2691942417571634,0.2716464038345999,0.0,0.28309537165115195,0.26266779567391757,0.2819638966873528,0.2256098273941381,0.2676710899447059,0.0,0.0,0.2855604867828657,0.0,0.0,0.2598895830905315,0.29409728989407,0.25693004002091585,0.0,0.21256658628035746,0.23122678559158746,0.0,0.2623396762159604,0.24942404479854366,0.0,0.25687138216786737,0.0,0.26159743435073485,0.0,0.0,0.2393722019903187,0.0,0.0,0.0,0.2275923573622173,0.2477107624591823,0.0,0.0,0.0,0.0,0.0,0.0,0.0,0.0,0.252653821881705,0.0,0.0,0.2796149554144738,0.28095569608345117,0.0,0.0,0.2523766376093159,0.32799154345545933,0.27927440955578486,0.21713168163646485,0.21252707302590557,0.0,0.2602215974759734,0.0,0.0,0.0,0.0,0.27636615973063555,0.27696077522520124,0.2506780567876383,0.31305690086793964,0.2626414973427556,0.0,0.0,0.2660650603638549,0.0,0.2715495357189063,0.261992144277218,0.27421378700217525,0.2663699865186451,0.2078255937343098,0.2563918431714981,0.0,0.0,0.0,0.0,0.24610005130149942,0.2257979883710183,0.26207121160771013,0.0,0.0,0.0,0.0,0.0,0.0,0.0,0.0,0.0,0.0,0.0,0.0,0.0,0.0,0.0,0.0,0.2337628208662193,0.0,0.0,0.0,0.2620492871322551,0.2704614430837053,0.22391933765357225,0.0,0.0,0.3092966372492291,0.2899278129849559,0.0,0.30549372719654355,0.0,0.0,0.257045073588159,0.0,0.0,0.0,0.0,0.2942168043361361,0.0,0.24985946164883013,0.0,0.0,0.0,0.0,0.24380192983897497,0.2769747700327734,0.2763507118398998,0.28368647848637774,0.0,0.22575020268103174,0.0,0.0,0.0,0.0,0.0,0.0,0.29917764861240936,0.2650326460037704,0.0,0.24677900558012975,0.0,0.2994471862830051,0.0,0.0,0.0,0.0,0.0,0.0,0.0,0.2759646638004115,0.0,0.20529955422433147,0.27896027998680323,0.28329701929593726,0.27456313799728715,0.0,0.2716424935849803,0.0,0.0,0.0,0.0,0.26981979238942133,0.0,0.0,0.0,0.2678266795566299,0.0,0.0,0.2331694003509783,0.0,0.0,0.0,0.248921803529877,0.0,0.26842132600685686,0.0,0.2756861443922041,0.0,0.0,0.0,0.0,0.0,0.0,0.2643793501272125,0.0,0.0,0.26460969202074086,0.0,0.0,0.0,0.0,0.0,0.0,0.0,0.0,0.27014664266983396,0.257607642171121,0.0,0.259109462639567,0.2934853101705824,0.0,0.0,0.0,0.29968768468586165,0.0,0.0,0.2239970569332282,0.0,0.27368180326958,0.0,0.0,0.0,0.0,0.0,0.0,0.28192263822505614,0.0,0.0,0.0,0.0,0.0,0.0,0.0,0.31652013450259997,0.0,0.0,0.0,0.0,0.0,0.0,0.21278301283908527,0.0,0.0,0.0,0.281691391664838,0.0,0.2591863212913839,0.0,0.25349443291731577,0.0,0.0,0.0,0.0,0.22411405643366702,0.0,0.0,0.2533429519977146,0.0,0.0,0.22625293827672927,0.0,0.2826621313369191,0.0,0.0,0.0,0.0,0.3013474883307237,0.27039244094833925,0.0,0.0,0.0,0.0,0.0,0.2522251795018141,0.23736989833157582,0.2523648588799037,0.0,0.0,0.0,0.0,0.0,0.2568343918923111,0.0,0.0,0.0,0.28061172467880874,0.3112328940638053,0.0,0.30184592211594063,0.0,0.21807376093231667,0.0,0.25825769861882947,0.0,0.0,0.0,0.2393567424805009,0.253955105467153,0.0,0.2690847755054671,0.2805905943276007,0.2876737142730138,0.26047789927704107,0.0,0.0,0.0,0.0,0.0,0.0,0.0,0.0,0.0,0.28182137793053014,0.2583772490934088,0.0,0.25731014066525,0.2451598667785964,0.26890475489744525,0.2710082053124726,0.0,0.0,0.260206101369336,0.0,0.0,0.2913171569992999,0.0,0.0,0.0,0.0,0.2757135217056149,0.0,0.18197635690682676,0.0,0.0,0.0,0.0,0.0,0.2721680694907121,0.0,0.0,0.0,0.0,0.0,0.0,0.2951187859188509,0.25919099624772957,0.0,0.0,0.2571185416595663,0.0,0.0,0.0,0.0,0.3146397988256832,0.0,0.0,0.21752638649323788,0.0,0.2623190895905106,0.0,0.281571812444314,0.0,0.0,0.0,0.0,0.0,0.0,0.2594484660237543,0.0,0.2919927891780621,0.0,0.2805285049479945,0.0,0.0,0.0,0.0,0.261665652920792,0.0,0.2545055303236873,0.2541491642206267,0.0,0.0,0.0,0.0,0.0,0.0,0.26600972070268625,0.2861045995285045,0.0,0.29746972841057495,0.24946601606334612,0.0,0.0,0.25569675045775686,0.2564914283207204,0.0,0.2328272392455233,0.0,0.0,0.0,0.0,0.0,0.0,0.0,0.23033017398626185,0.0,0.0,0.0,0.0,0.0,0.0,0.0,0.0,0.0,0.0,0.2725464527611384,0.2115544850799708,0.0,0.27453009461733724,0.2862194585589579,0.2785885015230502,0.0,0.266323696857977,0.2255370893560058,0.0,0.29623328754616896,0.30985789062124514,0.0,0.233008623142251,0.0,0.26836333825577613,0.0,0.0,0.0,0.2198255129518693,0.24747054919559588,0.0,0.22184946858415436,0.0,0.0,0.2791026360314579,0.0,0.0,0.2744832003859653,0.0,0.32967944699461393,0.28488887104548954,0.0,0.0,0.2631665317353015,0.0,0.0,0.22403452407137806,0.0,0.0,0.0,0.2306840545884197,0.25656994075631084,0.0,0.0,0.25046028340763027,0.0,0.0,0.0,0.0,0.0,0.0,0.0,0.29427922573863813,0.0,0.0,0.0,0.0,0.0,0.22747969252690087,0.0,0.2823091886235933,0.0,0.0,0.2919333190725583,0.0,0.2700893725845179,0.0,0.0,0.0,0.2779389299869654,0.281692204306068,0.2747916186081213,0.0,0.2883902441194205,0.26697173491020754,0.29656328705297547,0.0,0.0,0.0,0.26832221922576077,0.0,0.281011217787064,0.2753300158011792,0.2138228785865397,0.0,0.0,0.0,0.0,0.0,0.0,0.25206508443251163,0.0,0.0,0.0,0.0,0.0,0.29765467751791197,0.2934655815066375,0.22696169675661915,0.0,0.0,0.2715592498346883,0.0,0.23456943283958628,0.2657917562974106,0.0,0.0,0.0,0.29392639793528774,0.0,0.25669705161255946,0.0,0.27561482096303874,0.0,0.26987523193797414,0.24685628706708243,0.29909112486835226,0.27149672311839224,0.25290743342315064,0.0,0.25602657935610673,0.0,0.27024515004754807,0.0,0.0,0.0,0.0,0.0,0.0,0.0,0.0,0.0,0.2576225770274736,0.0,0.0,0.0,0.2631621104168185,0.24362990381494898,0.27339909859402417,0.32241788432239177,0.0,0.24324884482360698,0.24444351140882903,0.0,0.26772577021812094,0.0,0.24174118287728305,0.0,0.0,0.0,0.0,0.0,0.0,0.0,0.2059665484997969,0.2905279880409802,0.0,0.0,0.27335293197680854,0.30355887981272556,0.2313503594372572,0.0,0.0,0.0,0.0,0.0,0.256032466578684,0.0,0.34137385251891794,0.0,0.0,0.3132740266607069,0.25729650655287756,0.0,0.2208822779980233,0.2826166367090406,0.0,0.0,0.23104946027832218,0.24916753610705647,0.2857649682761266,0.0,0.24330599566767797,0.0,0.0,0.0,0.24296923646963117,0.310852703163787,0.0,0.0,0.2585436756626466,0.2644071912551856,0.2646485774855268,0.0,0.0,0.0,0.2820519770171529,0.0,0.0,0.27526976390230223,0.0,0.0,0.0,0.0,0.27146928103979945,0.2437488908020136,0.0,0.28283955359217644,0.0,0.0,0.3001825668029053,0.2368540300283484,0.26380021076039306,0.0,0.0,0.27152097950648846,0.0,0.0,0.2798076991573054,0.23284312922436723,0.0,0.25223548896046083,0.0,0.2364613657094758,0.26900042644474,0.0,0.0,0.0,0.3063454920102573,0.0,0.0,0.0,0.0,0.0,0.0,0.0,0.27114192389733854,0.0,0.0,0.0,0.0,0.24067741522498903,0.23292833413941746,0.0,0.2541408026784908,0.2062705961954504,0.27900473058883907,0.0,0.29165020971269784,0.0,0.0,0.0,0.24466388970075134,0.3076477489430623,0.0,0.258594160650128,0.0,0.0,0.0,0.0,0.0,0.0,0.0,0.25175393616727637,0.0,0.0,0.0,0.0,0.23158403792093937,0.24380700441936567,0.0,0.0,0.0,0.0,0.27663578884444745,0.2821031765687267,0.26252596396444006,0.2542488939465048,0.0,0.0,0.0,0.0,0.23065010072894568,0.0,0.0,0.0,0.2584863919256288,0.0,0.0,0.0,0.0,0.2541498913291448,0.28000272506180085,0.0,0.0,0.0,0.0,0.0,0.25080678638097414,0.0,0.23559803056781958,0.0,0.0,0.21725655077938041,0.0,0.0,0.301580325981661,0.2637696770368357,0.0,0.0,0.30173523529121626,0.26124542817326185,0.0,0.0,0.2676474368816877,0.0,0.2563866713149209,0.0,0.0,0.0,0.0,0.2692877367026873,0.0,0.23619735673487188,0.0,0.0
0.0,0.0,0.0,0.0,0.8825275985196994,0.9248471087152926,0.8478299971352616,0.865455123969683,0.0,0.0,0.842986266411111,0.0,0.0,0.824634191614051,0.0,0.0,0.9263800040995631,0.8739191523690195,0.8569831972249384,0.0,0.8873754468955909,0.8508324867745255,0.0,0.0,0.8532644933084086,0.0,0.8729702899671187,0.0,0.0,0.8591286766455576,0.8760912751810186,0.0,0.0,0.0,0.8515322708845399,0.0,0.85978407935841,0.0,0.8850485012209168,0.9450763279494827,0.8574592009452355,0.0,0.0,0.9015950504444986,0.8800438907731648,0.0,0.8730912390591079,0.0,0.0,0.0,0.0,0.0,0.8852735554289789,0.0,0.8640741297125304,0.0,0.9006758388762114,0.9079416521078751,0.9035133671988403,0.0,0.0,0.0,0.0,0.0,0.0,0.0,0.0,0.0,0.0,0.0,0.906912953086983,0.0,0.0,0.0,0.0,0.0,0.8635393575477155,0.8769209654962273,0.0,0.0,0.8494588256369732,0.0,0.8629067519197735,0.0,0.0,0.0,0.0,0.0,0.0,0.0,0.9018171176539567,0.0,0.0,0.0,0.0,0.0,0.8708708505220101,0.8603488341007696,0.0,0.0,0.0,0.8680089175645755,0.8567176594814744,0.831883362131211,0.0,0.0,0.0,0.8658702050752782,0.842797887364155,0.0,0.0,0.0,0.9062420619037113,0.0,0.9162543485189308,0.0,0.0,0.0,0.8309389398363615,0.8591799134939477,0.0,0.0,0.0,0.0,0.8662034581607353,0.8544275712342758,0.0,0.0,0.0,0.8349690806975079,0.8920631421985032,0.0,0.8648412051331481,0.8838109234645578,0.0,0.0,0.8667452116615688,0.0,0.0,0.0,0.0,0.8968732717242872,0.0,0.0,0.0,0.0,0.0,0.0,0.8435785439685115,0.9139910513226384,0.0,0.0,0.8521402101122378,0.0,0.0,0.8640083193490956,0.0,0.0,0.0,0.8575903091302646,0.0,0.9286801223582973,0.0,0.0,0.0,0.9071721114038198,0.9056211077009233,0.8216650687973323,0.0,0.0,0.8467899298698607,0.8632935088369088,0.9030016791691624,0.8252614516600382,0.0,0.0,0.8937921509994284,0.8834565604560969,0.0,0.0,0.0,0.0,0.8690611242888492,0.0,0.0,0.0,0.8874567744100753,0.0,0.0,0.8852508821646601,0.8481243601944911,0.8673662721163847,0.0,0.8786900480913226,0.8724947122552406,0.0,0.0,0.0,0.0,0.0,0.0,0.0,0.8443584439356848,0.0,0.0,0.8752282072720846,0.8303634170581564,0.0,0.9122308425719511,0.0,0.0,0.8705379116799291,0.8654225289628324,0.0,0.0,0.0,0.0,0.8705713539814744,0.8845491829339266,0.8985963057643916,0.9121012138462896,0.8755386198182736,0.0,0.8829582157347557,0.8310362003889369,0.8406125390273428,0.0,0.8122846545597997,0.0,0.0,0.0,0.0,0.0,0.0,0.8396796491960691,0.0,0.0,0.8789943325886531,0.0,0.8667827539257045,0.0,0.8632250699506617,0.8386799642891268,0.8720017419205381,0.0,0.0,0.0,0.0,0.0,0.8559054424678799,0.8672428027846664,0.0,0.8531518772593898,0.8760623429123402,0.8683157890377161,0.8875458934124496,0.0,0.0,0.0,0.0,0.0,0.0,0.9393061635266503,0.0,0.0,0.0,0.9022847965338726,0.0,0.8445746502929614,0.0,0.8817711090009946,0.8890441437758981,0.0,0.9047578929674944,0.9112666408002082,0.9188910374942661,0.0,0.0,0.0,0.0,0.0,0.0,0.879619700785849,0.0,0.848200524329445,0.0,0.0,0.0,0.8758254245041616,0.0,0.8883665633452712,0.0,0.0,0.0,0.0,0.0,0.0,0.0,0.0,0.0,0.0,0.8847111694922107,0.0,0.8794543523818238,0.0,0.0,0.0,0.8920251309346044,0.0,0.0,0.0,0.0,0.0,0.8659269695550376,0.0,0.8532753409383877,0.8701403491765638,0.8644451949160767,0.0,0.0,0.0,0.8724957414545738,0.0,0.8767933982879466,0.8837469266334788,0.0,0.0,0.0,0.8393101949182168,0.900048606952526,0.8532910257994597,0.0,0.0,0.8975294104592887,0.0,0.8419666302234513,0.8845458545077046,0.0,0.8757497816976793,0.0,0.0,0.0,0.8832594242843036,0.0,0.0,0.0,0.0,0.0,0.0,0.0,0.0,0.0,0.0,0.0,0.886958152488541,0.0,0.0,0.0,0.0,0.0,0.0,0.0,0.0,0.0,0.0,0.8601799564362675,0.0,0.8956436623203772,0.8444231134822411,0.8716458016403971,0.874060560512245,0.8921282399992809,0.0,0.0,0.0,0.0,0.0,0.8962822490131681,0.0,0.0,0.889869416549783,0.0,0.8254227204823732,0.0,0.9005935611771231,0.9095837247132115,0.0,0.0,0.8733619902466768,0.9035922958222657,0.8554972615807473,0.8791313598379421,0.0,0.8663515645722473,0.8349795602847139,0.8620146170483014,0.8813933803510731,0.8799217737532627,0.0,0.8922111153815069,0.0,0.8775153066372522,0.0,0.8680055600991219,0.0,0.9242353308368064,0.0,0.0,0.0,0.0,0.0,0.8894893535554402,0.0,0.8391543296832862,0.0,0.0,0.0,0.0,0.0,0.0,0.0,0.8990005304640792,0.8846545644032201,0.0,0.0,0.8819122646135765,0.8185687759219704,0.8502253847546472,0.0,0.0,0.9086038778720239,0.0,0.0,0.8783517099937834,0.0,0.0,0.8528580482437665,0.0,0.0,0.0,0.0,0.0,0.0,0.0,0.0,0.0,0.0,0.0,0.8586256779317322,0.0,0.0,0.8728144337161989,0.0,0.0,0.0,0.0,0.8424509139979275,0.0,0.8692630658502519,0.0,0.8900729495742328,0.8454772249693023,0.0,0.8807807744641298,0.9091476186172027,0.8570734511732507,0.8682266518809275,0.0,0.8479385058430239,0.0,0.0,0.0,0.0,0.9009306688683203,0.8941492989455397,0.0,0.0,0.0,0.8981652304149467,0.0,0.8559299845681272,0.0,0.0,0.0,0.0,0.0,0.0,0.0,0.0,0.8712584392497739,0.0,0.853508211371611,0.0,0.0,0.0,0.8770308371247251,0.8510894358210421,0.0,0.0,0.0,0.0,0.8833670685020794,0.0,0.0,0.0,0.0,0.0,0.0,0.0,0.0,0.0,0.0,0.0,0.0,0.8489467117242167,0.926251130238181,0.0,0.0,0.0,0.8895846070002842,0.0,0.0,0.0,0.0,0.8746952896983926,0.8743171731792736,0.0,0.8679686824966524,0.8430001050364284,0.0,0.0,0.8978088264988712,0.8848930127063949,0.0,0.9485014951816787,0.0,0.0,0.0,0.0,0.8637008390454379,0.0,0.0,0.9081893884792467,0.868379672892107,0.8888673447028187,0.0,0.0,0.0,0.0,0.0,0.0,0.0,0.0,0.0,0.899833041805039,0.8923472238743663,0.8458172320908156,0.8878816039953115,0.0,0.0,0.0,0.0,0.0,0.0,0.8720498591272451,0.0,0.0,0.0,0.8985333338368672,0.0,0.9049557985014379,0.8942840699098706,0.8658112834127304,0.0,0.0,0.0,0.0,0.8695128073211191,0.910453618445728,0.0,0.0,0.8593665797309145,0.8550585241643391,0.0,0.0,0.0,0.8546361552031816,0.0,0.0,0.0,0.0,0.0,0.0,0.0,0.0,0.0,0.0,0.9201252709688684,0.0,0.0,0.0,0.0,0.8882835542427695,0.0,0.0,0.0,0.8556467267372884,0.838174880272193,0.8650547221427713,0.0,0.8562307652816703,0.0,0.0,0.9087519012945627,0.0,0.8526343505664612,0.0,0.8478409530375496,0.8698943167698954,0.0,0.0,0.0,0.0,0.0,0.0,0.0,0.0,0.0,0.8636083204985995,0.8848858563746401,0.0,0.0,0.0,0.8659940010330259,0.0,0.0,0.8725806195218995,0.9002597952990983,0.8417910076425444,0.0,0.8613381780808643,0.0,0.0,0.855714722022225,0.0,0.0,0.8334213016879634,0.884159172556817,0.9162651385526445,0.8785793682842031,0.0,0.0,0.0,0.0,0.0,0.0,0.0,0.8709760514991347,0.0,0.8470895239687642,0.0,0.0,0.0,0.0,0.0,0.0,0.8897123072902701,0.0,0.8733872183347869,0.0,0.8725926554310115,0.864955521897909,0.8524715938780292,0.0,0.0,0.0,0.8935650447157591,0.0,0.0,0.0,0.0,0.9252364715223966,0.0,0.8531709207335918,0.0,0.0,0.0,0.8898838130344814,0.8925304144800282,0.9074295382817579,0.864532330640966,0.8582267179846402,0.8743060896805026,0.0,0.0,0.8820358750849747,0.0,0.8974328806012575,0.8537220425249814,0.8794896566706338,0.0,0.8575039413661574,0.0,0.0,0.0,0.0,0.0,0.9078218973313114,0.0,0.0,0.8775760539539922,0.8682178697497596,0.0,0.0,0.0,0.0,0.8453894753443048,0.0,0.0,0.0,0.8715941941956051,0.0,0.0,0.0,0.883548148572321,0.0,0.0,0.8587852993078396,0.0,0.0,0.0,0.0,0.8989916486833704,0.0,0.0,0.8916293330506218,0.0,0.9050925345499262,0.0,0.0,0.8696463670375655,0.0,0.8489889113192753,0.8492362602470301,0.0,0.8544696863156165,0.0,0.8770067149813293,0.0,0.8815119668576471,0.8637257909279573,0.8729187249876166,0.0,0.0,0.0,0.0,0.0,0.0,0.0,0.0,0.0,0.882777252120647,0.8671829105063337,0.0,0.0,0.8897759750431976,0.0,0.0,0.0,0.0,0.0,0.0,0.0,0.8599000599588787,0.0,0.0,0.9026732485536361,0.8830795940888188,0.8848834714648937,0.0,0.0,0.0,0.0,0.8974365794543846,0.0,0.0,0.0,0.0,0.9035543058213962,0.0,0.0,0.9111231643575349,0.8909166876783541,0.8812262420152784,0.0,0.9203955403237877,0.0,0.863128077055148,0.0,0.0,0.0,0.0,0.0,0.8857493488903989,0.0,0.0,0.8787823988409835,0.8490334394767565,0.8833705636552551,0.866942712918443,0.893666406938302,0.8846240517286141,0.8893530010271259,0.8633402481653334,0.0,0.0,0.8800617922097592,0.0,0.0,0.8447685465094109,0.0,0.0,0.8643693533005653,0.8932186072887723,0.0,0.0,0.8527300657336327,0.0,0.0,0.8665506472896144,0.8944551793024779,0.8395786290075873,0.0,0.0,0.8978261616666748,0.0,0.882935535568793,0.0,0.0,0.0,0.8571519887979544,0.0,0.877824626022847,0.8604883286691746,0.0,0.9265630937436498,0.0,0.0,0.0,0.8620785965781862,0.0,0.0,0.8944885812154154,0.878863831837324,0.8758209398304838,0.8782156072852246,0.0,0.0,0.0,0.0,0.0,0.0,0.8775102211120142,0.0,0.0,0.0,0.9185316075880775,0.0,0.0,0.860187468837864,0.8515263669967602,0.0,0.9220943783674788,0.0,0.8407616258844032,0.0,0.9006239910198433,0.8681141574025202,0.0,0.0,0.0,0.0,0.8379024909989807,0.0,0.0,0.8693836956732779,0.8773982524357525,0.0,0.0,0.8653218219453458,0.0,0.0,0.0,0.0,0.8881103592737483,0.8535261934006865,0.0,0.8445514038605051,0.0,0.886225227429374,0.0,0.0,0.8955523467255001,0.9133751710443636,0.0,0.0,0.0,0.0,0.0,0.0,0.9190019190740034,0.0,0.0,0.8798935573500926,0.0,0.0,0.0,0.0,0.8708942895161624,0.0,0.9041611802226927,0.0,0.0,0.0,0.9122900355085651,0.0,0.0,0.915826490973105,0.0,0.891449851607147,0.0,0.0,0.0,0.0,0.0,0.0,0.8698644950554376,0.0,0.8953336714100117,0.8902969818826688,0.0,0.8489293083904892,0.8892990996946906,0.0,0.0,0.0,0.0,0.0,0.0,0.900802677909315,0.9209110299310937,0.0,0.0,0.0,0.0,0.0,0.8759763323756543,0.0,0.0,0.8614497879522411,0.0,0.0,0.8774296639787371,0.8417321862098193,0.8437321519346067,0.0,0.0,0.0,0.897385531924545,0.0,0.8667976142170456,0.0,0.0,0.9116701800409529,0.0,0.0,0.0,0.0,0.0,0.0,0.8737094289308718,0.9042890002767267,0.0,0.0,0.0,0.0,0.0,0.8604983991785299,0.8905747863652494,0.0,0.0,0.8399083265744427,0.8396475768330851,0.8657117286720585,0.0,0.9182418465079918,0.8688874162115299,0.0,0.8999044950994451,0.8910376890944189
0.0,0.0,0.0,0.0,0.15983412380945117,0.18974321380528258,0.0,0.0,0.21281079776430364,0.0,0.0,0.0,0.0,0.21882619234233414,0.17558938108538116,0.17930555920664326,0.0,0.0,0.0,0.1998459848630161,0.1903988490355714,0.0,0.19915569412676906,0.0,0.0,0.0,0.20930473678026573,0.17500240138337722,0.0,0.0,0.20732506185987076,0.0,0.0,0.0,0.19207808377799288,0.0,0.0,0.0,0.20694574693685633,0.0,0.0,0.0,0.0,0.0,0.1764525489471387,0.0,0.0,0.0,0.18617122485698737,0.0,0.0,0.0,0.0,0.1724940421002286,0.0,0.19256803920266824,0.0,0.0,0.15432426836271157,0.0,0.20819708954242924,0.0,0.0,0.0,0.0,0.20417392203246323,0.19168807869919396,0.16089117988825474,0.0,0.18000546009325885,0.1974547318729701,0.0,0.0,0.0,0.0,0.0,0.16667891164155457,0.1885837800720487,0.0,0.0,0.0,0.0,0.19360605819757676,0.21161194271121755,0.0,0.0,0.0,0.0,0.17157816417541363,0.21213989510565984,0.1700007948270705,0.21163140166173142,0.18845261223796633,0.20051889832586864,0.0,0.0,0.0,0.2081482159227234,0.0,0.17529753212934882,0.0,0.0,0.0,0.0,0.0,0.0,0.200097934423701,0.16335574792385535,0.1810155103690571,0.0,0.2114936901181713,0.0,0.21540645650049642,0.0,0.0,0.1746055428968836,0.0,0.17764538167953028,0.17397370385195665,0.0,0.0,0.21180062595540614,0.0,0.0,0.18797941080686262,0.1694339803886304,0.0,0.0,0.0,0.21700425355764913,0.0,0.0,0.0,0.18404768865229962,0.0,0.17014174929124265,0.0,0.0,0.18930525261169445,0.0,0.0,0.0,0.0,0.0,0.0,0.0,0.0,0.0,0.0,0.17918572782276077,0.21223028880894185,0.0,0.18346884809925942,0.0,0.0,0.0,0.0,0.0,0.15159570631335287,0.0,0.19941317835803482,0.0,0.0,0.0,0.19354455537143672,0.17515516422695254,0.19885114172088425,0.2145911307940718,0.19115552992278306,0.15352249208337157,0.0,0.20636065950643506,0.0,0.0,0.0,0.0,0.16990388348611687,0.17950118145024835,0.0,0.0,0.16682977595598442,0.0,0.22395231548076566,0.0,0.0,0.0,0.0,0.0,0.0,0.0,0.17606444767674834,0.22233021115995802,0.0,0.0,0.0,0.0,0.0,0.0,0.0,0.0,0.0,0.0,0.0,0.0,0.0,0.0,0.20596425553467737,0.20907898866877844,0.0,0.0,0.19536613220217944,0.19606285429014747,0.0,0.0,0.0,0.0,0.0,0.18151145999589197,0.0,0.22734224670218678,0.17365676403078428,0.0,0.0,0.0,0.0,0.18152928936997428,0.0,0.0,0.18411864821114235,0.0,0.0,0.21272849964491783,0.20310741122977546,0.17736179967973015,0.1730627461727797,0.0,0.1634017877373877,0.18137181455593254,0.0,0.1927182198138296,0.20363697502388411,0.0,0.2143003227909799,0.17697108138415715,0.0,0.0,0.19909968297772362,0.18906614043838407,0.0,0.0,0.2061289632133112,0.0,0.21444851466482603,0.19277033707908114,0.17786713161676299,0.20018235642632343,0.0,0.0,0.0,0.0,0.17297588994477686,0.0,0.21562577932869748,0.16671830809668386,0.16870290277122274,0.18610796849646302,0.1904809334185328,0.0,0.19594881720823495,0.18935949193073598,0.1792128246097146,0.0,0.16263343193501217,0.20927362185970913,0.1784542873437959,0.0,0.2131293434349079,0.0,0.19653491276017648,0.0,0.16885709171550506,0.0,0.22448372211528242,0.19505315493720457,0.1901950591543944,0.0,0.0,0.0,0.19918696149369153,0.0,0.18549793280352422,0.0,0.0,0.0,0.17306116814002562,0.19807596704866548,0.0,0.0,0.0,0.0,0.18401689345680958,0.0,0.17772223893112007,0.0,0.0,0.19430575956282073,0.20350758274621114,0.0,0.0,0.0,0.18946830926972602,0.18047910323517957,0.0,0.17944365704164703,0.0,0.20945351052763392,0.0,0.15166731761726382,0.0,0.0,0.0,0.0,0.18475451065858683,0.0,0.0,0.0,0.1847941517766734,0.0,0.0,0.1844595641814244,0.0,0.22916249328919389,0.187002128713309,0.0,0.18181404410606375,0.0,0.17757920181513714,0.0,0.0,0.0,0.0,0.0,0.0,0.0,0.0,0.0,0.0,0.2312731851602086,0.18342497014471673,0.17014572264350536,0.0,0.0,0.0,0.0,0.0,0.0,0.1607229042275744,0.0,0.22048088903441262,0.0,0.0,0.0,0.0,0.0,0.19705719826178528,0.0,0.0,0.19816323223365356,0.1865035089862008,0.0,0.18716885608811284,0.1617519631718144,0.0,0.0,0.16086613289277246,0.17685744332560221,0.18793310217016052,0.18637883158216215,0.0,0.17768987251107832,0.16300462999983878,0.19097050804874688,0.19097627306945114,0.0,0.19293798425018743,0.18919447612426576,0.15524087222376304,0.0,0.0,0.15335095467509696,0.0,0.0,0.0,0.0,0.2014023269766444,0.19307634404474383,0.21839314574891727,0.0,0.0,0.17641127708362686,0.1912784360717607,0.0,0.15649506935674262,0.0,0.1948556138510303,0.0,0.0,0.0,0.0,0.20687276444979563,0.0,0.0,0.0,0.17621689255758183,0.1825569465253058,0.0,0.0,0.0,0.0,0.0,0.0,0.0,0.0,0.0,0.0,0.18785919085593877,0.17470056190892358,0.1760137542598607,0.0,0.17641643628182488,0.17039862333613656,0.0,0.17242021149270562,0.0,0.0,0.0,0.2019972778182698,0.19888652541507834,0.0,0.0,0.0,0.19712294578241576,0.1741502069456052,0.0,0.0,0.0,0.17042494686706663,0.0,0.0,0.17972116585048944,0.18119010776140973,0.19063357471241024,0.0,0.0,0.0,0.0,0.0,0.0,0.0,0.194910966332446,0.0,0.0,0.0,0.0,0.0,0.0,0.0,0.16643426906082334,0.0,0.0,0.0,0.0,0.0,0.0,0.0,0.17235598003729374,0.19085292644399954,0.0,0.16308183850496769,0.0,0.0,0.0,0.0,0.17123017614021083,0.0,0.0,0.0,0.0,0.2036177398406497,0.20964772353852187,0.0,0.19331827252979303,0.0,0.0,0.1701101192202454,0.1940028128253532,0.0,0.0,0.20250433297769568,0.0,0.1991643973965536,0.2280763845740431,0.0,0.16014710611425528,0.0,0.0,0.0,0.0,0.0,0.204385971814027,0.0,0.0,0.0,0.0,0.0,0.0,0.0,0.0,0.0,0.0,0.0,0.19236972555109,0.0,0.0,0.0,0.0,0.0,0.1716598543153278,0.1704157286447888,0.0,0.0,0.0,0.2335076648587083,0.18860896406926428,0.18236703587744418,0.0,0.0,0.0,0.0,0.17644090070596102,0.0,0.17348905886093838,0.0,0.0,0.13589585768723694,0.0,0.0,0.0,0.19775668907306795,0.0,0.17410333784253362,0.0,0.1555974013065254,0.0,0.0,0.0,0.1982130227294932,0.19656707919657282,0.1873662542833433,0.16740169111390366,0.1891156607634401,0.0,0.0,0.0,0.0,0.0,0.0,0.0,0.0,0.1945239428517044,0.20143144913084374,0.0,0.0,0.0,0.18931419363554677,0.0,0.0,0.17349108630728327,0.0,0.0,0.0,0.1894439155082364,0.0,0.20434757632147693,0.18095340921328049,0.17833190582407699,0.0,0.0,0.0,0.20815279124640548,0.0,0.0,0.1716565080605507,0.0,0.1872974551096356,0.0,0.17121737748244026,0.0,0.22002237540058817,0.20570739205820637,0.17947952753869711,0.0,0.0,0.15562397117848026,0.20204857783880942,0.21353776635759839,0.0,0.0,0.0,0.16124151926812763,0.0,0.0,0.0,0.18761246801967843,0.16963023085890483,0.0,0.0,0.0,0.20006623943799284,0.0,0.0,0.0,0.0,0.1971599245630634,0.18313835941936873,0.20852056159663676,0.0,0.19797225536007376,0.0,0.0,0.0,0.0,0.0,0.18371503461675587,0.1734889554920223,0.0,0.0,0.20711219162162614,0.0,0.20812683733115794,0.0,0.1676921895359221,0.0,0.18591378009850976,0.0,0.0,0.0,0.0,0.0,0.0,0.0,0.0,0.0,0.19637945329404144,0.0,0.0,0.0,0.0,0.0,0.0,0.0,0.0,0.21191844633192408,0.0,0.0,0.21790503526188765,0.0,0.0,0.16473237412794006,0.0,0.16575787637697162,0.0,0.0,0.0,0.21499053620774528,0.0,0.0,0.0,0.15303804128869336,0.0,0.20824403805684905,0.0,0.0,0.0,0.0,0.1790441523063242,0.0,0.20285749876864684,0.16463834128418398,0.0,0.0,0.0,0.18134827024198605,0.14704647055470155,0.0,0.0,0.1605040460671001,0.0,0.19496720301470555,0.0,0.0,0.0,0.0,0.19662965685732223,0.0,0.0,0.0,0.1628048803302904,0.0,0.15098393893604614,0.2001051195513417,0.0,0.0,0.0,0.0,0.0,0.0,0.0,0.0,0.0,0.0,0.19514071181867346,0.0,0.0,0.1969856298158249,0.0,0.1751794855721803,0.0,0.0,0.0,0.21704660795829464,0.0,0.19769033046680412,0.0,0.0,0.0,0.0,0.1835455003489997,0.0,0.0,0.18650791749540413,0.15807088675077072,0.0,0.0,0.0,0.0,0.17008804401471633,0.0,0.0,0.0,0.0,0.0,0.0,0.18880573329977252,0.0,0.18955975407777578,0.0,0.17701702403204256,0.0,0.2141542136357899,0.0,0.0,0.0,0.17271421152300548,0.1818933540732107,0.18396947155347926,0.0,0.19306376393050198,0.0,0.0,0.0,0.18384731386931033,0.0,0.0,0.1702761099066651,0.17347267013429057,0.1973048934677719,0.18433878176759522,0.0,0.0,0.0,0.0,0.0,0.17060096989231158,0.0,0.0,0.0,0.0,0.0,0.0,0.0,0.0,0.23188315746394017,0.0,0.2031370591495572,0.0,0.0,0.0,0.21754763721929665,0.0,0.0,0.0,0.0,0.18364606847039472,0.0,0.0,0.0,0.0,0.0,0.14570097340653343,0.1465347294697731,0.19212514864411426,0.19733243349741514,0.0,0.0,0.16641640258877,0.1613456256225106,0.1678269960260024,0.19458345116943018,0.0,0.0,0.0,0.0,0.17224759577506515,0.0,0.0,0.0,0.0,0.19775646163967703,0.0,0.0,0.1909014275980454,0.19918137251401455,0.0,0.0,0.0,0.19367649233735026,0.0,0.0,0.1706486468549162,0.196067700077383,0.0,0.0,0.0,0.0,0.18025430908477244,0.2189613088744243,0.18183503270222703,0.0,0.20017111268136792,0.0,0.18933897791368176,0.0,0.0,0.0,0.2246412609930889,0.2032076992089282,0.0,0.0,0.0,0.0,0.0,0.2091740717261743,0.0,0.22310811502875383,0.17919462460415622,0.22019178431650638,0.1631366091270142,0.1853234417455911,0.0,0.1907290089872913,0.0,0.2245342373249227,0.16793685683293438,0.0,0.0,0.20747345281235977,0.17396223035198494,0.0,0.0,0.16834666625701833,0.0,0.0,0.0,0.20244238122626396,0.19453373280425465,0.19696048552767192,0.0,0.0,0.0,0.0,0.0,0.0,0.15524076775677528,0.1776993355476883,0.0,0.0,0.0,0.20058869581616065,0.0,0.0,0.0,0.1843041326300845,0.0,0.0,0.0,0.0,0.0,0.0,0.0,0.0,0.0,0.0,0.0,0.20184881560759727,0.0,0.16794151443067243,0.0,0.2051085453643384,0.0,0.0,0.0,0.0,0.0,0.0,0.0,0.1809707723555994,0.15605166899828898,0.0,0.0,0.0,0.22000865573098638,0.0,0.0,0.18579089182743894,0.0,0.1605275420383376,0.17984800090577915,0.0,0.0,0.0,0.0,0.1849986143469926,0.0,0.19112402291653946,0.0,0.0,0.0,0.19931903911275756,0.0,0.18153598000126914,0.0,0.19609056588746326,0.0,0.0,0.17742065132724222,0.0,0.0,0.0,0.0,0.0,0.0,0.0,0.0,0.0,0.2093875629072104,0.0,0.0,0.193253422836879,0.0,0.0,0.0,0.15877391139103741,0.0,0.0,0.0,0.0,0.0,0.0,0.0,0.2211343476646448,0.22029747779530948,0.19875607326670466,0.0,0.17255915515604356,0.0,0.0,0.0,0.0,0.0,0.0,0.18428619049578077,0.19015378851197065,0.0,0.20882034176614908,0.0,0.1802452383585317,0.0,0.1808589873290737,0.0
0.4968629811197744,0.0,0.0,0.0,0.0,0.5366002174469833,0.0,0.0,0.0,0.0,0.5341757283937262,0.0,0.5164642308991143,0.5619239433642095,0.565695185341746,0.5197245003789471,0.0,0.5058824456086637,0.5454592990174041,0.0,0.5264195493298417,0.0,0.5651627363678876,0.0,0.0,0.0,0.5395951208938706,0.0,0.5386475049303151,0.5398014883207622,0.0,0.0,0.5383866085010849,0.0,0.5076333324914443,0.0,0.0,0.5394313900932746,0.5652622770255051,0.0,0.5481989734919699,0.0,0.0,0.0,0.0,0.0,0.530559808001169,0.5315521180458154,0.0,0.0,0.0,0.0,0.5557507081433358,0.5337874661576641,0.6080436778266188,0.0,0.5490313020794625,0.0,0.4888779608758032,0.5570522945369167,0.0,0.5111249466177895,0.0,0.0,0.0,0.5672479499740704,0.0,0.0,0.5206431887222158,0.0,0.5381940525068521,0.0,0.5378358915027982,0.0,0.0,0.0,0.0,0.0,0.0,0.0,0.5563454590098263,0.0,0.0,0.5798407442814435,0.0,0.5472460526887812,0.0,0.502625754903388,0.5137045837508987,0.0,0.5066080195601361,0.0,0.0,0.0,0.0,0.5300714928686515,0.0,0.568227382311451,0.0,0.0,0.5555319961993356,0.0,0.0,0.0,0.5193961576167383,0.5446531700116679,0.5620305366894426,0.48497375151950284,0.0,0.5394411286115948,0.5444374535710028,0.4889785369190455,0.510872921194838,0.0,0.568573985413368,0.0,0.0,0.0,0.5327181264262717,0.0,0.5786344403215904,0.5135644886233862,0.5719424092223018,0.0,0.5040658449678344,0.5433649995597363,0.0,0.0,0.0,0.549076630723346,0.0,0.5292236872858113,0.0,0.5638815429978761,0.0,0.0,0.5444732500930322,0.0,0.5371614595724986,0.0,0.0,0.5504815697534207,0.5946736605914478,0.0,0.0,0.0,0.0,0.0,0.569648968050344,0.0,0.0,0.0,0.5601757055129135,0.5483628457916162,0.0,0.5292169114334527,0.0,0.5308768761776786,0.0,0.0,0.4940449289110288,0.5272217514903883,0.5304830350220284,0.0,0.0,0.0,0.0,0.524149475665212,0.0,0.0,0.0,0.0,0.0,0.5304293594709951,0.0,0.5277988081057163,0.0,0.0,0.0,0.0,0.0,0.5527449028076722,0.5279338457771817,0.0,0.0,0.0,0.5956644408376488,0.0,0.0,0.5694294602849327,0.5344808707914327,0.5497105346602604,0.0,0.0,0.0,0.5803282400247121,0.0,0.528534612343199,0.0,0.0,0.0,0.0,0.5740683518273095,0.0,0.5192939989457478,0.5520375917522174,0.552540580246843,0.0,0.0,0.0,0.0,0.5743514185846739,0.0,0.5060850180112431,0.0,0.0,0.0,0.0,0.0,0.4898185490369073,0.0,0.5178482829670056,0.0,0.0,0.0,0.5492691328062899,0.5517202432886645,0.0,0.0,0.0,0.0,0.0,0.0,0.0,0.0,0.5014131958596116,0.0,0.0,0.522322649641139,0.0,0.518533297546404,0.0,0.0,0.545129611585742,0.0,0.0,0.0,0.5522810979893102,0.5595444461689033,0.5449754370400037,0.5457699155531723,0.5126986637242493,0.558934419019289,0.0,0.0,0.503358111653452,0.0,0.0,0.5600129664734911,0.0,0.0,0.0,0.5102256554100323,0.0,0.5365065446632886,0.0,0.0,0.5805224300789401,0.5625750514278807,0.0,0.5287607438978938,0.5528036097036606,0.5561764194408131,0.4952149674139535,0.5616832353926765,0.0,0.0,0.0,0.0,0.0,0.0,0.0,0.5889924265216195,0.0,0.0,0.0,0.0,0.5182620029367019,0.5516557317552171,0.0,0.5218627468029314,0.0,0.5403071455908037,0.0,0.0,0.0,0.0,0.0,0.5133851683562769,0.0,0.5538563779216497,0.0,0.0,0.0,0.0,0.5181761172037755,0.0,0.0,0.0,0.0,0.6081989719017956,0.5452715749739515,0.0,0.0,0.5299289216140963,0.0,0.5723862893871273,0.5132734461940565,0.0,0.0,0.0,0.0,0.0,0.0,0.5427696919519129,0.0,0.0,0.0,0.0,0.0,0.5545887699153265,0.5448622522333302,0.0,0.0,0.0,0.5185409603440188,0.0,0.5273645414546408,0.0,0.5618096653004082,0.0,0.5077437803187916,0.5183547067057418,0.0,0.0,0.0,0.0,0.5609291795808271,0.5844178241130529,0.5066875801611044,0.0,0.0,0.0,0.4884808622023997,0.0,0.0,0.0,0.0,0.5469769033375385,0.0,0.0,0.0,0.5025977605903221,0.0,0.0,0.5504532085528557,0.5021148111770715,0.0,0.0,0.0,0.5468903596757984,0.5967193131881792,0.0,0.5075494400523873,0.0,0.0,0.5478569276632572,0.0,0.0,0.0,0.5426564046306168,0.0,0.0,0.5386010001203885,0.0,0.5567925210372004,0.0,0.0,0.0,0.0,0.0,0.477724467083571,0.5367586307066186,0.0,0.5454081304307585,0.0,0.5676375971680722,0.0,0.0,0.0,0.0,0.0,0.0,0.0,0.5751145974090005,0.0,0.0,0.0,0.0,0.0,0.0,0.0,0.0,0.0,0.5840452651113806,0.0,0.0,0.0,0.0,0.5954971113672406,0.0,0.5054922466408768,0.0,0.0,0.0,0.5677925833693702,0.0,0.0,0.0,0.0,0.5297650738468271,0.0,0.0,0.0,0.0,0.0,0.0,0.0,0.5172219240507995,0.5141736533329767,0.0,0.0,0.0,0.5169188755194382,0.5694086634403163,0.0,0.0,0.0,0.5392657824405853,0.0,0.5224268250248986,0.5514091364794913,0.0,0.0,0.0,0.5181605815845679,0.0,0.5373627066261679,0.0,0.4894724938292354,0.5739389708794183,0.0,0.0,0.0,0.5565664042975818,0.0,0.0,0.0,0.5218522847503559,0.5076463898314293,0.0,0.569024908764614,0.0,0.5082173822643385,0.0,0.0,0.0,0.5359635001637411,0.4891179443210697,0.0,0.0,0.0,0.0,0.0,0.0,0.0,0.0,0.0,0.0,0.5090459773801833,0.5197943124482292,0.5643871687373831,0.5209190176300111,0.0,0.5141469416255198,0.5280851882416749,0.0,0.0,0.5700585587822505,0.0,0.5857451354713046,0.0,0.5217542330133952,0.0,0.0,0.0,0.0,0.0,0.49940770819751606,0.0,0.5106183980306437,0.5571334279009486,0.0,0.0,0.0,0.5411196195606676,0.0,0.5199300154411475,0.0,0.0,0.5753080408476353,0.5367749392342424,0.0,0.5364050681977899,0.0,0.5505625930481745,0.0,0.0,0.0,0.0,0.0,0.0,0.0,0.538537024221709,0.0,0.5071901963265698,0.0,0.0,0.5267328693520449,0.5230011884399239,0.5134925143878941,0.0,0.5313957234107974,0.5547997140271524,0.0,0.0,0.0,0.0,0.0,0.0,0.0,0.0,0.0,0.0,0.0,0.5076109467443476,0.0,0.0,0.0,0.521602202844509,0.580073263300673,0.0,0.5680398967081023,0.0,0.5751292208346039,0.0,0.0,0.5971444775675302,0.5508146841208084,0.0,0.0,0.49425346272108844,0.5020937161819268,0.0,0.5586331617706286,0.5185001985694325,0.5336055275285316,0.0,0.0,0.5760929940883689,0.0,0.0,0.0,0.0,0.0,0.5562411311537359,0.0,0.0,0.0,0.0,0.5084355647322087,0.0,0.5089663416907044,0.0,0.5140235512005406,0.0,0.0,0.5284883260784119,0.0,0.0,0.0,0.0,0.0,0.520025825019421,0.0,0.5919003229150057,0.0,0.0,0.0,0.0,0.0,0.0,0.0,0.4926037216027962,0.5424973444474519,0.0,0.0,0.0,0.5821960095783776,0.0,0.0,0.0,0.5225754494568697,0.5411682350701389,0.5506609591889672,0.5843424835237885,0.0,0.5525585320352305,0.0,0.0,0.0,0.0,0.5465216074556087,0.5176264965124274,0.5360430920602471,0.0,0.5410588066529052,0.6027183302677013,0.0,0.5171590847351509,0.5467937781752799,0.0,0.0,0.0,0.0,0.5013787147799654,0.0,0.0,0.0,0.0,0.0,0.0,0.0,0.0,0.0,0.0,0.0,0.5400835432150399,0.0,0.0,0.6026747130577351,0.0,0.5731036602341133,0.501351621770735,0.0,0.0,0.5157475177451001,0.0,0.5373525801659754,0.0,0.0,0.5321482074610672,0.5140329207849863,0.48242997053229203,0.5951113383366382,0.5223482267489262,0.0,0.5168134392924858,0.0,0.0,0.5422188906730466,0.0,0.0,0.5102301431203972,0.5415417323763045,0.5885305246950808,0.5263936282860743,0.5358599559331307,0.5486316459576734,0.528875447641876,0.5088306519220264,0.0,0.511946391457235,0.0,0.550262119978652,0.5450725406867064,0.5044262719467723,0.0,0.5243129762821432,0.0,0.5166344225020425,0.0,0.5154958618411833,0.5744392654082973,0.551755353857583,0.5696701461036833,0.0,0.4701436321363576,0.0,0.0,0.0,0.0,0.0,0.0,0.0,0.0,0.0,0.0,0.5690720276471846,0.5308672397183266,0.0,0.5966892396370642,0.5501515261961236,0.0,0.0,0.0,0.0,0.0,0.0,0.0,0.5963646710584571,0.0,0.5754419358674763,0.5126093502257717,0.5955343477474511,0.4822669583824144,0.5057037845198031,0.5236694764443586,0.5128596227328034,0.0,0.0,0.0,0.0,0.0,0.0,0.523006462870558,0.5196474688320379,0.507460558101477,0.5575026671397432,0.5017578299599477,0.5720408128558068,0.0,0.0,0.0,0.5215835328721775,0.0,0.0,0.0,0.0,0.0,0.0,0.5159684008529423,0.0,0.0,0.0,0.49627480969379884,0.5739595253253036,0.0,0.0,0.0,0.0,0.5132848401291338,0.0,0.5698489720920428,0.0,0.5683216131363589,0.5463115408659238,0.5462880797134914,0.5565457449524587,0.0,0.0,0.0,0.0,0.5751439727913411,0.0,0.0,0.5114600427819931,0.0,0.4963157876829973,0.0,0.0,0.0,0.5613200891408665,0.0,0.0,0.0,0.0,0.5332035739913346,0.5148809719972576,0.0,0.0,0.0,0.525277759805636,0.5180066878910838,0.0,0.5303457902366655,0.547092352826265,0.0,0.0,0.0,0.5886844035972217,0.0,0.0,0.5001898923944712,0.0,0.0,0.0,0.0,0.0,0.0,0.5510695618998595,0.0,0.0,0.0,0.57206294050324,0.0,0.0,0.0,0.5018490706361702,0.5729850518821571,0.0,0.5144867699672081,0.0,0.0,0.0,0.0,0.0,0.0,0.0,0.5511997506343308,0.0,0.0,0.0,0.0,0.5387503831399566,0.5475758071281067,0.5527453801793489,0.0,0.5162747848894103,0.0,0.0,0.5536138632546084,0.0,0.5436055042582054,0.0,0.5332497811421514,0.0,0.4940223132070336,0.0,0.0,0.0,0.5512271120248556,0.5175467520363867,0.0,0.5651201473830307,0.0,0.5229204093168821,0.0,0.0,0.0,0.540765823345217,0.0,0.0,0.0,0.5512241175138535,0.0,0.0,0.0,0.5394685599447819,0.5175968904096984,0.0,0.0,0.4970584790452271,0.5931984431247699,0.5754691217595433,0.48268072579296517,0.5437292567066122,0.0,0.5363975216385992,0.5086315818788735,0.547175641408526,0.5286160791376542,0.5157829389120762,0.0,0.5862638623648357,0.0,0.0,0.0,0.5996840055880789,0.5420463642049588,0.0,0.0,0.5429928545941856,0.0,0.0,0.5059212091828832,0.0,0.0,0.0,0.0,0.5606050610795438,0.0,0.0,0.0,0.0,0.5369075703624121,0.53746534989531,0.0,0.5035983298480515,0.0,0.0,0.0,0.5395013222755126,0.0,0.5203587605139076,0.0,0.0,0.0,0.0,0.0,0.0,0.0,0.0,0.0,0.5380695368402753,0.0,0.0,0.0,0.0,0.544045194168694,0.0,0.5665585685791065,0.5551541203172202,0.0,0.0,0.5387317342671663,0.0,0.0,0.5762087663446342,0.5305323688551216,0.0,0.5091776179909218,0.0,0.0,0.0,0.0,0.0,0.0,0.0,0.0,0.5350755900295372,0.0,0.0,0.0,0.5272867969427903,0.5356274017713968,0.0,0.0,0.5166237489882836,0.5348629147244983,0.4923395583439845,0.0,0.49681104574692303,0.0,0.0,0.0,0.49457261495414184,0.0,0.0,0.0,0.5325341252303617,0.5916277808345294,0.0,0.0,0.0,0.0,0.4812803276200379,0.0,0.0,0.0,0.0,0.0,0.0,0.5418276217234381,0.0,0.5888817439315835,0.5584235771614802,0.5311886440715478,0.5318043106470625,0.0
0.0,0.0,0.0,0.0,0.0,0.5772430490747062,0.0,0.0,0.6127866690569431,0.0,0.0,0.6544962127981737,0.0,0.6633342083663532,0.0,0.6119460882575203,0.0,0.0,0.0,0.0,0.642307196831451,0.0,0.6642711424362125,0.0,0.6210972341111985,0.600671726376506,0.6394041186606124,0.0,0.0,0.0,0.0,0.0,0.0,0.0,0.0,0.0,0.6447421725163558,0.0,0.0,0.0,0.5914454355228919,0.0,0.0,0.0,0.0,0.0,0.0,0.0,0.6101993808227011,0.0,0.0,0.0,0.610881157767532,0.0,0.0,0.0,0.0,0.6362401044268867,0.0,0.0,0.0,0.6450233312932124,0.0,0.0,0.0,0.6176931816364514,0.0,0.0,0.0,0.6104198606675929,0.0,0.0,0.671159568867279,0.0,0.6395790449915242,0.6442615120026267,0.0,0.0,0.0,0.0,0.6346658219095774,0.0,0.6549966587284282,0.0,0.6050746816871042,0.0,0.0,0.0,0.6473290985492673,0.0,0.638304990662259,0.0,0.0,0.6171760005103436,0.0,0.6465312174661662,0.0,0.0,0.0,0.0,0.683556956943144,0.0,0.0,0.6029240226401691,0.0,0.6558763853015891,0.5869124898724657,0.0,0.6297210171952535,0.6706868513032027,0.0,0.6092444649613834,0.0,0.0,0.0,0.6388964410654591,0.6595288417525244,0.616239224638554,0.0,0.0,0.0,0.6446659819526982,0.6433644603125808,0.6236970879254666,0.6177249830010614,0.0,0.0,0.0,0.0,0.6221003969731471,0.0,0.6560125513159859,0.0,0.0,0.6550396142038047,0.0,0.0,0.0,0.6323764084131723,0.0,0.0,0.6117353891520588,0.0,0.6064737751506828,0.6540277875561806,0.0,0.6252422922357025,0.0,0.0,0.6179959023495988,0.0,0.0,0.0,0.0,0.0,0.6443076014907007,0.0,0.0,0.5820421095418986,0.6486633948299838,0.6241653304533359,0.6181008819732053,0.6478496859374118,0.0,0.0,0.6198911505494247,0.6189662193002693,0.6429835895869698,0.0,0.0,0.6570661009766526,0.0,0.0,0.7032363122237847,0.0,0.0,0.0,0.0,0.607831209197572,0.6277071955276646,0.0,0.0,0.6407197761941287,0.0,0.5779078873301244,0.0,0.6005942730362215,0.0,0.0,0.0,0.0,0.6039548077385777,0.0,0.0,0.0,0.6576863452077936,0.0,0.6208070944207976,0.0,0.6479136841080609,0.6126594792197352,0.0,0.615792801415151,0.0,0.6547121658191098,0.0,0.0,0.5751424095351195,0.0,0.0,0.6784340642398962,0.6325234891921645,0.0,0.0,0.0,0.6146717734097566,0.0,0.6641396143961528,0.0,0.6582674282180873,0.0,0.6009029584767757,0.0,0.0,0.6105790579646343,0.5846808420430003,0.6389544223209495,0.0,0.5945892010038019,0.0,0.0,0.0,0.0,0.6226376499841941,0.6176815372877188,0.6049915017175873,0.6449942966378286,0.0,0.6102429533402777,0.6254359876177615,0.6288238460585539,0.0,0.5956562278933436,0.0,0.0,0.5944457306809657,0.0,0.6665232675458229,0.0,0.6092725419279738,0.0,0.6440946886395761,0.642195752802029,0.0,0.6001009391202341,0.6637920111717284,0.5924989831452487,0.0,0.0,0.0,0.6294022228492179,0.6146057997161565,0.0,0.0,0.0,0.6415285928253751,0.6011441804857136,0.0,0.617231403016002,0.0,0.0,0.0,0.6551373020346466,0.6316099069524452,0.0,0.6349271332515478,0.0,0.0,0.0,0.0,0.0,0.6496515451835353,0.6189872575994454,0.6042305092762399,0.612881261231073,0.0,0.6252393488487654,0.6239340719117226,0.0,0.0,0.624394690303829,0.0,0.0,0.0,0.0,0.0,0.0,0.0,0.0,0.5820170054871099,0.0,0.0,0.0,0.0,0.0,0.0,0.6478372579238555,0.0,0.0,0.0,0.0,0.5853473651703752,0.6030962837310502,0.0,0.6150739366668101,0.6450832016483234,0.598659725043653,0.0,0.6394195058868379,0.6312561501946865,0.6395495876540123,0.0,0.0,0.5998264695751342,0.612296040483787,0.0,0.0,0.0,0.6445165420879146,0.0,0.0,0.591137010983287,0.0,0.6384766607221932,0.644644773712931,0.0,0.0,0.6805204781319893,0.0,0.0,0.6594737024465867,0.61775257587618,0.627659084849866,0.0,0.6116686647629468,0.0,0.0,0.0,0.0,0.0,0.0,0.0,0.0,0.6385361403658956,0.0,0.0,0.0,0.6491353343252813,0.6004004129828852,0.5885565182693753,0.0,0.0,0.6222581626712971,0.0,0.5753365984776104,0.0,0.6436704988468072,0.0,0.563656589987685,0.0,0.0,0.6373561661228475,0.0,0.0,0.0,0.618671571834563,0.6448189981835067,0.6668455311938675,0.0,0.0,0.6021341077165453,0.6127498934802957,0.0,0.0,0.6201777642959224,0.6057078434127668,0.0,0.0,0.0,0.0,0.6520351354673883,0.0,0.6341816308758992,0.0,0.0,0.6062317229468819,0.598604123766347,0.628087298944401,0.0,0.6703790093654087,0.0,0.627221785877002,0.0,0.6097664376214145,0.0,0.0,0.0,0.0,0.0,0.628569475407642,0.0,0.6109463344149694,0.0,0.5988508796284727,0.0,0.0,0.0,0.0,0.0,0.6245157483082823,0.0,0.6259496843366196,0.0,0.0,0.0,0.0,0.6106748733311081,0.6040454382577493,0.0,0.0,0.0,0.6184783985483802,0.6415625239656683,0.6142002083971657,0.6096922196712311,0.0,0.5912506841792046,0.5870433768494152,0.6090990524735315,0.0,0.0,0.0,0.6060999091834268,0.0,0.6691737803814302,0.0,0.0,0.6562722090773363,0.5894080066885826,0.0,0.0,0.6315606710568007,0.0,0.0,0.0,0.6335746946656274,0.6035168305495978,0.0,0.6272933798798638,0.0,0.0,0.6618011867604382,0.0,0.0,0.0,0.0,0.0,0.6656987804616719,0.5936261194424483,0.0,0.0,0.0,0.0,0.6300961334001475,0.0,0.0,0.6432732685615687,0.0,0.6325933476554676,0.0,0.5700194087859317,0.0,0.0,0.0,0.0,0.6301050209580792,0.0,0.0,0.5706974643200481,0.6555633419616987,0.0,0.6299135511807868,0.0,0.0,0.0,0.0,0.0,0.0,0.0,0.6166525338177519,0.0,0.6344921313642288,0.0,0.0,0.0,0.0,0.0,0.0,0.6053870214092761,0.5466284013552859,0.6784704735143684,0.0,0.0,0.0,0.5897808795660305,0.6779571721031666,0.0,0.6493070881700549,0.633344258451958,0.0,0.6414912649055097,0.0,0.0,0.0,0.0,0.0,0.0,0.0,0.6458235169830773,0.6216743964271777,0.0,0.5589977699984935,0.6094447104936515,0.6367774784267105,0.0,0.6065872648126924,0.0,0.0,0.6138516833479095,0.0,0.0,0.0,0.6381693367985746,0.0,0.0,0.0,0.6336794306113285,0.6818199760743028,0.0,0.0,0.0,0.0,0.0,0.620738864215628,0.0,0.0,0.0,0.602521919643109,0.0,0.0,0.575786552913167,0.0,0.5950168314653994,0.0,0.0,0.6811749852017023,0.0,0.5968965998494264,0.6142993644378384,0.0,0.5962636267404291,0.6277942003145947,0.635380852199139,0.0,0.6893717341688883,0.0,0.0,0.0,0.0,0.0,0.0,0.0,0.6150121312991422,0.6390356035627187,0.0,0.6354168843063474,0.0,0.6335856337841484,0.0,0.6338811722367075,0.0,0.0,0.6455867231038684,0.6141872441742702,0.0,0.0,0.0,0.0,0.0,0.6159728758194787,0.641926810545711,0.0,0.0,0.0,0.0,0.6378303407661196,0.6623066843721643,0.0,0.6562223045493482,0.6137708186418751,0.0,0.0,0.0,0.0,0.6039626735039849,0.6574076082019085,0.5672646652343998,0.0,0.0,0.0,0.0,0.0,0.0,0.59926297242851,0.0,0.6138455040021841,0.6286140254334424,0.0,0.660025123648426,0.644565271511964,0.0,0.0,0.0,0.6214046473747614,0.0,0.0,0.6625557636282196,0.6646480658119255,0.6573645149978274,0.0,0.0,0.0,0.6530620425423723,0.0,0.0,0.0,0.6350011979979706,0.0,0.0,0.0,0.0,0.6806356621514887,0.0,0.0,0.0,0.0,0.0,0.0,0.0,0.0,0.6048547562869979,0.0,0.5704737078707139,0.6327454178058629,0.0,0.6004964318138545,0.639063050043626,0.0,0.0,0.0,0.613497836599109,0.0,0.0,0.6677105199425923,0.6295294383414753,0.0,0.0,0.0,0.0,0.0,0.0,0.0,0.6325914765224749,0.6297647956848672,0.5857637123071722,0.0,0.6253156779651445,0.622866380878163,0.0,0.6570132908537909,0.0,0.6532999528557356,0.0,0.0,0.0,0.6199418628403581,0.6316055767944042,0.0,0.6706095996043948,0.5914808163513674,0.0,0.6350411690219665,0.0,0.0,0.6078193930107519,0.0,0.0,0.0,0.6142272859697495,0.0,0.0,0.0,0.0,0.0,0.0,0.0,0.0,0.0,0.6547937750379305,0.0,0.0,0.6183033695797198,0.0,0.0,0.0,0.0,0.6199574637106587,0.6415890128202866,0.0,0.0,0.6366766891951408,0.0,0.0,0.0,0.6397153595607278,0.0,0.0,0.0,0.0,0.0,0.6041003786397741,0.6486588550877873,0.0,0.6431140212174594,0.5806936275075353,0.0,0.6660460573967525,0.0,0.0,0.626610563293719,0.0,0.5974672475788507,0.6264902468664504,0.0,0.6182001582492102,0.6660952797013282,0.0,0.6775808187305975,0.0,0.0,0.0,0.5790786077545512,0.0,0.0,0.5908567648668774,0.6770595897992316,0.6056321690370675,0.0,0.0,0.6243527162870229,0.0,0.6080809603520059,0.0,0.0,0.0,0.0,0.6282446593921427,0.597227707623288,0.6569651992157025,0.0,0.6040843988874812,0.6245263182243417,0.0,0.0,0.0,0.0,0.0,0.6404712582096076,0.6709231229275587,0.6762767624957007,0.5871286217455114,0.6314510931766033,0.6538542230518608,0.6203309134596188,0.6192200793823084,0.0,0.0,0.0,0.6494228042006621,0.0,0.0,0.0,0.606320580776694,0.0,0.0,0.0,0.6510550484370659,0.6372933614041029,0.6163193877503493,0.5839958191038876,0.0,0.6369727062516044,0.0,0.6121227753336612,0.6074992401845121,0.0,0.0,0.0,0.0,0.0,0.0,0.0,0.0,0.6203664033957882,0.6297320222815528,0.6216654381623088,0.0,0.0,0.6281947715066573,0.0,0.5665800703807874,0.0,0.0,0.0,0.0,0.0,0.0,0.6521657901831656,0.0,0.0,0.5835174925031437,0.0,0.0,0.0,0.6375142959940899,0.0,0.6174478575344403,0.0,0.6314003099223334,0.6321208674813935,0.6145514259693078,0.6534098113107908,0.0,0.6587120661099689,0.0,0.0,0.6253528091649652,0.0,0.0,0.5973175889486899,0.0,0.6172487072339541,0.5802707480898178,0.6430276241722367,0.6182780182149341,0.6196047986298762,0.5961852666712362,0.0,0.629179372956638,0.0,0.0,0.0,0.6242995372143646,0.6039967562437522,0.6634114462016104,0.0,0.5777000383142494,0.0,0.0,0.5939796669524502,0.0,0.6056013609824719,0.0,0.6178701268692852,0.6198572332855207,0.6087810141336232,0.0,0.0,0.0,0.6289299520896094,0.0,0.0,0.5933837808094341,0.6081158765717357,0.0,0.0,0.0,0.6170563813271681,0.6344190515807164,0.0,0.0,0.0,0.6406572264725133,0.0,0.0,0.0,0.0,0.0,0.0,0.0,0.0,0.630988326363498,0.6589688772459796,0.0,0.0,0.0,0.0,0.0,0.5868996503741649,0.0,0.0,0.0,0.619130668845949,0.6232916340741458,0.6214655663940923,0.0,0.6154465479940767,0.6633066815915319,0.0,0.0,0.0,0.6528610064031927,0.0,0.0,0.57057429235411,0.0,0.0,0.0,0.0,0.0,0.0,0.603672732035322,0.0,0.0,0.0,0.6468105653783858,0.0,0.0,0.675176986346949,0.5818648703102018,0.0,0.0,0.0,0.0,0.0,0.0,0.6661245244642691,0.0,0.0,0.0,0.0,0.6361073404830541,0.0,0.6483218147903907,0.0,0.0,0.0,0.0,0.0,0.6786066340511911,0.0,0.6112953961380583,0.0,0.0,0.6015815117412612,0.0,0.6239199781659619,0.0,0.0,0.0,0.0,0.5864762572604929,0.0,0.0,0.6052057161872235,0.6189702417740284,0.0,0.6553265786269431,0.0,0.5805170911773444,0.0,0.0,0.0,0.0,0.6259070730960453,0.620525205926599,0.0,0.0,0.0,0.6503413821139158
0.0,0.0,0.0,0.0,0.0,0.0,0.0,0.0,0.0,0.7746154925777029,0.0,0.0,0.0,0.7982231974868459,0.0,0.0,0.7916402758314415,0.0,0.0,0.0,0.7917038791646441,0.0,0.0,0.0,0.759487110040152,0.0,0.0,0.7615295570770038,0.7967069341574006,0.7126827187172083,0.0,0.0,0.7418133174532999,0.0,0.0,0.0,0.0,0.0,0.7699550476774917,0.0,0.7108401704771827,0.0,0.0,0.0,0.7740733151912188,0.7987910570111866,0.8119702738830789,0.0,0.7598240754304381,0.7896047796249429,0.849202201648675,0.0,0.7818737709334538,0.0,0.7448328030926172,0.0,0.0,0.0,0.7874814792592888,0.7788572606485984,0.7614358589695998,0.0,0.0,0.0,0.0,0.7286936712566586,0.0,0.7498021043563551,0.0,0.0,0.0,0.0,0.7408197487886944,0.0,0.0,0.0,0.8452981613740986,0.0,0.8144190767391101,0.0,0.0,0.7948011623689532,0.7773308902303198,0.0,0.0,0.0,0.7893211057834798,0.0,0.0,0.0,0.7239498531819769,0.7688339305059347,0.0,0.7860411402381391,0.0,0.7865317161656056,0.0,0.8236773253065212,0.0,0.0,0.7695223651642391,0.0,0.0,0.0,0.8199259411639869,0.8169580920302759,0.0,0.0,0.7662249069884184,0.817456943160691,0.7334872381514018,0.0,0.0,0.7714754195001281,0.0,0.7648464059332828,0.0,0.0,0.784260368484883,0.0,0.7414167478168513,0.8057100802745927,0.7551420811097994,0.0,0.0,0.8307541390749682,0.0,0.0,0.0,0.8078049126663771,0.7829256694163869,0.0,0.0,0.0,0.82106236101467,0.7457201860423567,0.7474156097644313,0.0,0.0,0.0,0.0,0.7872255992953976,0.7825700178907353,0.0,0.0,0.0,0.0,0.0,0.0,0.8133689997449601,0.7817400267417877,0.0,0.0,0.0,0.0,0.0,0.7901943478443211,0.0,0.0,0.0,0.819056592945704,0.7318502211235987,0.7425867680212543,0.8439845007427744,0.773008479832996,0.0,0.8087159894511893,0.0,0.0,0.0,0.0,0.7559839342210023,0.0,0.7807850459461436,0.8139857405869877,0.0,0.7930230263194431,0.0,0.0,0.0,0.0,0.0,0.8448056479250389,0.8419986427490445,0.0,0.0,0.7757630851740765,0.0,0.0,0.8162913152577698,0.0,0.7660574674336703,0.0,0.0,0.0,0.7898966157418585,0.7778226227314219,0.0,0.7527752904744882,0.7505881509810798,0.7479591984191922,0.7761125761102459,0.7933050244769936,0.0,0.0,0.7716122783811882,0.0,0.7777160840466402,0.8245485511960665,0.0,0.0,0.0,0.0,0.0,0.0,0.7819838255257237,0.0,0.0,0.0,0.0,0.0,0.0,0.0,0.0,0.0,0.746992141466002,0.0,0.0,0.0,0.0,0.7733675234959976,0.0,0.7490628564829599,0.7820695800542082,0.7550961895219266,0.0,0.7905084914288104,0.7320581595517519,0.7626462790911218,0.8088735211815208,0.0,0.0,0.7132306717882678,0.7136172842242476,0.7747587844488962,0.7813692069859928,0.7844677549446147,0.0,0.0,0.0,0.0,0.7407027976479033,0.0,0.8367642380164735,0.7912468514975411,0.0,0.0,0.0,0.0,0.8055402863293749,0.0,0.0,0.8151216150136616,0.796940774058664,0.0,0.0,0.0,0.7710251964002278,0.7437577308385795,0.0,0.0,0.7428273147447059,0.7995406970153806,0.775101672176518,0.0,0.7515683219409436,0.0,0.0,0.0,0.0,0.7631195048459328,0.0,0.7638391661802759,0.0,0.0,0.0,0.782416814684443,0.7787117463102936,0.0,0.0,0.0,0.0,0.0,0.0,0.0,0.7715806094509026,0.0,0.0,0.0,0.0,0.7870579730163162,0.8102135890850357,0.0,0.0,0.7937072415065051,0.0,0.7287569988019195,0.0,0.0,0.8068275947742946,0.763377266642025,0.0,0.0,0.0,0.7753545121329292,0.0,0.0,0.7825396712977566,0.7871336265074256,0.0,0.0,0.83757498845437,0.0,0.7297680002255309,0.8033645110217902,0.7851277018514169,0.0,0.8058766880661538,0.0,0.0,0.8004917785281798,0.7772551016386082,0.0,0.7901358842243453,0.0,0.0,0.820205571574242,0.0,0.7804037157508037,0.0,0.0,0.7662183160292276,0.0,0.0,0.0,0.7959472402804838,0.0,0.8008821855443776,0.0,0.0,0.7737638979945489,0.0,0.0,0.0,0.0,0.0,0.7271630545839497,0.8084719793442643,0.8109353208953018,0.0,0.0,0.0,0.0,0.7684369036513423,0.0,0.0,0.7996454167995397,0.7912625340749344,0.0,0.8389834818994225,0.0,0.0,0.0,0.0,0.0,0.7852119962135599,0.0,0.0,0.0,0.0,0.0,0.0,0.0,0.0,0.8318284135773667,0.0,0.7833988015706304,0.0,0.0,0.0,0.822948763976227,0.0,0.0,0.8570034671889787,0.8118117993978661,0.0,0.7424324853104124,0.8419489564898699,0.0,0.0,0.7758921052793503,0.0,0.0,0.0,0.7662777683543684,0.7742249856834016,0.0,0.0,0.0,0.0,0.0,0.0,0.8170756667351128,0.784730307984402,0.8454297595715304,0.0,0.0,0.0,0.0,0.7615133684970419,0.0,0.0,0.7615301060253342,0.0,0.7711015877155819,0.7619777263632153,0.0,0.7782377901505048,0.0,0.7909981659122595,0.0,0.0,0.0,0.0,0.0,0.0,0.7746355442080533,0.0,0.0,0.0,0.0,0.0,0.8425443737326481,0.0,0.0,0.0,0.8114746066436704,0.0,0.7015652276272144,0.0,0.7743298730795766,0.7728019602590204,0.0,0.7957910331381735,0.0,0.0,0.7933964022926665,0.7649237267223228,0.8135315705151216,0.0,0.8025278084404287,0.0,0.7450792367533102,0.7607427047027825,0.0,0.0,0.8100402702269706,0.7215994051869051,0.0,0.7351131418114141,0.7877365011310138,0.0,0.0,0.7388266970498608,0.0,0.0,0.7761824358913649,0.0,0.7589011219969861,0.0,0.0,0.7660203389871653,0.0,0.0,0.0,0.0,0.0,0.8344116403331534,0.0,0.831508831356,0.0,0.0,0.0,0.0,0.0,0.0,0.0,0.0,0.0,0.7445802996213177,0.0,0.0,0.0,0.0,0.0,0.0,0.0,0.0,0.766632116071881,0.0,0.8397576285802987,0.8304073236650329,0.7792276711701791,0.0,0.7967391842917123,0.8043226426204264,0.0,0.8267548138549613,0.0,0.0,0.7962530653615033,0.8075556854523609,0.0,0.0,0.7378499880139244,0.8019187030012215,0.0,0.0,0.0,0.0,0.0,0.7435514340785166,0.81876669974886,0.7889623506537006,0.0,0.0,0.822831195472106,0.0,0.0,0.8275908187732409,0.0,0.7878502473302291,0.0,0.8258935285349803,0.0,0.0,0.7579191916102652,0.0,0.0,0.0,0.7461222368397888,0.8182512276878972,0.0,0.8164890726840287,0.8142899500449121,0.8379787764501228,0.0,0.7483607614640247,0.0,0.0,0.0,0.0,0.0,0.0,0.7953409189200027,0.0,0.7514517482393949,0.0,0.78150362360776,0.0,0.0,0.7665817693647979,0.7349241298297632,0.0,0.0,0.0,0.0,0.0,0.8120773104126344,0.0,0.0,0.0,0.0,0.0,0.7632871801406138,0.7687770945286992,0.7874042656841573,0.0,0.7954103680549032,0.0,0.0,0.0,0.0,0.0,0.7271134860571791,0.0,0.0,0.0,0.0,0.7563247823889154,0.0,0.0,0.0,0.0,0.7914937444963626,0.0,0.0,0.0,0.0,0.0,0.0,0.0,0.0,0.0,0.7467818614529754,0.0,0.0,0.0,0.0,0.0,0.7751505230218917,0.0,0.0,0.0,0.7929365249786096,0.0,0.0,0.0,0.7814725220023389,0.0,0.0,0.0,0.8053043385494854,0.0,0.0,0.0,0.7101566466591208,0.7893069513682693,0.0,0.7842145746652402,0.7637134921404838,0.7792834762814237,0.815614772117729,0.0,0.0,0.0,0.0,0.7735404064435513,0.0,0.8303559966477942,0.7732537007086902,0.8004103035538478,0.0,0.0,0.7868826231390575,0.0,0.0,0.0,0.0,0.7467034853667116,0.0,0.0,0.0,0.7803419048298073,0.7453051367469625,0.0,0.8157676485308285,0.0,0.0,0.7751982882841605,0.0,0.8203880189292408,0.0,0.0,0.7565064471823313,0.7421090449554592,0.0,0.0,0.7495437432070626,0.83531348205716,0.7512839973016235,0.8342273163406886,0.0,0.787002022327452,0.0,0.7884451856547285,0.7790158101449758,0.7767482701610536,0.0,0.0,0.0,0.7809316098353682,0.7983451576408862,0.0,0.0,0.7996052905487703,0.0,0.0,0.8374755228558401,0.7767487877605093,0.0,0.7774588441724789,0.0,0.7771219348287957,0.0,0.0,0.0,0.0,0.0,0.8023730774731063,0.0,0.0,0.0,0.0,0.7772853602886569,0.0,0.0,0.0,0.7713672974641218,0.7831270270912846,0.7780886250058164,0.0,0.0,0.0,0.0,0.0,0.8125070942240797,0.7200128376802616,0.0,0.8144978758138035,0.7608822164353009,0.0,0.763557530992869,0.0,0.8546813831466906,0.0,0.0,0.7441994394578456,0.0,0.8012798009569626,0.77673690893501,0.7718448227950458,0.7641015786201439,0.0,0.7759510632912882,0.8025659417717655,0.7867849187849246,0.7770202376436819,0.7572143048589389,0.0,0.7901969855029306,0.0,0.0,0.0,0.8109407839866362,0.7461458208757756,0.0,0.0,0.0,0.0,0.0,0.0,0.0,0.0,0.7536661210551203,0.0,0.0,0.0,0.0,0.0,0.0,0.0,0.0,0.8056867012109005,0.0,0.7897785469088932,0.8019102422338534,0.838544316065361,0.7780510722460279,0.0,0.0,0.7779016174611173,0.8419052908487038,0.0,0.0,0.0,0.7421120008313324,0.0,0.0,0.7540602140463605,0.0,0.0,0.7659143045793119,0.0,0.0,0.7849218545042692,0.0,0.0,0.0,0.0,0.0,0.0,0.791414388753416,0.0,0.0,0.0,0.0,0.0,0.0,0.0,0.0,0.7586820899936441,0.0,0.0,0.7750483237877169,0.0,0.0,0.7632292210687229,0.7794823325656394,0.0,0.0,0.0,0.0,0.827297167292478,0.7684257618653617,0.0,0.0,0.0,0.0,0.8322810421983919,0.0,0.0,0.0,0.7476805798730363,0.7506010125150724,0.0,0.0,0.0,0.0,0.0,0.0,0.8277597889954995,0.0,0.0,0.7370027083306977,0.7841492377353451,0.806922703810607,0.805323922046986,0.7878664489399138,0.7452520298904426,0.0,0.0,0.0,0.8057460293932003,0.8271617731495311,0.7817809871573195,0.7540405421529053,0.0,0.0,0.7503377696580102,0.0,0.0,0.8560486057411086,0.0,0.7842929581493986,0.8271489891290481,0.7829614615986494,0.7835727925030012,0.0,0.0,0.7510704452269295,0.0,0.7443117239582467,0.0,0.7722775274080544,0.8207691005012702,0.0,0.0,0.0,0.0,0.7453728367856768,0.0,0.0,0.0,0.7803816347804822,0.0,0.7371083535661633,0.0,0.0,0.7288379137721088,0.0,0.7558551244823893,0.7725897123774474,0.7792390332166983,0.7820484005467263,0.0,0.0,0.0,0.0,0.8441588964268079,0.0,0.0,0.7940961812385248,0.7526926995474631,0.0,0.0,0.0,0.0,0.0,0.0,0.0,0.0,0.0,0.0,0.0,0.0,0.0,0.839696173025625,0.7985052583843543,0.7926471517476774,0.7965849032081616,0.0,0.7911087513896635,0.7408251993752345,0.0,0.0,0.0,0.0,0.0,0.0,0.0,0.0,0.7609762141191492,0.0,0.7979396757444155,0.8320883773749908,0.7745785086069162,0.0,0.0,0.0,0.0,0.0,0.7762309526165668,0.7769641936601958,0.8098499704572295,0.7947423105874042,0.0,0.0,0.0,0.0,0.0,0.7906416345501049,0.0,0.0,0.0,0.0,0.0,0.0,0.0,0.0,0.0,0.0,0.0,0.7544590755905839,0.0,0.0,0.7944182674393073,0.7934392020651194,0.0,0.0,0.0,0.0,0.0,0.7543332131293222,0.8234502988149223,0.0,0.0,0.8412995155982298,0.0,0.0,0.0,0.7377498097890668,0.8234328156271153,0.0,0.0,0.835759288973879,0.7518702817743821,0.7495678344985176,0.0,0.8142996639079987,0.7491406509105579,0.0,0.0,0.8042501894529358,0.0,0.0,0.0,0.7915079415270033,0.0,0.8268670674514683
0.0,0.0,0.0,0.0,0.0,0.0,0.0,0.0,0.6473201179721243,0.6683276298901115,0.6751310247652261,0.0,0.0,0.6666996171756461,0.724769737558151,0.6833517528006796,0.0,0.6410021087769118,0.6794223974974538,0.6711214815195374,0.6723082684018408,0.0,0.6777490659840356,0.0,0.0,0.6507926167120549,0.0,0.0,0.0,0.6310082455553916,0.6395129578684069,0.0,0.0,0.6364594460144486,0.6865447802099419,0.0,0.0,0.0,0.6768580776362537,0.0,0.0,0.0,0.0,0.6541456901110295,0.0,0.6959420196965831,0.0,0.0,0.0,0.0,0.0,0.6978061381815706,0.642658919326998,0.0,0.6476711470811461,0.6845779093737699,0.6792513595298622,0.0,0.0,0.0,0.6635487273336056,0.6658425450164421,0.0,0.7043525464436572,0.0,0.6551073040115699,0.669622962220358,0.6689281473312644,0.0,0.6731988685372156,0.6749603885862111,0.0,0.0,0.6766761721383655,0.6619895137916052,0.0,0.0,0.0,0.0,0.0,0.660542950982712,0.6837396254515954,0.0,0.6742417462165733,0.0,0.6545604259831932,0.0,0.7116561560149448,0.654889025624888,0.0,0.641808403704253,0.6587146976113222,0.0,0.0,0.0,0.0,0.0,0.668439620781903,0.0,0.0,0.0,0.6909612255060914,0.6924103947404974,0.0,0.6946744601970702,0.0,0.0,0.0,0.6699177570512891,0.0,0.6479860259760536,0.7038995111768018,0.6458506635015742,0.0,0.6767839106959791,0.0,0.0,0.0,0.66032528593204,0.0,0.0,0.0,0.0,0.6712808411432457,0.0,0.6609221676969049,0.0,0.0,0.6915156090168517,0.6606536605599812,0.6620887396552215,0.0,0.662827612395996,0.0,0.0,0.6427407688413044,0.6426649636103045,0.6666911087557202,0.6863331492888466,0.674449499775701,0.0,0.6852947161378803,0.0,0.0,0.6412768679436097,0.0,0.0,0.0,0.6882678130694997,0.6677433885936322,0.0,0.0,0.0,0.7204238459686364,0.0,0.7065605752147578,0.0,0.0,0.0,0.0,0.0,0.6721362579723101,0.0,0.0,0.0,0.0,0.0,0.0,0.6420786357301741,0.7032027241305585,0.6767979357902939,0.0,0.6944341376328906,0.0,0.6875412194270503,0.6817704003602159,0.6788778165076965,0.6905757149977612,0.0,0.0,0.6969732561323536,0.0,0.0,0.0,0.0,0.0,0.0,0.0,0.0,0.6714934613388982,0.6371140159899941,0.6711767384290909,0.0,0.6647035846000481,0.0,0.0,0.0,0.0,0.0,0.0,0.6646811636617608,0.0,0.0,0.0,0.0,0.0,0.0,0.0,0.670881645748543,0.0,0.6890868908856015,0.6827179873677837,0.0,0.0,0.0,0.0,0.0,0.0,0.0,0.0,0.0,0.0,0.6639410740187758,0.0,0.0,0.0,0.0,0.0,0.0,0.0,0.6684213904391901,0.0,0.0,0.0,0.6851611546532581,0.6763833954550882,0.0,0.0,0.648374671749439,0.6610583512534912,0.6524948045321838,0.0,0.6566104779592467,0.6705355062586624,0.0,0.6584444631113537,0.0,0.651403702215368,0.0,0.6723562507837763,0.0,0.6800294550811151,0.0,0.7012056782452396,0.6687608422525271,0.7071563940101646,0.0,0.0,0.0,0.0,0.0,0.0,0.6567928219739685,0.0,0.6920823253860034,0.0,0.6710556222726012,0.6669282986166399,0.0,0.0,0.0,0.6602409527384804,0.6993949447185109,0.6857872278872224,0.6972252243270789,0.0,0.0,0.0,0.0,0.0,0.6385247616726971,0.6837610722009411,0.0,0.0,0.0,0.0,0.0,0.7085667156659234,0.6878225521830181,0.0,0.6823190651323391,0.0,0.0,0.0,0.0,0.6635948887826986,0.0,0.0,0.0,0.6581985159955792,0.6687632763274595,0.0,0.0,0.6276224980725367,0.6783933675807773,0.6595783741662176,0.6356413385135532,0.0,0.0,0.0,0.0,0.0,0.0,0.0,0.6939091785503969,0.6570183767487637,0.0,0.6514607938641978,0.0,0.0,0.0,0.0,0.0,0.7003280322227309,0.6856546275531744,0.0,0.0,0.641644714882978,0.0,0.0,0.0,0.0,0.0,0.0,0.6838385488680048,0.0,0.6900348400549704,0.0,0.0,0.6863081934796145,0.0,0.0,0.670166482387388,0.7062253064592571,0.6480901809156425,0.0,0.0,0.6569457495535181,0.6643473406333659,0.675472976156926,0.0,0.0,0.0,0.0,0.0,0.0,0.0,0.0,0.0,0.0,0.0,0.0,0.0,0.0,0.0,0.6501082216338815,0.0,0.0,0.0,0.6284096212809729,0.63167541648835,0.689124800016161,0.0,0.0,0.6849687426818409,0.6498636247969584,0.0,0.0,0.6522293012500572,0.0,0.6845032903591302,0.0,0.6621305793177705,0.0,0.0,0.6750413736534198,0.6552349269333211,0.0,0.0,0.6667973676545286,0.0,0.0,0.6544984335294715,0.0,0.6944489287879693,0.0,0.681311766290745,0.0,0.0,0.0,0.0,0.0,0.6756811631084055,0.6564520984891409,0.6531720682860744,0.0,0.0,0.0,0.662719346351374,0.6748901521063274,0.0,0.6402454944929874,0.6902940435725863,0.0,0.0,0.0,0.0,0.0,0.0,0.0,0.6775309895090853,0.6827995999481734,0.695987334995467,0.0,0.0,0.0,0.0,0.0,0.0,0.0,0.6734005192456904,0.0,0.0,0.6918726154982674,0.0,0.6688151844649445,0.0,0.0,0.0,0.0,0.0,0.6460381759916264,0.6641860319950018,0.0,0.6441622478601872,0.0,0.0,0.6639028683158722,0.6487505539970206,0.0,0.6763567172549085,0.6741239830065949,0.0,0.0,0.6571441759784274,0.0,0.0,0.0,0.0,0.0,0.6258098932055158,0.0,0.6803527066155849,0.0,0.660856934142458,0.0,0.0,0.0,0.0,0.6712974335303578,0.0,0.6621188927742927,0.0,0.6599460640430111,0.0,0.0,0.0,0.0,0.6570158056268097,0.6930580919011415,0.0,0.0,0.0,0.6682659154158404,0.0,0.0,0.0,0.0,0.0,0.6585334753721377,0.0,0.0,0.0,0.0,0.0,0.0,0.6823396748095611,0.0,0.0,0.6750820918256949,0.6679972240101669,0.0,0.6536474142332412,0.6915865457297307,0.0,0.0,0.0,0.0,0.6833941829402385,0.0,0.0,0.0,0.6664005773478133,0.0,0.0,0.6354180103402003,0.0,0.0,0.0,0.0,0.6478476034033394,0.0,0.0,0.0,0.0,0.0,0.0,0.0,0.0,0.0,0.0,0.6805140255769381,0.0,0.6638547839962333,0.69651760104187,0.0,0.0,0.0,0.6960312104862098,0.0,0.0,0.6827095702810931,0.6764510823965595,0.0,0.6838163604279752,0.0,0.6690647537351345,0.0,0.6637236841505477,0.6643223872850039,0.6570642759324434,0.6810373576385267,0.6635318403046553,0.6621977997066805,0.0,0.0,0.0,0.6478459902052803,0.0,0.6709844013418933,0.0,0.6804811147611494,0.0,0.0,0.0,0.6537846246098331,0.0,0.0,0.0,0.0,0.6430747909836956,0.0,0.6290929914262646,0.6526553553457486,0.0,0.6805918400048405,0.0,0.6552402218427645,0.6833773905718417,0.0,0.6751351559598541,0.0,0.6438951898833543,0.0,0.0,0.0,0.631612110245819,0.6776893254569057,0.0,0.0,0.0,0.6674461579234218,0.6991528664163739,0.0,0.0,0.6565949976266288,0.0,0.6520408137019015,0.0,0.700166169118874,0.0,0.0,0.0,0.6943922439126181,0.0,0.0,0.0,0.0,0.0,0.0,0.0,0.6539013266613041,0.0,0.6731147357552222,0.0,0.6368348258035501,0.6554274493705053,0.0,0.6836454498185791,0.0,0.0,0.6858627133220603,0.0,0.6745654759728676,0.0,0.0,0.0,0.0,0.0,0.669624421221621,0.6765657224060764,0.0,0.0,0.6610348823447538,0.7184248182385582,0.0,0.0,0.0,0.0,0.0,0.7026538344765009,0.0,0.6669329658512183,0.6541308293764622,0.6823956262007512,0.0,0.0,0.6612192696339498,0.0,0.0,0.0,0.0,0.0,0.0,0.6409788551093605,0.0,0.0,0.0,0.7066461415838243,0.6713286250805034,0.0,0.0,0.0,0.0,0.0,0.0,0.0,0.0,0.7040363979627591,0.6639857201950116,0.0,0.0,0.0,0.6470295697010658,0.0,0.703254615149569,0.0,0.6877809855530371,0.0,0.6692642567653948,0.6725529608886979,0.0,0.0,0.6701014388914054,0.6467520911088767,0.6759883934607351,0.6483524044621033,0.0,0.6877705631874406,0.0,0.0,0.0,0.0,0.0,0.0,0.0,0.0,0.0,0.6643503163284527,0.6791336994605329,0.6830598678758256,0.6351310632566719,0.0,0.0,0.6631367576422643,0.0,0.0,0.6688008013114876,0.0,0.6916898913190375,0.0,0.0,0.0,0.0,0.0,0.0,0.0,0.7148354895032963,0.6691729480494248,0.0,0.0,0.722627657111514,0.6818217846161225,0.0,0.0,0.6875112954688137,0.661567456999273,0.0,0.695094290816526,0.0,0.646982389396398,0.0,0.0,0.6385731984349967,0.6685724959486902,0.6635194608506669,0.0,0.653669440804881,0.6521659817830788,0.0,0.6298226382541157,0.0,0.6402560820215232,0.0,0.0,0.6827314471805831,0.6848778964730815,0.6753807926307411,0.7042297280222977,0.6441330653633558,0.6554988874500023,0.6657014731886183,0.0,0.0,0.0,0.6670070660003751,0.0,0.678304258315531,0.0,0.6714502614453259,0.0,0.6796120829688171,0.667342414310138,0.0,0.0,0.6043746794782697,0.0,0.6725397894697203,0.0,0.0,0.0,0.6785921460479116,0.0,0.0,0.0,0.6720248393943352,0.0,0.6684272034789923,0.6738508206273257,0.6816895922003279,0.7024153275629345,0.0,0.0,0.0,0.0,0.6909009613574199,0.0,0.0,0.65837608858864,0.0,0.6870915403131045,0.6735140061383326,0.0,0.6779424591636622,0.0,0.6861664207486142,0.0,0.0,0.6465530916770594,0.670936875653519,0.0,0.0,0.0,0.6912008788725512,0.0,0.0,0.0,0.0,0.0,0.0,0.6962095494605722,0.0,0.6504905690217376,0.670069799169908,0.6660084498065637,0.6890398927780427,0.6742942831693747,0.0,0.0,0.0,0.0,0.0,0.0,0.6662726633801155,0.6639030606621953,0.0,0.0,0.0,0.6763590926700067,0.6596204696146986,0.7048481933583423,0.6737510214101007,0.0,0.6698911405430992,0.0,0.0,0.689418097118603,0.0,0.0,0.0,0.0,0.0,0.6631917800237922,0.7036925236894719,0.6570985366922507,0.6641246710500999,0.0,0.0,0.0,0.661617213539585,0.0,0.0,0.0,0.6457017576760312,0.6658572082494391,0.0,0.0,0.0,0.0,0.0,0.0,0.0,0.691559454405863,0.0,0.6776312925102203,0.6973977749237891,0.0,0.6559270349728606,0.0,0.0,0.6415589142657036,0.0,0.0,0.6653270144103246,0.0,0.0,0.6667589616464208,0.6866558562455882,0.0,0.0,0.0,0.6785265118496513,0.6465297241404783,0.0,0.6492223166007012,0.6449933575834348,0.6570999054396335,0.0,0.0,0.6472631576197655,0.0,0.6759506533983908,0.0,0.6665017702651297,0.7102781312170103,0.6521207298837441,0.0,0.0,0.7144735814793145,0.0,0.0,0.0,0.6811840316195804,0.7031064167821354,0.0,0.0,0.0,0.0,0.7004869542908411,0.0,0.6946920216244282,0.0,0.0,0.0,0.6524217024044328,0.0,0.0,0.0,0.6519898220483293,0.0,0.0,0.0,0.6969474449731654,0.6455262985612433,0.0,0.0,0.69730356068819,0.649817254780453,0.0,0.0,0.0,0.0,0.7056569906449376,0.6346993656892154,0.0,0.0,0.6486385907916498,0.0,0.0,0.0,0.0,0.6661537580230689,0.0,0.0,0.0,0.7166737181486992,0.0,0.0,0.0,0.6612878009731681,0.6688775730595565,0.6430757973639535,0.0,0.0,0.6673428150584978,0.0,0.6535677307310168,0.0,0.0,0.6841081502580523,0.0,0.0,0.0,0.0,0.0,0.0,0.0,0.0,0.6693460904240907,0.0,0.0,0.0,0.6904332109889073,0.0,0.0,0.0,0.6595493775747399,0.0,0.0,0.0,0.6455983849889765,0.0,0.0,0.0,0.0,0.653119486121794,0.6569223360460161,0.6430887351289851,0.6858612357143805,0.6650957145743391,0.0,0.0,0.0,0.6758728232694527,0.0,0.0,0.6464936103720234,0.0,0.0,0.0
0.0,0.0,0.0,0.0,0.6209056847830507,0.6468677919788883,0.6215413791442413,0.0,0.6146196443509238,0.0,0.0,0.6290408350641733,0.646420812194043,0.0,0.6309449696298216,0.6181143118314659,0.6204337586068227,0.6257787977716468,0.5821430234788655,0.0,0.6630250267650339,0.5697011517856407,0.0,0.0,0.5860939828030247,0.0,0.0,0.0,0.6454253818892183,0.0,0.6138391252643697,0.0,0.0,0.636955870161644,0.6132102232494591,0.0,0.0,0.0,0.6429390830495335,0.0,0.6022331354501438,0.6285721999410024,0.0,0.6042330025877344,0.0,0.0,0.0,0.0,0.5941469428551932,0.0,0.619493192339002,0.0,0.6012830023079448,0.0,0.0,0.0,0.0,0.0,0.0,0.6368324071353341,0.6272876970713701,0.0,0.6676892296492133,0.0,0.623998995989265,0.0,0.0,0.6155532005203855,0.0,0.0,0.6189669257884012,0.620189188835291,0.6573847874555875,0.0,0.636241774326349,0.0,0.6260548333241566,0.0,0.0,0.0,0.0,0.6369573962516469,0.0,0.0,0.0,0.0,0.0,0.6710173410548628,0.6348031226736212,0.0,0.0,0.0,0.6447326248429217,0.0,0.0,0.0,0.6117314544790617,0.6230971794869575,0.0,0.628185797365149,0.0,0.6028186158373243,0.0,0.6346124942196866,0.0,0.6269811055895176,0.0,0.6189896163876645,0.0,0.6091095859176759,0.6369610436121259,0.0,0.0,0.6069601029442058,0.0,0.0,0.0,0.0,0.561787691819977,0.0,0.6155737424171728,0.0,0.0,0.6089001864156001,0.0,0.0,0.6271216841964442,0.0,0.6095565905656917,0.6288489944022279,0.0,0.0,0.0,0.0,0.6519473604899404,0.0,0.6587783465702757,0.0,0.0,0.6376897974992284,0.6247473731264891,0.0,0.6531442811283308,0.6085344577042928,0.0,0.0,0.0,0.0,0.5872604669220485,0.6437136441567561,0.6166374663888755,0.0,0.0,0.0,0.6170401673639393,0.6305299459711513,0.0,0.0,0.0,0.0,0.6372698173839554,0.624271292236986,0.6308270637273655,0.0,0.6303720889022308,0.6392507838282034,0.0,0.6203197303631532,0.0,0.0,0.0,0.6180732733273456,0.0,0.5912562677443861,0.6400531095324016,0.0,0.0,0.0,0.0,0.0,0.0,0.0,0.6121659816274261,0.0,0.0,0.0,0.0,0.0,0.0,0.65171992241845,0.0,0.0,0.0,0.0,0.0,0.0,0.0,0.0,0.6070506001043151,0.0,0.0,0.6204542825303853,0.5989866598013098,0.0,0.6163482487680042,0.0,0.5868599868919804,0.6118909424794127,0.6534313376686577,0.6384500755272081,0.0,0.6125529548590065,0.0,0.0,0.0,0.0,0.0,0.0,0.0,0.5846251407951678,0.0,0.6403901273281835,0.0,0.0,0.6304180973468828,0.0,0.0,0.0,0.0,0.6649073599832689,0.65000807799715,0.6427929599976967,0.0,0.6530998830426887,0.0,0.6157256153811902,0.0,0.6380151380153907,0.0,0.5893212095716137,0.63587899683515,0.0,0.0,0.0,0.6142408811098898,0.621604988815538,0.0,0.6272431860843571,0.0,0.612161323730586,0.0,0.0,0.6021974751588143,0.64477807990835,0.0,0.5904694580635361,0.0,0.0,0.0,0.6153567778988861,0.6351383196955241,0.0,0.639123340649954,0.6224339852984931,0.6728079614903583,0.0,0.6328079207733542,0.642247375831619,0.0,0.0,0.623920602658444,0.0,0.6385861869329714,0.6051808577675789,0.0,0.6409397356501394,0.6404880493690182,0.0,0.0,0.0,0.6054907556519922,0.0,0.0,0.6508288749275436,0.0,0.0,0.0,0.0,0.0,0.0,0.605068616814267,0.0,0.0,0.6494749140503406,0.0,0.0,0.0,0.0,0.0,0.0,0.6581412496670993,0.0,0.0,0.615880756175828,0.6141703385100661,0.6531049934823233,0.6569031373859676,0.0,0.0,0.0,0.0,0.6410681913564306,0.0,0.0,0.6284859325655668,0.0,0.0,0.623005801384061,0.6259142807712806,0.6138789567330348,0.0,0.0,0.0,0.0,0.6225135547338234,0.0,0.0,0.0,0.0,0.6405448812494107,0.0,0.6414326035672864,0.0,0.6342956617452468,0.622502778675722,0.0,0.0,0.6180917785198958,0.0,0.6418720720882832,0.0,0.6241601974675282,0.6263875308046766,0.6725077970923415,0.0,0.0,0.0,0.0,0.6020148322913322,0.6105934052853358,0.0,0.0,0.0,0.0,0.0,0.0,0.0,0.6473361830988326,0.6439210858876705,0.6172762231312843,0.634282060905432,0.0,0.0,0.6288331406937131,0.6376400933795557,0.0,0.0,0.6264654518080344,0.0,0.5751323462333454,0.0,0.6204484929209698,0.0,0.0,0.6594363603044028,0.6318384984193418,0.6379202656786197,0.0,0.0,0.0,0.638498664361267,0.0,0.0,0.6185684362246391,0.634221027739828,0.0,0.0,0.0,0.0,0.6333237595370685,0.634716996688555,0.0,0.6060440813880101,0.0,0.621358304396465,0.6201336641127635,0.6060904197459167,0.610373871193427,0.0,0.0,0.0,0.0,0.0,0.5925519826963751,0.0,0.6126745135458204,0.0,0.0,0.6708271830291818,0.0,0.0,0.0,0.0,0.0,0.6285751235565246,0.6395536510749674,0.6164816851049295,0.0,0.0,0.0,0.0,0.0,0.605882978730131,0.0,0.6045501746429524,0.6461913045337372,0.0,0.0,0.0,0.0,0.0,0.0,0.0,0.6454172508243073,0.5983638107463224,0.0,0.5923367525927729,0.6354980852767858,0.5900837217174121,0.0,0.0,0.6488923647470766,0.6466928741810134,0.621498785814315,0.6256373147202594,0.0,0.0,0.6227021734539696,0.6635895268744686,0.0,0.5851793764780336,0.0,0.0,0.0,0.0,0.0,0.0,0.0,0.0,0.6302013710030909,0.0,0.0,0.0,0.5906802372472612,0.0,0.0,0.0,0.0,0.0,0.0,0.0,0.0,0.0,0.5767012134385159,0.0,0.639010102343862,0.0,0.0,0.0,0.652946316824997,0.6058153400056101,0.0,0.0,0.0,0.0,0.6427763622326943,0.0,0.0,0.0,0.6206140323596403,0.0,0.0,0.0,0.0,0.0,0.0,0.6014933473374338,0.6208998871625453,0.0,0.0,0.6594343410045418,0.6410608525700774,0.0,0.6157869593905,0.0,0.6197489649778081,0.5929883409031974,0.0,0.6388746096747447,0.6541942079524078,0.6546386854898378,0.0,0.0,0.0,0.0,0.0,0.0,0.0,0.0,0.6049498395596126,0.0,0.6529929290471713,0.6175366276527211,0.5913063734458593,0.6244164543431407,0.5724346009787757,0.0,0.0,0.0,0.0,0.0,0.0,0.6249617886951566,0.64959180298403,0.6054489011953038,0.0,0.0,0.0,0.6024222968200386,0.0,0.0,0.0,0.6191519881654775,0.6226441532988339,0.0,0.0,0.6470330574766094,0.6277600625464257,0.0,0.0,0.0,0.6772694691463288,0.0,0.0,0.6583366955707723,0.6267408124086296,0.0,0.6300358146035189,0.6077286610044009,0.0,0.0,0.0,0.0,0.612293116685392,0.6173466593196953,0.6514587080047551,0.0,0.6675942426352799,0.6597799532329619,0.0,0.0,0.0,0.0,0.6563083687411301,0.6456576987424487,0.0,0.6289740314603202,0.0,0.632035207958138,0.0,0.0,0.6088150685284008,0.0,0.6397252880638455,0.616482951685178,0.631003790259946,0.6105032783616764,0.0,0.0,0.0,0.0,0.0,0.6151124375501998,0.6163530402900939,0.6297103111551499,0.0,0.0,0.5932507819141718,0.0,0.0,0.619772618007057,0.0,0.6190159280843878,0.6403597735456564,0.6356123712158533,0.0,0.0,0.6017800687509929,0.0,0.6366606636460939,0.0,0.6153489922911549,0.0,0.6217317658859283,0.0,0.6210322868037552,0.0,0.0,0.6435467403162856,0.6363986429913026,0.0,0.598727810851431,0.0,0.6226441417156446,0.0,0.0,0.0,0.0,0.0,0.0,0.6770418847807078,0.0,0.6590393472841612,0.6408304996764864,0.6510389892426109,0.0,0.5983838711778068,0.6486528763715285,0.0,0.0,0.6281888455659317,0.652962877866613,0.0,0.619121267467092,0.0,0.6623923336711224,0.0,0.0,0.0,0.0,0.0,0.0,0.0,0.0,0.6219778998114934,0.0,0.0,0.5969934367004304,0.0,0.0,0.0,0.0,0.0,0.0,0.0,0.6204149938620583,0.0,0.0,0.0,0.0,0.0,0.0,0.0,0.6241877721379492,0.0,0.0,0.6097091499529969,0.6570626890919338,0.0,0.0,0.0,0.6333335593743854,0.0,0.0,0.0,0.0,0.0,0.5869103160182367,0.0,0.0,0.6272636047860973,0.0,0.6237508585239606,0.0,0.6275213313904601,0.0,0.0,0.0,0.5972577315497921,0.0,0.6172204142087847,0.6497265475261416,0.0,0.6111022845020518,0.6169201083617866,0.6478408090991415,0.0,0.6081417293719577,0.0,0.6254331360472553,0.6115588384142544,0.0,0.6151191913445447,0.0,0.0,0.0,0.618836554213763,0.6287738735295811,0.0,0.0,0.0,0.6412943465950958,0.0,0.0,0.6269902477544527,0.6281969585104851,0.6128937949791214,0.0,0.0,0.6048912834257403,0.6650004065916675,0.0,0.0,0.5981213076881657,0.6469154597532457,0.5960831843193432,0.0,0.0,0.6280436359423506,0.6540330408021119,0.6623127797231829,0.0,0.6293177346494323,0.0,0.6390160423370536,0.5961762280547979,0.64180470344808,0.0,0.6284445486316792,0.6281080130468697,0.0,0.0,0.0,0.0,0.0,0.0,0.0,0.0,0.0,0.0,0.63636147242219,0.628469110650162,0.0,0.0,0.6368774217049578,0.6220283285141048,0.0,0.0,0.6475311242352119,0.6196044489422758,0.0,0.6622802827328228,0.0,0.6112905767240941,0.0,0.0,0.6178113442204951,0.6345149064149491,0.0,0.0,0.0,0.6168751943624934,0.6500048013893329,0.0,0.6449771967843505,0.0,0.6155738838486096,0.0,0.6544000816893054,0.0,0.0,0.0,0.0,0.0,0.0,0.5900448525999648,0.6213084579584262,0.6124537962068513,0.0,0.0,0.0,0.0,0.6352227168841846,0.0,0.0,0.0,0.0,0.0,0.0,0.6245581824896056,0.0,0.5818135464635672,0.641052477480176,0.6165047869341185,0.0,0.6001489445216813,0.0,0.0,0.6021276718222865,0.0,0.0,0.6325603280665139,0.0,0.0,0.6370965877338208,0.0,0.0,0.0,0.0,0.6546630842468437,0.0,0.5914698475117965,0.0,0.6178400223009866,0.5986350326449249,0.0,0.0,0.0,0.0,0.684530007986229,0.0,0.0,0.5989584239869509,0.6546218336043652,0.0,0.6375308788303093,0.6195633505892564,0.0,0.0,0.5997700898257099,0.0,0.604921404409999,0.0,0.0,0.0,0.6344291188226936,0.6403544457542893,0.0,0.0,0.0,0.0,0.6357307984623781,0.6699973051394592,0.5940810547309859,0.6288091660934417,0.6370183845672495,0.6292033701448617,0.6431266902110427,0.6122788401113701,0.5934545146464696,0.5988720185568075,0.0,0.0,0.0,0.0,0.0,0.0,0.0,0.0,0.6254553542244966,0.62268762260383,0.6328045800677988,0.0,0.0,0.6313477547403755,0.0,0.0,0.0,0.6341780887035425,0.0,0.0,0.0,0.6369591945548903,0.0,0.0,0.6226144038640025,0.0,0.6176240022116992,0.6509017965987351,0.0,0.64831465894611,0.0,0.6418368812502944,0.0,0.0,0.0,0.633438224512624,0.0,0.0,0.0,0.6443585910258657,0.0,0.0,0.0,0.0,0.0,0.0,0.0,0.0,0.6238142574716937,0.0,0.0,0.0,0.6094858100755512,0.0,0.0,0.0,0.0,0.0,0.0,0.0,0.0,0.0,0.0,0.0,0.0,0.0,0.0,0.0,0.0,0.0,0.6177023828860335,0.0,0.0,0.6091246651914629,0.6218868442858803,0.6158591895453791,0.0,0.633049006807559,0.6290840186772282,0.6299115561538431,0.6277144710323916,0.0,0.0,0.6087587185420082,0.6240853910587779,0.6196827224133012,0.0,0.0,0.0,0.0,0.0,0.6214730151596961,0.5768500048200544,0.0,0.0,0.0,0.0,0.6026910000397564,0.6217263417817971,0.6264547315160445,0.6557981303500544,0.0,0.6186726177165985,0.6621554775029485,0.0,0.6068864788824367,0.0,0.0,0.6230692465993007,0.6276232344731821,0.0,0.0,0.0,0.5818204565372531,0.632885745364676,0.0,0.0,0.625106818348967,0.0,0.6163180642214326,0.5994823699091232,0.6361060453838454,0.0,0.0,0.629408900679775,0.0,0.0,0.5921916003603676,0.0
0.0,0.0,0.47131306325682304,0.0,0.4673717842932163,0.49640136316681177,0.0,0.0,0.0,0.4512901690535757,0.0,0.0,0.0,0.48386617440411617,0.0,0.5247128571562903,0.48340754033637734,0.47688838290402563,0.4699082838631924,0.4717734727472514,0.0,0.42837907925729196,0.49622637099979505,0.0,0.4743506406094344,0.0,0.4917108773837063,0.0,0.0,0.0,0.4824051513574561,0.4428011098536402,0.4937087584426779,0.0,0.5192100431886459,0.0,0.0,0.0,0.5010845019655339,0.48052150656015696,0.0,0.0,0.0,0.5134511022963009,0.0,0.0,0.0,0.0,0.49680702471621074,0.4864563461830578,0.4694476941270603,0.0,0.5005219490125702,0.0,0.4764688909789472,0.0,0.4870458488368642,0.4788732005525742,0.0,0.49276711076121144,0.5012538669426219,0.0,0.5088021888799079,0.0,0.0,0.5365234307719694,0.5292397032548095,0.0,0.0,0.48309611348172926,0.0,0.0,0.0,0.0,0.45139993720891064,0.0,0.4917927987162562,0.0,0.4518401904675599,0.0,0.0,0.5224452724194415,0.4757284729259684,0.0,0.0,0.4525634664421337,0.0,0.5190854868595773,0.0,0.0,0.5252124807347484,0.5195469165291122,0.0,0.0,0.0,0.0,0.0,0.4605170272207992,0.0,0.0,0.0,0.0,0.45792649898700233,0.45761077716033133,0.0,0.4940129955934801,0.0,0.0,0.4908003834688573,0.0,0.0,0.0,0.0,0.0,0.505275206728258,0.5292990408713685,0.0,0.0,0.48969111794399767,0.0,0.512031588570053,0.0,0.4961525324173972,0.5188904984300107,0.4795359930683688,0.5022448800131327,0.0,0.0,0.0,0.48110478141630714,0.0,0.0,0.0,0.0,0.0,0.0,0.0,0.0,0.5008576444796508,0.4952082980749382,0.0,0.4826825659546981,0.0,0.0,0.0,0.0,0.0,0.0,0.0,0.0,0.4993281728904494,0.0,0.48477501517165356,0.5056925652502158,0.0,0.0,0.0,0.0,0.49831106094926514,0.0,0.0,0.5040957610399023,0.0,0.4805207189328603,0.5071178043791806,0.0,0.5034170810543811,0.0,0.49214936074083054,0.47054877566648123,0.0,0.5017183895592315,0.0,0.0,0.0,0.0,0.4598287120300284,0.44210014902114536,0.0,0.0,0.5157649778228268,0.0,0.0,0.0,0.0,0.0,0.49809162201337803,0.0,0.0,0.0,0.5006063905639938,0.0,0.4856232620842036,0.0,0.0,0.0,0.4518243039688638,0.0,0.46231351078130406,0.0,0.0,0.0,0.0,0.0,0.488843589703465,0.4811451051954942,0.0,0.4736434469252994,0.516855160087525,0.48193795384671767,0.4839743671578398,0.5231917417326571,0.0,0.0,0.0,0.0,0.4920655989996045,0.0,0.0,0.49256039957127357,0.0,0.0,0.0,0.0,0.46501496413855303,0.4943285162757307,0.5121094876898585,0.5032922741781888,0.4783020708484001,0.0,0.4716472019689399,0.0,0.0,0.0,0.0,0.5260052858785804,0.0,0.45530493734752847,0.0,0.0,0.0,0.4640173198813095,0.521342552910543,0.5486886039782428,0.5112904800311678,0.0,0.0,0.546316452436939,0.0,0.0,0.48449584040314747,0.0,0.0,0.0,0.4806721737114595,0.4979701906668806,0.0,0.0,0.46974956887093733,0.4749448325258222,0.0,0.0,0.5105366500977566,0.5152731626724555,0.49694070280705577,0.0,0.4943728802629612,0.0,0.0,0.0,0.0,0.4600044351405945,0.0,0.0,0.4694576784995363,0.48849743785114974,0.0,0.0,0.0,0.4432087042026739,0.48189211422235695,0.0,0.48252861969758587,0.0,0.4904064859847851,0.0,0.0,0.4521285813057642,0.4905195043099013,0.0,0.0,0.44845536712335077,0.0,0.0,0.0,0.4692238725680908,0.0,0.0,0.0,0.0,0.0,0.0,0.0,0.0,0.0,0.4849898261907858,0.4946975488470205,0.0,0.0,0.456485873987772,0.0,0.0,0.0,0.0,0.0,0.0,0.5005578567788629,0.0,0.0,0.0,0.0,0.0,0.0,0.0,0.4561252941175707,0.4591451854085434,0.0,0.0,0.0,0.47451818535956947,0.0,0.0,0.0,0.0,0.48630985181099917,0.0,0.0,0.0,0.0,0.4640969608949757,0.0,0.5073643261119524,0.0,0.0,0.0,0.0,0.0,0.4790863667616639,0.48824638859359193,0.0,0.0,0.0,0.0,0.0,0.4769895802362102,0.0,0.4731590298731779,0.47752798698329263,0.46344933583522063,0.0,0.0,0.45940684950005856,0.0,0.0,0.5110902146523579,0.0,0.0,0.47762790033973934,0.0,0.0,0.0,0.0,0.0,0.0,0.5143094661256817,0.5015845313774575,0.0,0.5159781454019706,0.0,0.0,0.0,0.0,0.0,0.0,0.496913024898751,0.0,0.5038633196921718,0.0,0.48209986934215115,0.0,0.0,0.0,0.48496452147204405,0.0,0.0,0.0,0.4963284982723563,0.0,0.44327145411501234,0.0,0.4674916757795047,0.0,0.46145590842781115,0.0,0.4645472107126866,0.4344756629446891,0.0,0.0,0.469621077572282,0.0,0.0,0.0,0.4224768895569504,0.49924616296585317,0.4822876502358439,0.46330695293313695,0.0,0.0,0.0,0.47786152850214986,0.0,0.0,0.0,0.0,0.0,0.5256202484931927,0.0,0.0,0.0,0.0,0.5354897609302188,0.0,0.0,0.46338299308160846,0.4565377511983478,0.0,0.0,0.4760943545300199,0.49077512254949285,0.0,0.0,0.0,0.0,0.0,0.5051927157151404,0.0,0.0,0.48067505686271,0.4746767768458127,0.0,0.0,0.5294487174570207,0.0,0.4595126125203145,0.0,0.5079529301541496,0.5059665828523026,0.0,0.0,0.5100993985663985,0.4584535369626827,0.4916896488920354,0.0,0.4622294721355579,0.4916952945275317,0.0,0.0,0.0,0.4626174200979074,0.4581436992189151,0.0,0.0,0.0,0.5177908429147409,0.0,0.0,0.45736829512490657,0.0,0.5087010239705272,0.0,0.0,0.0,0.4416657017342199,0.49635272298456734,0.0,0.0,0.0,0.0,0.0,0.0,0.0,0.0,0.4654201185325687,0.4465007154278313,0.5186797106625937,0.0,0.45520830239761356,0.0,0.0,0.0,0.5221818382756725,0.49913022532769385,0.0,0.0,0.43947931314398037,0.0,0.4811212795287933,0.4760010717458014,0.5215063348202245,0.0,0.49962061383522466,0.0,0.46174721827299003,0.0,0.0,0.4898584079814377,0.47767198670151634,0.49445094862822636,0.0,0.0,0.0,0.5054058241806946,0.0,0.0,0.0,0.47808714544090397,0.0,0.0,0.0,0.0,0.0,0.0,0.47612468528755386,0.0,0.0,0.0,0.0,0.0,0.5195457431776537,0.0,0.0,0.0,0.0,0.0,0.0,0.0,0.0,0.48266398102998165,0.0,0.0,0.4619781036395929,0.0,0.4474989887159986,0.4669052156878773,0.4848286903020925,0.0,0.0,0.5052868039409844,0.5018608782442787,0.0,0.538253029966551,0.0,0.0,0.0,0.45615325305960264,0.0,0.0,0.4817324743948311,0.4623444489159004,0.0,0.47148024518551374,0.510082198060856,0.4801280617698161,0.0,0.0,0.4963138953827275,0.0,0.0,0.4272407631490495,0.4985016407595077,0.44525110510168564,0.0,0.0,0.0,0.48538137545392845,0.5370558582077296,0.0,0.49667917336803336,0.0,0.486467108329696,0.0,0.0,0.44634185170586643,0.0,0.0,0.4481824372106095,0.0,0.0,0.0,0.509570516762125,0.0,0.0,0.0,0.5279243458351114,0.4622183299005285,0.0,0.0,0.0,0.4896733263393701,0.48952974771722807,0.0,0.0,0.0,0.0,0.0,0.48371489446131,0.4741461666129761,0.0,0.5080413262225536,0.0,0.0,0.0,0.4861074927909345,0.0,0.4568048052839221,0.0,0.0,0.0,0.48669411610352536,0.4716414963534244,0.5044112227551806,0.0,0.47958422836013237,0.0,0.0,0.0,0.5037288794702114,0.5182344515949907,0.0,0.0,0.5000920557702789,0.0,0.0,0.4501016836913675,0.0,0.4894167040595256,0.0,0.0,0.0,0.0,0.0,0.0,0.0,0.0,0.0,0.0,0.450218953134316,0.0,0.0,0.48329084614705164,0.5011311877530079,0.0,0.0,0.0,0.0,0.5054753368427497,0.0,0.0,0.465178361652639,0.0,0.493516641972991,0.0,0.461741684014236,0.0,0.0,0.0,0.5115475673777727,0.46614341884512894,0.5144383714696451,0.0,0.0,0.4924622643152773,0.0,0.0,0.453400704323039,0.0,0.5066506130353233,0.46343255943460687,0.0,0.0,0.45417882557211176,0.46933111901831076,0.0,0.0,0.0,0.45846346484960143,0.0,0.0,0.48813312450435675,0.0,0.4850179022968918,0.0,0.0,0.0,0.5187984212348741,0.0,0.0,0.0,0.0,0.0,0.46226133125627733,0.0,0.0,0.446225674377119,0.0,0.0,0.0,0.0,0.504949024883604,0.0,0.4638014590679382,0.4963501371730598,0.0,0.0,0.5088686048492009,0.0,0.49698036111793403,0.0,0.0,0.0,0.5205900959667739,0.0,0.4984639643322585,0.0,0.48668570522168836,0.0,0.4410821020037794,0.0,0.0,0.0,0.0,0.49359759994087665,0.4680398623880163,0.0,0.48717447443103445,0.0,0.5434666198491925,0.0,0.4775463585064377,0.0,0.49378958460352357,0.514655911033637,0.4767734433643244,0.4999156630154819,0.0,0.4830480282519813,0.0,0.0,0.0,0.0,0.0,0.0,0.43075925418534244,0.5358371967861376,0.49290582109341435,0.0,0.5403273906210466,0.4771042518532364,0.0,0.0,0.0,0.0,0.0,0.0,0.0,0.0,0.4590500557403637,0.46927659472806654,0.4724127272759008,0.4841360713351541,0.0,0.0,0.0,0.0,0.0,0.4594981141007873,0.0,0.0,0.50612504042187,0.4770849348244181,0.0,0.0,0.4683072167846375,0.4913862189487693,0.0,0.4608241108212314,0.0,0.0,0.5011325745695115,0.0,0.0,0.0,0.0,0.0,0.0,0.0,0.0,0.0,0.0,0.0,0.46593099498995216,0.5220576982128303,0.4874235827524255,0.5003287313614023,0.0,0.4781420962308227,0.47923543751279113,0.0,0.0,0.0,0.0,0.0,0.0,0.0,0.44950826083674306,0.0,0.0,0.0,0.0,0.5204819299135189,0.0,0.0,0.0,0.0,0.0,0.0,0.5321691969397355,0.0,0.0,0.4942020343037363,0.0,0.0,0.5017831402508736,0.4593247988313274,0.5091210410321492,0.0,0.0,0.0,0.0,0.0,0.44408104078294014,0.5040905448004845,0.0,0.45665112182486745,0.4893498378229474,0.48091055556925866,0.5162043995570661,0.0,0.0,0.0,0.0,0.0,0.5072095014738132,0.0,0.0,0.47591412399496646,0.4840950853479472,0.4770285726832253,0.4945691841508968,0.0,0.0,0.45107632041785417,0.508710951283654,0.0,0.0,0.0,0.0,0.0,0.0,0.5070310472447419,0.49819215668454453,0.0,0.0,0.0,0.5011414833526416,0.0,0.0,0.0,0.0,0.0,0.0,0.0,0.5118184965564613,0.5348173761928061,0.4651674519268543,0.0,0.0,0.0,0.49293971831182126,0.0,0.0,0.0,0.0,0.4864758762291901,0.0,0.0,0.0,0.0,0.0,0.0,0.4770811754331207,0.45500186018648714,0.0,0.0,0.49554634964398053,0.5003467124755793,0.0,0.0,0.0,0.45466160445845805,0.49098458017020374,0.0,0.0,0.45614551276592175,0.47268125320883336,0.0,0.0,0.0,0.0,0.4571747485178414,0.0,0.5122883730882525,0.0,0.4996605236941466,0.47252054681539046,0.0,0.0,0.0,0.0,0.0,0.0,0.4966261752434583,0.4637059171327787,0.0,0.0,0.0,0.4942783020740304,0.0,0.0,0.47251585564645315,0.4610285748923413,0.0,0.0,0.0,0.0,0.4892775727427198,0.4921359329783793,0.0,0.0,0.4381333894455064,0.0,0.4151256371700398,0.49050058871788,0.0,0.0,0.0,0.44483322549689885,0.0,0.0,0.0,0.0,0.0,0.4505103065822748,0.4890308896642339,0.0,0.0,0.0,0.0,0.0,0.0,0.5384123747797065,0.4748081525655839,0.0,0.0,0.0,0.0,0.4884592548474428,0.488213950634234,0.0,0.0,0.0,0.5171379495204811,0.0,0.0,0.0,0.5224303355814982,0.0,0.0,0.4510918967416028,0.0
0.0,0.0,0.0,0.0,0.22066236298939174,0.0,0.0,0.0,0.21576153735976838,0.0,0.0,0.0,0.0,0.21296975180767544,0.23686928323602902,0.0,0.0,0.0,0.19031666692925975,0.18702817030761912,0.209256584798904,0.1826219884668648,0.0,0.0,0.0,0.0,0.0,0.18104515191526063,0.0,0.20485481594976673,0.18398794400941468,0.0,0.0,0.0,0.0,0.0,0.0,0.0,0.2037517622629255,0.0,0.2129748314974559,0.0,0.0,0.18889287443490124,0.0,0.20621358306970414,0.2171460253175672,0.0,0.0,0.0,0.0,0.20548372805764983,0.20432748223471003,0.18698408739902977,0.0,0.17016757618311104,0.0,0.0,0.0,0.18201984255796091,0.2070011631903696,0.21016060025596295,0.18247546805023093,0.0,0.0,0.0,0.21001948232330306,0.19997389650630334,0.0,0.20720399048046306,0.20038648231268782,0.0,0.0,0.0,0.18268536948009748,0.0,0.21179203493012708,0.0,0.0,0.0,0.1939893382375649,0.0,0.18021851979135758,0.0,0.0,0.0,0.0,0.0,0.0,0.0,0.0,0.1475306887762795,0.20304038838471178,0.0,0.0,0.20058392213654072,0.2347510691905745,0.0,0.0,0.0,0.1739705732564595,0.1962680537686823,0.18911230254474432,0.2012839446615248,0.19128431638166787,0.18054932319095857,0.0,0.0,0.0,0.0,0.19271607728427567,0.22897004906276455,0.25696834461004775,0.2006303119665055,0.18846905551170592,0.20616082345843176,0.20402095083278998,0.0,0.0,0.0,0.23145843968127477,0.17645475442592481,0.0,0.0,0.22724946785457534,0.0,0.0,0.0,0.0,0.0,0.0,0.1676938616421758,0.0,0.17888762605370884,0.14683641245995918,0.18968370122785502,0.1957091358519361,0.19042465548474094,0.16674338172129885,0.20599685744842766,0.0,0.0,0.0,0.0,0.17771222510507473,0.0,0.0,0.0,0.21790019882265255,0.20623320578225562,0.1874307287350343,0.17925051353969695,0.20977896996475712,0.0,0.0,0.2352527282098113,0.0,0.0,0.19707818186847664,0.20857617886761126,0.0,0.0,0.1827607639951702,0.0,0.2033254068478799,0.0,0.0,0.21846919233264847,0.1961874927490729,0.1933550325694464,0.0,0.21706858150664807,0.0,0.21609152435243323,0.20616904202469116,0.0,0.2083898406603449,0.0,0.0,0.0,0.0,0.1963301830608915,0.1932048485702321,0.0,0.0,0.0,0.0,0.0,0.0,0.0,0.0,0.23485903451899556,0.20357564222665148,0.0,0.0,0.0,0.18700944688010135,0.17823421391466454,0.0,0.0,0.17505413864968536,0.0,0.0,0.0,0.0,0.0,0.0,0.0,0.0,0.17551248350958554,0.0,0.0,0.0,0.2107029027927053,0.0,0.0,0.0,0.0,0.0,0.0,0.0,0.22483453918927385,0.0,0.0,0.22790774951385376,0.19510417204437355,0.0,0.20583682514784332,0.0,0.0,0.19559375561279296,0.0,0.0,0.0,0.0,0.0,0.21846354492065334,0.0,0.1790992909213523,0.0,0.22536469789309468,0.22250268856247904,0.24245719185940565,0.2211848651384022,0.0,0.0,0.0,0.0,0.19871571960528017,0.0,0.0,0.1845065373551237,0.0,0.20306854251247475,0.0,0.0,0.0,0.0,0.0,0.0,0.21405066792904057,0.0,0.195278709553956,0.1724471037161817,0.0,0.21231421513937998,0.22952336277309274,0.18629703183253704,0.21557910639718342,0.0,0.0,0.2333182463620364,0.16740392133424845,0.0,0.0,0.21975038513915654,0.1843961378912001,0.0,0.0,0.20804475659592075,0.21143757401923519,0.0,0.23704575599017713,0.2046131354622545,0.0,0.17408887204492626,0.0,0.0,0.2265510848430174,0.0,0.20204099488920688,0.0,0.0,0.0,0.0,0.0,0.0,0.0,0.0,0.19363547602821413,0.0,0.0,0.0,0.0,0.0,0.23199968568752524,0.2110983213500618,0.17615911013616567,0.0,0.19507845558698905,0.19361766666403304,0.1870039981762253,0.0,0.0,0.0,0.2268567519729291,0.0,0.22691674569016157,0.0,0.0,0.1805026266654629,0.0,0.0,0.2274836718923176,0.0,0.0,0.0,0.0,0.0,0.20315638547731352,0.2041920803475369,0.18952597977335384,0.0,0.0,0.0,0.0,0.2052609418978168,0.0,0.18725801727959016,0.20407010519733693,0.0,0.0,0.19024188950883936,0.21356859803695333,0.2231029350794276,0.0,0.0,0.0,0.21051315434479934,0.0,0.22529253813342404,0.0,0.0,0.0,0.0,0.0,0.0,0.2151694742480584,0.0,0.0,0.20297212602505307,0.0,0.0,0.0,0.0,0.22280782622832754,0.1858280652999897,0.0,0.0,0.19407047138860437,0.0,0.0,0.0,0.0,0.0,0.0,0.0,0.0,0.0,0.0,0.0,0.0,0.0,0.21111463114683335,0.190465580499788,0.20086342859057782,0.0,0.0,0.0,0.26994907282463576,0.0,0.0,0.21424456590538443,0.0,0.22148134761672922,0.0,0.0,0.23502741166931582,0.0,0.0,0.17693184741158766,0.0,0.0,0.19011490470856177,0.0,0.19442619030332076,0.2109415052473037,0.0,0.0,0.0,0.0,0.0,0.0,0.0,0.0,0.18601876478685384,0.0,0.0,0.21637537873744334,0.17969123495241227,0.0,0.0,0.19735306673197472,0.0,0.18764998189166557,0.19121063723255424,0.21817877059300986,0.20611585719622427,0.0,0.181449816080271,0.0,0.0,0.0,0.0,0.0,0.0,0.20687560418174664,0.22287755110075075,0.0,0.0,0.0,0.0,0.0,0.16889721269069263,0.0,0.0,0.0,0.0,0.0,0.0,0.17237825856917185,0.21891801354496676,0.0,0.0,0.0,0.0,0.19739891715172628,0.0,0.0,0.0,0.0,0.22387745427110148,0.0,0.0,0.20263441550869035,0.0,0.0,0.0,0.22396383090801295,0.0,0.0,0.0,0.0,0.0,0.21361497323003628,0.170831153138304,0.0,0.0,0.0,0.19449238062710722,0.1982905553564628,0.0,0.0,0.19513088730755623,0.0,0.0,0.0,0.0,0.2087053451723961,0.0,0.0,0.0,0.0,0.0,0.0,0.0,0.1859354964697559,0.19852389023117467,0.19589516357882014,0.0,0.22554915800393013,0.0,0.0,0.0,0.0,0.21283886094161775,0.0,0.22001358862636328,0.0,0.0,0.18055650748273758,0.20399387418714512,0.22799465511617653,0.0,0.0,0.0,0.19551835515059604,0.17792242948940554,0.0,0.0,0.0,0.0,0.16801626864308988,0.21841723930708357,0.21271144149571128,0.0,0.0,0.18475388290231057,0.0,0.1793105883513864,0.0,0.0,0.23461135862630492,0.0,0.0,0.0,0.0,0.0,0.20258537708905347,0.0,0.0,0.18820532651814548,0.0,0.0,0.19195011460821843,0.0,0.15547013512791225,0.18426471156246474,0.0,0.0,0.0,0.0,0.0,0.0,0.18482477773508219,0.0,0.0,0.23221461395062304,0.0,0.0,0.0,0.0,0.19625752557719747,0.0,0.0,0.18335673217040263,0.0,0.17852672619256532,0.0,0.0,0.2219808434945692,0.0,0.0,0.2046670428226715,0.1843686730348941,0.19627138362478144,0.0,0.0,0.0,0.0,0.0,0.0,0.0,0.0,0.0,0.0,0.19970856676846252,0.0,0.20586476530039866,0.0,0.0,0.0,0.0,0.0,0.21892677024271723,0.0,0.0,0.0,0.0,0.0,0.23097380057341046,0.0,0.22027285428776475,0.20593367081459987,0.20700396991428083,0.0,0.21038950052425118,0.2167715995129891,0.22427730950317823,0.19180857465788828,0.0,0.0,0.0,0.24993420817248577,0.16472057575081986,0.1691469527767805,0.0,0.22876294333547334,0.18692941068930774,0.0,0.1922515665036184,0.22122244140864109,0.0,0.0,0.0,0.0,0.0,0.18221777215101162,0.20518733767958003,0.23145101755413217,0.22123017200301462,0.0,0.18407957896193325,0.23374191402066505,0.0,0.0,0.20038565834180794,0.21735400867903198,0.0,0.0,0.21218473309511665,0.0,0.0,0.0,0.2022288302861234,0.18272314277539842,0.19199457252093888,0.1786826717561007,0.19295093413398548,0.0,0.0,0.0,0.0,0.24276943355857708,0.0,0.0,0.0,0.0,0.0,0.19614477177596362,0.2134387366294147,0.0,0.20248499843079903,0.0,0.0,0.20210135077979025,0.0,0.2310473121649575,0.0,0.0,0.19647398520086798,0.0,0.0,0.0,0.1791785822698417,0.0,0.0,0.0,0.0,0.0,0.22740469571562003,0.24416627556382653,0.0,0.20208985393074602,0.0,0.22762495847178663,0.1777746074179041,0.0,0.2218529792981334,0.0,0.2421804582826471,0.0,0.1999256688163119,0.0,0.0,0.2354621548297688,0.0,0.0,0.0,0.0,0.19098885311707386,0.16672949181537391,0.19801566272653912,0.17656958181632496,0.0,0.0,0.0,0.21554331474799482,0.22904438189690327,0.18632845755527835,0.19115854912992683,0.0,0.0,0.0,0.1914252118150515,0.0,0.0,0.0,0.0,0.0,0.0,0.18550793355253498,0.1984882234183205,0.0,0.0,0.0,0.0,0.0,0.0,0.2016065500693373,0.0,0.0,0.0,0.0,0.190367843715201,0.2471021496905818,0.1945846457119804,0.0,0.17085783032174176,0.18467138412226872,0.21935919075223315,0.20436193263007468,0.19031115284075187,0.0,0.20513716520002598,0.23253779323416038,0.1576702140131102,0.23208108418068218,0.0,0.0,0.0,0.0,0.0,0.0,0.17946783338593164,0.0,0.20973780697359867,0.0,0.0,0.0,0.22480188697004796,0.20481879800852912,0.20933596630039925,0.19387852761924104,0.16831640786104135,0.0,0.0,0.21978005871476441,0.0,0.0,0.0,0.2228690522748084,0.0,0.20654918169749978,0.0,0.0,0.0,0.0,0.0,0.0,0.0,0.0,0.0,0.18672590448314902,0.0,0.0,0.0,0.0,0.0,0.0,0.20909224775136326,0.0,0.0,0.0,0.0,0.19740335562693936,0.19561761062131902,0.0,0.0,0.189742345186855,0.19497230759711354,0.0,0.0,0.0,0.0,0.0,0.0,0.2155938417254864,0.0,0.0,0.2056425763589492,0.0,0.0,0.20899506513134808,0.0,0.16299135654379765,0.0,0.0,0.180594661761094,0.0,0.21442488542511384,0.0,0.0,0.0,0.0,0.0,0.0,0.19863827014826554,0.2042360934878819,0.0,0.0,0.18614802209118336,0.0,0.0,0.18126847794729353,0.0,0.2065589152049715,0.2108254113540179,0.0,0.20947978272814965,0.1928746052503022,0.0,0.22170230458737866,0.2044918160389357,0.23147429157515045,0.25933235715296726,0.0,0.19247825441916475,0.0,0.2208671149500635,0.0,0.1731584145064164,0.0,0.20434059905623775,0.0,0.2268305613097485,0.19839956566542422,0.0,0.17370008638719822,0.0,0.0,0.0,0.21930593864234194,0.0,0.19025757956117642,0.0,0.0,0.0,0.20054082917484178,0.22731223465393607,0.23340181825284503,0.0,0.0,0.0,0.0,0.0,0.0,0.21609359264497496,0.0,0.0,0.0,0.18589699446514105,0.0,0.16567377248777224,0.19423269392540893,0.0,0.2056765650819896,0.0,0.21272799514329815,0.0,0.0,0.19834426732402674,0.0,0.20247554800247167,0.2101316385491113,0.22654250725782799,0.0,0.19877113062380664,0.15949772313903154,0.0,0.0,0.0,0.19457971402579735,0.0,0.0,0.0,0.20152798043374595,0.0,0.0,0.0,0.0,0.21159990162111575,0.0,0.0,0.0,0.17865400295500902,0.0,0.0,0.22803741799268865,0.17895104472742632,0.1869108177287041,0.0,0.19186925317260545,0.14796511872494772,0.0,0.0,0.0,0.1967184366539534,0.0,0.2045767553136791,0.0,0.0,0.0,0.0,0.0,0.0,0.19776279287923135,0.0,0.0,0.17290250607480434,0.0,0.22451641260898067,0.19767936616443393,0.23075342919555702,0.19909156314040458,0.1870111895775285,0.0,0.0,0.18771200006342853,0.0,0.0,0.0,0.0,0.0,0.18602825277671747,0.0,0.2393706638289091,0.0,0.0,0.20366952672016317,0.0,0.0,0.16411419868179514,0.0,0.0,0.0,0.0,0.1932570725930396,0.0,0.0,0.19890171269769166,0.2419834431310507,0.0,0.2341946899210397,0.1901491366742477,0.0,0.0,0.0,0.0,0.21868004148825115,0.0,0.0,0.0,0.0,0.0,0.0,0.0,0.0,0.0,0.0,0.0,0.0,0.21062810223302209,0.0,0.2077670337523771,0.21114850719308473,0.22796397600066817,0.0,0.0,0.0
0.0,0.13862903864612186,0.12880261553185068,0.0,0.0,0.0,0.0,0.0,0.1309130317878297,0.0,0.0,0.12978785450115324,0.0,0.0,0.0,0.16752511868394596,0.0,0.0,0.13596973997876446,0.0,0.142415102237399,0.0,0.0,0.0,0.18091550548864319,0.14101902750965872,0.0,0.0,0.0,0.17359122648458794,0.0,0.0,0.16622388799565976,0.0,0.0,0.0,0.0,0.0,0.16576701932828883,0.0,0.0,0.0,0.14214378964091967,0.14048114298355405,0.11659359295522623,0.0,0.0,0.0,0.0,0.0,0.0,0.0,0.18590703388667182,0.11301411275605881,0.0,0.0,0.0,0.0,0.1529576776981993,0.0,0.15381180768765157,0.0,0.0,0.0,0.0,0.0,0.11483817926335227,0.1563069550304522,0.0,0.0,0.15590312331600745,0.11002439821175805,0.0,0.14379305141338922,0.0,0.0,0.0,0.0,0.0,0.0,0.13061061290628967,0.149344630008954,0.0,0.0,0.1291456329081448,0.0,0.0,0.0,0.17853543763664073,0.0,0.17423314253622954,0.1752860127768576,0.0,0.0,0.0,0.0,0.0,0.18416153664292823,0.10519653913432858,0.0,0.14356425964583594,0.0,0.13286543763281602,0.0,0.0,0.13758912278847107,0.1725055349263013,0.11129122607493291,0.0,0.1465501208554874,0.16479847543185952,0.1516466697607678,0.1285560379609206,0.0,0.21491811212922252,0.15724759608519326,0.0,0.0,0.17685523035596512,0.0,0.0,0.12394090243211181,0.13025840694490293,0.0,0.1466356525073533,0.0,0.0,0.0,0.0,0.0,0.0,0.0,0.0,0.14260853164614706,0.0,0.09394596899654609,0.0,0.0,0.16077150443873864,0.0,0.0,0.13715732559688854,0.0,0.0,0.0,0.0,0.0,0.0,0.0,0.0,0.0,0.0,0.1274036086918217,0.0,0.16507090552166032,0.14466819709893086,0.0,0.0,0.14087730012215302,0.09235990393737681,0.15734667637683747,0.0,0.1393218193392854,0.12147492122235633,0.0,0.16278998715914358,0.10707867260045502,0.1474752668789727,0.0,0.0,0.09842553470389924,0.11169368628290811,0.13759149983497126,0.0,0.0,0.0,0.0,0.0,0.0,0.0,0.0,0.0,0.12867512994381858,0.0,0.1431734439412513,0.0,0.15989385434875653,0.0,0.0,0.0,0.0,0.17557540706421737,0.1330743361014325,0.0,0.0,0.0,0.12196226624805041,0.16208972298036226,0.17274586956376603,0.14213440562268975,0.1358932650936253,0.0,0.0,0.0,0.0,0.15773403800589605,0.0,0.14599412612517412,0.14618866757712107,0.15642347004802104,0.1711188858801207,0.10780154879957346,0.0,0.0,0.13226109481586104,0.0,0.0,0.1351377594204567,0.0,0.17390927710896698,0.0,0.15304298939891586,0.0,0.0,0.0,0.16246749185595813,0.1420446982887726,0.0,0.12355015437006188,0.0,0.0,0.17872570310403424,0.0,0.14388703031169395,0.132678876169381,0.0,0.15059978531013876,0.19666693683730518,0.0,0.1551444768586431,0.0,0.0,0.0,0.18115639115492743,0.0,0.0,0.10828173907942026,0.0,0.0,0.19640771037344218,0.16402791331722721,0.0,0.15607536150345558,0.0,0.16875954117101805,0.15380489917006362,0.14813194029080484,0.0,0.0,0.0,0.13479368705509115,0.15171192235136466,0.13486327219841643,0.0,0.0,0.0,0.0,0.17603304723493707,0.14133928140099702,0.0,0.0,0.0,0.0,0.15039611504399558,0.15916723510734573,0.15704731773568795,0.13741434039079836,0.0,0.0,0.0,0.1828089263207259,0.15696084619484318,0.14963952770066363,0.0,0.15705754153749724,0.14960935281391768,0.0,0.13500971695124162,0.0,0.0,0.14676159636704056,0.0,0.18946272689369006,0.12427230053920657,0.0,0.1539604989656733,0.0,0.0,0.0,0.11369939777209503,0.0,0.0,0.0,0.0,0.0,0.0,0.0,0.0,0.13356220042866468,0.0,0.0,0.0,0.1370575211086879,0.12002979303191164,0.0,0.0,0.16358382763901624,0.18225313433146934,0.1437701483707071,0.12224169263859605,0.1434964270436414,0.0,0.0,0.1775903307217171,0.0,0.14327248751052657,0.0,0.0,0.15391842705694783,0.0,0.0,0.16189624840497222,0.12570442237063922,0.15949966127787318,0.13281661078056095,0.0,0.0,0.0,0.13643413147128136,0.17316348675520696,0.0,0.14433136304356167,0.18911344182311907,0.0,0.17165819907371221,0.0,0.0,0.0,0.15513165289882247,0.0,0.0,0.1337425930151863,0.0,0.12452414230489828,0.11600080188547277,0.10653064368900099,0.14915845171954267,0.16401685500729354,0.0,0.0,0.0,0.0,0.0,0.1356380149034337,0.14551289365687686,0.0,0.0,0.12158302044174477,0.159992060305618,0.11936802536604416,0.137547619776926,0.0,0.0,0.0,0.12104776525837117,0.1647166497683314,0.17285145220423076,0.0,0.0,0.12812500040970312,0.0,0.14021511259456929,0.0,0.14322490608779814,0.14882724458403235,0.12187332270408664,0.12294487184743111,0.0,0.0,0.15274130082681128,0.0,0.0,0.14246448105231627,0.0,0.1245926561019585,0.16768242913849413,0.1818585048362825,0.0,0.0,0.0,0.0,0.09087905065599565,0.0,0.0,0.0,0.13225003356895942,0.0,0.0,0.16048052530298595,0.0,0.0,0.0,0.0,0.13599011375239542,0.15935958082227708,0.0,0.0,0.1304820462995412,0.15857386289486244,0.15444422710659955,0.0,0.1374809245233202,0.0,0.0,0.0,0.0,0.0,0.12240425592707231,0.0,0.1741687824217363,0.0,0.0,0.0,0.0,0.0,0.18202887826962544,0.0,0.17561560224177677,0.13693689851582755,0.17067203188307026,0.0,0.0,0.0,0.0,0.0,0.0,0.0,0.0,0.2127215914543092,0.0,0.0,0.0,0.0,0.12996599541173065,0.0,0.1394936165088766,0.13145112383107843,0.0,0.0,0.15435530519404198,0.15503511700228637,0.0,0.0,0.0,0.16306545137155015,0.0,0.13317090565414594,0.15768950687371602,0.0,0.0,0.0,0.0,0.0,0.0,0.11466934546570953,0.13594425660818604,0.0,0.15603613541177497,0.0,0.0,0.15694185198832195,0.0,0.0,0.14254311708139336,0.0,0.0,0.0,0.0,0.0,0.0,0.0,0.0,0.15587292975418834,0.13891286406876927,0.0,0.0,0.14184686421685364,0.0,0.0,0.0,0.15568908024212863,0.17111412569858853,0.21256200531496236,0.14328822206875058,0.0,0.0,0.11339559565613674,0.0,0.16341225023962166,0.1466152214666657,0.13532929843007238,0.11179555681803739,0.14312725782907193,0.0,0.0,0.0,0.0,0.0,0.103493817703518,0.0,0.14294641651229753,0.0,0.0,0.16723892315326935,0.0,0.0,0.0,0.0,0.0,0.12488535148861525,0.0,0.15564406347322754,0.0,0.0,0.0,0.0,0.0,0.0,0.0,0.0,0.0,0.0,0.16642778456924304,0.13898410227945338,0.14150168482334324,0.0,0.1622413595557946,0.15212610796228226,0.12662363176967137,0.0,0.15337108979744069,0.0,0.13494563597550036,0.15038717731664106,0.0,0.0,0.0,0.0,0.0,0.0,0.1540320422078259,0.12012544816188074,0.0,0.0,0.1498237793728235,0.0,0.12502214469226103,0.1801127306131304,0.0,0.0,0.0,0.0,0.0,0.15825944050763122,0.1741491444663781,0.0,0.0,0.0,0.0,0.16574611804896325,0.11986414649859775,0.0,0.0,0.13905665293294314,0.15641062149365725,0.14834819019406334,0.0,0.11371597205638562,0.0,0.14111410482021022,0.0,0.0,0.0,0.0,0.0,0.0,0.0,0.17513095251815683,0.0,0.15802403203968898,0.0,0.0,0.12957403667450287,0.18412773301149737,0.0,0.0,0.10542398895765674,0.11552430473902336,0.10675758224498863,0.0,0.0,0.0,0.0,0.17395310807070483,0.1714396954336509,0.12337812267205717,0.16904299550144936,0.0,0.16243487513051003,0.0,0.0,0.17349026011249352,0.0,0.0,0.0,0.0,0.0,0.12160210574487613,0.16252716360148528,0.12829716292661372,0.0,0.0,0.0,0.0,0.0,0.0,0.0,0.1713944989292249,0.0,0.12644789285038266,0.0,0.0,0.0,0.16345628187912514,0.14692317838217553,0.0,0.1340548210629269,0.0,0.15472856415483344,0.13320237866176682,0.0,0.0,0.0,0.0,0.0,0.0,0.0,0.12824119589072946,0.0,0.14160860395717037,0.0,0.0,0.15895295628652256,0.0,0.0,0.0,0.0,0.0,0.14492807224806206,0.0,0.0,0.0,0.0,0.0,0.0,0.0,0.0,0.0,0.1374447740459899,0.0,0.16495320700277358,0.15727995924147578,0.0,0.12882129114961766,0.0,0.0,0.15282787929551608,0.17611540634707337,0.1463585517202445,0.0,0.2013709119602299,0.0,0.0,0.0,0.0,0.12918985862852503,0.0,0.0,0.0,0.0,0.0,0.13737106427214374,0.1653289834479448,0.16436132672809445,0.16304638943624092,0.0,0.1151559234605835,0.0,0.1300448957105243,0.1302059351928722,0.0,0.0,0.0,0.0,0.1336944038881287,0.0,0.0,0.18720442091189876,0.17034738020121343,0.0,0.0,0.17525856108741236,0.1357596710072719,0.0,0.16012335821309234,0.0,0.15234087189847775,0.0,0.0,0.0,0.12673058435189913,0.0,0.0,0.0,0.11675116550858727,0.0,0.156912030899195,0.13535043031061647,0.10464994056626159,0.1293771015419267,0.0,0.0,0.0,0.0,0.1444990318695507,0.16827633273697445,0.18379987528593883,0.0,0.15544222064942279,0.14788852297816013,0.15454569772753582,0.0,0.0,0.0,0.16574536982976362,0.0,0.0,0.0,0.0,0.0,0.0,0.14098795936499078,0.0,0.1630462767548041,0.14896867332094801,0.14564115577017195,0.14063926243929387,0.0,0.0,0.0,0.0,0.0,0.0,0.0,0.1111839966810001,0.0,0.1293790045150519,0.1797664654161926,0.0,0.0,0.0,0.0,0.0,0.0,0.0,0.0,0.16230076001293792,0.0,0.17369895788636758,0.0,0.0,0.0,0.15010570160426645,0.12292559444848786,0.0,0.1783633110987485,0.0,0.13485026036554598,0.0,0.0,0.1500048797747368,0.0,0.1641209787511789,0.0,0.0,0.0,0.0,0.0,0.0,0.1257768925060506,0.0,0.12998923356848374,0.1600814808544182,0.1636855799075753,0.0,0.1227066419194543,0.0,0.1414485052788756,0.13354902574651697,0.13681536944754455,0.0,0.0,0.0,0.0,0.0,0.0,0.14601722569167222,0.0,0.10939279906711045,0.0,0.1394236014400121,0.0,0.0,0.0,0.0,0.0,0.10368992179995326,0.0,0.0,0.15159015863630862,0.0,0.13337735945962167,0.14456229509773216,0.0,0.0,0.14541589573706162,0.1626862789453107,0.13853647308998415,0.13653052203967622,0.0,0.11724053698579906,0.14466973406969924,0.14575811539198708,0.16656398992484403,0.0,0.0,0.15478851903363328,0.14746659832354167,0.10506725853247899,0.0,0.0,0.0,0.17918328032573275,0.0,0.15865128098473635,0.0,0.17688909253375285,0.1470152829073726,0.0,0.13592763491907495,0.138143999850134,0.0,0.0,0.13495932206113107,0.13231887522712268,0.0,0.0,0.0,0.0,0.11529907837825426,0.0,0.0,0.0,0.16291723897085336,0.0,0.0,0.0,0.10775500579313832,0.0,0.0,0.0,0.1632213849593993,0.0,0.12446287893215005,0.0,0.17752476237381665,0.0,0.1390023598326554,0.18078070625966702,0.13497691376226004,0.0,0.0,0.0,0.0,0.0,0.1510487294212738,0.0,0.0,0.0,0.0,0.1490960164100722,0.0,0.0,0.0,0.11479399681083978,0.15058773200936157,0.1640177343418569,0.1465903697555084,0.16308287879076025,0.0,0.1250147667608794,0.0,0.0,0.15224932118645723,0.16889636245308814,0.0,0.0,0.0,0.0,0.0,0.0,0.15043981815352953,0.1271599312778899,0.0,0.19051921856293277,0.0,0.13889525357418245,0.0,0.0,0.0,0.0,0.0,0.16318323618612762,0.0,0.0,0.0,0.0,0.12366623342215927,0.1558544406395195,0.20230566876965822,0.0,0.0,0.0,0.0,0.12931311908656623,0.0,0.132743549542121,0.0,0.0,0.0,0.0,0.0,0.0,0.0,0.0,0.15821344154224992,0.0,0.0,0.0,0.0,0.0,0.0,0.0,0.0,0.0,0.0,0.0,0.0,0.0,0.15606101302770992,0.0,0.0,0.0,0.0,0.0,0.0,0.0,0.11353025396568,0.0,0.12343086979993656,0.115702197991863,0.13361162093210183,0.0,0.0,0.0,0.18742759847007567,0.19827587730552712,0.15271384217447073,0.1413739065696049,0.0
0.0,0.0,0.0,0.0,0.0,0.0,0.0,0.0,0.08659089115567078,0.0,0.0,0.0,0.0,0.10910674733689539,0.0,0.0,0.0,0.0,0.0,0.0,0.0683601120594478,0.04207854946566758,0.0,0.0,0.0,0.0,0.0,0.0,0.0,0.0,0.0,0.0,0.10284489336392649,0.0,0.061249120980295106,0.0,0.13864302364011508,0.0,0.10849286275849104,0.0,0.10764699897760374,0.0,0.0,0.14170606652740372,0.0,0.06852998420646188,0.0,0.0,0.12534988927281127,0.08614281144331103,0.12638267803748124,0.031647474856394735,0.11304569921729951,0.0444206990333913,0.13577239460525523,0.0,0.0,0.07146781858554838,0.0914886590506168,0.0,0.0,0.0,0.08463298632064069,0.0,0.0,0.11837088724142712,0.11965615971889433,0.10926822991678603,0.0,0.0765161724271604,0.08421094844676433,0.0,0.0,0.0,0.0,0.0,0.0,0.0,0.0,0.0,0.09135128364472236,0.09480946564394273,0.0,0.0,0.0,0.0,0.0,0.09441495554001048,0.0,0.049893291775112425,0.0,0.0,0.03509159209777456,0.0,0.0,0.071215201607617,0.0,0.0847638796513641,0.0,0.0,0.10215043343505976,0.0,0.0,0.0,0.07904362383796391,0.10460618723726735,0.0,0.0868896440648421,0.10378747851840964,0.0,0.1002099341895838,0.05204320937157896,0.0689097002667761,0.0,0.0860507682879908,0.0,0.0,0.035343624523035876,0.0,0.0903197603270833,0.10560584628651745,0.034686700497715474,0.07412140660470676,0.0,0.07036119485068311,0.1088810592007538,0.0,0.0,0.0,0.07960726701578368,0.11859246237741317,0.06102551811490803,0.0,0.05709368686992781,0.06821616780553419,0.05151439302241155,0.0,0.0,0.07392916157815606,0.0,0.0,0.0,0.11827988359977396,0.0,0.07942779418155495,0.0,0.0,0.0,0.0,0.0,0.06974300371649803,0.0,0.13657420809826706,0.07082183739134713,0.0,0.034480656578139895,0.0,0.0,0.071478176775564,0.0,0.0,0.1108477539835036,0.10253522201322679,0.09495113839252457,0.0,0.0,0.0,0.0,0.06220747603265933,0.04562952431776984,0.0,0.11577679122376412,0.10112349532839639,0.06327668401904804,0.0,0.0,0.044224870420766435,0.0,0.0,0.0,0.09478512843588127,0.08904036979490429,0.0777967015640126,0.0,0.05458161683984494,0.0,0.0,0.0,0.0,0.0,0.0,0.0,0.0,0.0,0.0,0.0,0.06517628144440016,0.0,0.0,0.0,0.0,0.0,0.05671792546185383,0.0,0.08541854941943716,0.13903197519788912,0.07648490408682247,0.1013658468882874,0.0,0.08618636720249592,0.0,0.0,0.0,0.0,0.0,0.06054776084685624,0.0,0.08370727250442417,0.0854809267380524,0.0,0.07899238606152016,0.00023421273881306208,0.0,0.0,0.0,0.08095219942558421,0.08970168430010173,0.09163490403738919,0.06955765131691002,0.0,0.11125151109406703,0.0,0.10548320263933396,0.0,0.07816319399070226,0.08159105800698896,0.12554415029647023,0.14547322374749094,0.0847930785418721,0.0,0.0,0.0,0.09246554301329098,0.09768825349823981,0.0,0.0,0.0,0.0,0.09869426306411105,0.06480675399552854,0.05751499736248354,0.0,0.0,0.0,0.10244278151059762,0.0,0.0,0.0,0.0698642302818306,0.1055056239087412,0.0,0.0,0.0,0.0,0.0,0.0,0.0,0.0,0.0,0.0,0.11074036264763942,0.0,0.0,0.0,0.0960444754984988,0.08890349983466718,0.04114874748406906,0.0,0.0,0.07399949452908874,0.0,0.0,0.0,0.0,0.10517174545661577,0.0,0.0,0.021578153237372014,0.0,0.0,0.0,0.0,0.060935324842405394,0.0,0.0,0.0,0.0,0.0,0.0,0.0,0.11294122851046258,0.0,0.09009446827961029,0.0,0.0964090832147699,0.0,0.0,0.0,0.0,0.06734842142506434,0.0,0.0,0.0,0.06442900317356784,0.05603899629446602,0.0,0.10136040743918646,0.09123418440311772,0.0,0.06175807376086515,0.06940442209697704,0.07011512129648068,0.0,0.1322094627518497,0.05390210557222301,0.0,0.0,0.0,0.11746075587259512,0.0484770897250759,0.11009747882471546,0.08594104498166091,0.0,0.0,0.0,0.0,0.10036336603452431,0.06742453446712089,0.0,0.0,0.0,0.0,0.0,0.08946485421205033,0.07513397740048752,0.0,0.0,0.07602212544393581,0.1266300781713637,0.0,0.0,0.0,0.0,0.0,0.0,0.0,0.12853226833597853,0.0,0.07290673980261818,0.06334373528529652,0.06906403598893303,0.06781939907387506,0.0,0.09275964897337265,0.09036057468321886,0.0,0.07330557864407793,0.08015404862998547,0.0,0.0,0.0,0.07147236290449041,0.0,0.0,0.0,0.0,0.060224994439943356,0.0,0.0,0.0,0.0934794372575413,0.07274393207912336,0.0,0.1100088976941525,0.12050069711141428,0.052817681064527625,0.0,0.0,0.06575463516696374,0.0,0.0836334293299412,0.0,0.041784712813250274,0.0,0.0994520768529449,0.0,0.10597394625682925,0.09017263985634395,0.0,0.0,0.0801093260761446,0.0,0.0,0.03714862747139345,0.0,0.11009570076181763,0.0,0.0,0.0,0.08459372272318527,0.07046330322339404,0.08689410099478079,0.0,0.10227575089806556,0.1131024773157025,0.0,0.10347491658446602,0.08832667310265058,0.0,0.0,0.0,0.0,0.0,0.0,0.0,0.0,0.0,0.0,0.0,0.0837664141714185,0.1229387247126846,0.0,0.0,0.0,0.0,0.0,0.049644574058158544,0.09476738220615684,0.06911103784267233,0.0,0.0,0.0,0.0,0.0,0.0,0.0,0.0,0.0,0.0,0.0,0.0,0.0,0.08589686554156789,0.0,0.0,0.04094293684625119,0.10304245438664089,0.0,0.0,0.09950076219077847,0.0,0.0813919780108911,0.10773970139140703,0.10834200463098698,0.0,0.0,0.13089872752962686,0.0,0.0,0.0,0.0,0.10574027242337414,0.0,0.1032546642420143,0.09184780558361028,0.0,0.10409020424559343,0.0,0.0,0.05717192626622556,0.0827227395822207,0.0925653086008461,0.0,0.11719120177600605,0.0,0.07699611651980663,0.0,0.0,0.0,0.10218163028460663,0.0,0.0,0.0,0.0,0.0,0.0,0.0,0.0,0.0,0.08743543871237666,0.0,0.0,0.0,0.0,0.0,0.0,0.08926196485665697,0.0,0.09571052254601746,0.0,0.0,0.09125140771344448,0.0,0.13179630096673522,0.0,0.0,0.0,0.0,0.0,0.10181368443246436,0.08736604198786341,0.0,0.0,0.0,0.1037548850776738,0.0,0.0,0.0,0.0935006227340458,0.06508424874259801,0.0,0.0,0.08910479662530979,0.06688590987793007,0.0,0.0,0.0,0.0,0.10982837299511769,0.0,0.0,0.0,0.090928527001512,0.13423540498922243,0.0821435353320163,0.0,0.0,0.11726846114606401,0.0,0.0,0.11753590641381881,0.1213261166672366,0.0,0.09030769268930851,0.0,0.0,0.0,0.08090556708908901,0.11310654235979226,0.0,0.10679058010582038,0.07021919475336251,0.0,0.07430877476741322,0.07272194439362858,0.03406004245925616,0.0,0.07170886655363819,0.0714926620969084,0.0,0.10396763701930611,0.07234915653141621,0.0,0.0759070001630377,0.06642236277981522,0.12281019527673089,0.0,0.0,0.0,0.1294836280235354,0.0,0.0,0.022470976957870783,0.0,0.057352545756506286,0.0,0.0,0.08670020931747002,0.0,0.0,0.0543268800456875,0.0,0.0,0.0,0.0,0.0,0.0,0.0,0.0,0.10146722238618935,0.0,0.06585651512413407,0.10997488942761992,0.056089184811877295,0.10540390593265744,0.0,0.0,0.0769409403005172,0.0,0.0,0.0,0.0,0.0,0.0725979735820958,0.0,0.08043798757980991,0.0,0.057937045053717426,0.0767332676146422,0.08572099102798703,0.0,0.0,0.0,0.0,0.12049986309610201,0.0,0.0,0.10013198751982359,0.14723485999344227,0.09199207879004795,0.0,0.08741644806579034,0.0,0.0,0.04163143816070261,0.07159835211376984,0.14280904498508595,0.0,0.04436214020474828,0.0,0.0,0.0,0.0,0.0,0.04293176910912799,0.0,0.0,0.0,0.0,0.0,0.13494071232438218,0.0,0.0,0.0,0.08786040444028569,0.0,0.05995061585657913,0.0,0.0,0.0,0.07827929339573844,0.0,0.08525474789705638,0.087866689126241,0.0,0.0,0.0,0.0,0.0529880437785214,0.0,0.0,0.0658540241236612,0.0,0.06866112697337512,0.057498567192554174,0.0,0.0,0.0,0.0,0.06429499764190726,0.07258963638849304,0.09331935280988128,0.0,0.07948027733784022,0.0,0.0,0.0,0.0,0.06231217195234932,0.0,0.09021152396230811,0.0,0.06783082308003253,0.0,0.0,0.11556474271679794,0.0336981966239492,0.0,0.11233822479287661,0.11831403456474154,0.08830076695273968,0.0,0.0,0.11911912197722203,0.046123025397149464,0.0,0.0,0.0,0.0,0.0,0.05770836941067204,0.0,0.10385267672615403,0.0,0.0,0.0,0.07213021913565079,0.0,0.10514331860707747,0.0,0.0,0.0,0.0,0.0,0.15012323650751636,0.0,0.07986059871782575,0.0,0.0,0.0,0.09910931020704965,0.06480128114599008,0.0,0.0,0.08395131059297628,0.05815155442215994,0.0,0.0,0.04737156991461564,0.12970185317091176,0.0,0.0,0.0,0.0,0.0,0.0,0.08003437715600721,0.0,0.0,0.0,0.0,0.0,0.0,0.0,0.0,0.0988147100874118,0.0,0.0,0.0,0.0,0.0,0.08417708755379319,0.06486130444167092,0.11095290104544649,0.0,0.09084081325629531,0.0,0.0,0.0,0.0,0.08245522144415418,0.07907111238704709,0.0,0.10085067924650648,0.10603232392508433,0.0,0.0,0.0,0.12375899125259843,0.0777574879608163,0.041008587744944765,0.06591345921962484,0.0,0.0,0.0,0.0,0.0,0.0,0.0,0.0,0.0,0.0,0.0,0.0,0.07168250380861763,0.1032041780646076,0.08924292960603834,0.10406367134030187,0.06515271316631231,0.0,0.0,0.0,0.0,0.0,0.0,0.0,0.0,0.0,0.03111260001843528,0.0,0.1075764731159507,0.09866748833993702,0.0,0.07505473436715153,0.0,0.09826591557934666,0.0,0.0,0.07748008485804186,0.0,0.0,0.06197266806754821,0.07740877216468572,0.08994240637721151,0.09218365854066025,0.0,0.0,0.0,0.01451902268472901,0.0,0.0,0.0,0.0,0.08885667931310254,0.0,0.0,0.05160561819899657,0.0,0.0,0.0,0.0,0.0,0.0,0.08953649467855612,0.0,0.09618532810072583,0.0,0.0,0.09699079614708175,0.0,0.0,0.05855444844834292,0.05622758571250339,0.11600138789488904,0.09859280154311578,0.07064609072126082,0.06820245690250473,0.0,0.0,0.0,0.05186367700528284,0.10481843954498651,0.048823684983264656,0.08707185456667574,0.0,0.0755101345158888,0.11179235241337394,0.0,0.099887716061999,0.0,0.0,0.08361125240242158,0.132789448756055,0.09418791822479507,0.08101516629054108,0.09996650866241952,0.0,0.0,0.0,0.08926512427034172,0.10870260929109238,0.060576671431019545,0.0,0.07681792250375555,0.0,0.018419334869055993,0.0816364709492306,0.0,0.0,0.0,0.0,0.0,0.09138797052215206,0.09852732006795265,0.0,0.0,0.0,0.0,0.07808561389773333,0.0,0.0,0.0,0.0,0.08638830543569213,0.08414839121927578,0.07144419937948732,0.0,0.054678157741917546,0.0,0.0,0.06076023929487766,0.08669491700657678,0.0,0.0,0.0,0.06247281725003825,0.0,0.06632138662808316,0.08382362135334774,0.12833702888014423,0.10849372117500125,0.0702388099696136,0.0,0.12916223677828123,0.0,0.0,0.0,0.0,0.0,0.0,0.0,0.0,0.0,0.0,0.0848984447666681,0.0,0.08991189879116572,0.0,0.0,0.04860395573717913,0.0,0.08650960305657096,0.10253625510921269,0.0,0.0,0.1132919800528414,0.0,0.0,0.0,0.06607664886589976,0.0,0.0,0.0,0.0,0.0,0.0,0.0,0.0,0.0,0.07718270086309473,0.0,0.0,0.0,0.0903144902636395,0.0640948901173087,0.0,0.0,0.0,0.07646931089591123,0.0,0.0476431321706123,0.0,0.0,0.10473903902354109,0.044637399065939616,0.0,0.10860287141506653,0.0656145432057143,0.0,0.0,0.08495581905622956,0.0,0.0,0.0,0.0,0.0,0.07497331393222394,0.12113855533240339,0.05981232585453229,0.0752838189470092,0.0,0.0,0.05114528242902621,0.0,0.0,0.08676855099475132,0.0,0.0,0.04087426605982067,0.0
0.0,0.0,0.0,0.0,0.0,0.8719571135745936,0.838536544447289,0.0,0.0,0.8374670621652566,0.0,0.8433820586698038,0.8473320299732288,0.8680938365739435,0.8766679970282001,0.0,0.0,0.8584294286466291,0.839546889522337,0.8362017754593544,0.839264671151373,0.8563052241022087,0.0,0.0,0.8748164190743237,0.0,0.0,0.0,0.0,0.0,0.9099175202297781,0.0,0.0,0.0,0.8715580431475058,0.0,0.0,0.0,0.0,0.0,0.9411925737449598,0.0,0.8192934667319293,0.0,0.8780047979676381,0.0,0.0,0.0,0.0,0.0,0.0,0.0,0.0,0.0,0.8523375391151279,0.7937021877373427,0.8304812889651578,0.0,0.8454045996388606,0.8665272658764268,0.0,0.0,0.849799541489808,0.0,0.0,0.8629353444254,0.0,0.0,0.0,0.8927503773534182,0.0,0.0,0.8495110943434174,0.0,0.8183552737005325,0.0,0.9044495848306427,0.0,0.0,0.0,0.8113142096692374,0.0,0.8792895145270937,0.0,0.8552245640442641,0.8247021416557803,0.0,0.8416773580154748,0.0,0.0,0.8759249645746197,0.0,0.0,0.0,0.0,0.0,0.0,0.842671227078104,0.0,0.0,0.0,0.8682805592515853,0.8786948898156264,0.0,0.8453773400291604,0.8344139393294694,0.0,0.0,0.0,0.0,0.8704064108602505,0.8470538050282135,0.913850056570961,0.8461546476906244,0.9070611578301258,0.8534152956413287,0.0,0.0,0.8773585182048433,0.0,0.0,0.0,0.0,0.893048157677044,0.0,0.0,0.8312027040702389,0.0,0.8785589398178045,0.8169159408305119,0.0,0.876727668055392,0.0,0.8797407998437584,0.8214679199648199,0.8562434416986351,0.0,0.0,0.0,0.0,0.8724310034182501,0.8394496434214174,0.8648316819374052,0.0,0.8497185270144294,0.8764246700226458,0.0,0.0,0.8355922681891956,0.8756994194456981,0.8623635549276685,0.0,0.0,0.0,0.0,0.8597854280250156,0.0,0.0,0.8651440203238373,0.0,0.0,0.0,0.8521686012371921,0.0,0.8807446787617551,0.0,0.8984414797954697,0.0,0.0,0.8958428569106003,0.896364442830782,0.8676241130469744,0.8402754673578623,0.0,0.8565661468044894,0.0,0.0,0.8891866294350355,0.0,0.0,0.0,0.0,0.9366717228279015,0.0,0.0,0.0,0.0,0.0,0.0,0.8756437547699599,0.0,0.0,0.8717793817772346,0.0,0.0,0.0,0.8539479477018631,0.8743943119110281,0.8636768153325671,0.0,0.8795420991696914,0.0,0.8672383785885881,0.0,0.856791736586196,0.0,0.0,0.8670036815406236,0.8619345913692867,0.8391405511903015,0.0,0.8712843308867801,0.0,0.8481315130823924,0.0,0.0,0.8195380454281234,0.9222393070456948,0.0,0.899425846199255,0.899944983321931,0.0,0.0,0.863225713642699,0.0,0.0,0.0,0.0,0.0,0.8315871517113582,0.0,0.8896018585884886,0.9038387469068343,0.852826021796311,0.8799397207939825,0.8362235537384812,0.0,0.0,0.8317968729449589,0.0,0.8577720918352458,0.8488741769058646,0.0,0.0,0.0,0.0,0.0,0.0,0.0,0.8706185624724213,0.0,0.834950341066449,0.0,0.8233530377673018,0.9190963110541917,0.886769555915016,0.840899393403745,0.0,0.0,0.8669628998843958,0.0,0.8870383239001577,0.0,0.886885053457197,0.0,0.0,0.0,0.8978511886717039,0.0,0.0,0.0,0.8713593167995743,0.8501944096844849,0.8981918831982413,0.8610704080518873,0.0,0.0,0.0,0.0,0.0,0.0,0.0,0.0,0.0,0.8876408352628791,0.8515448020144643,0.0,0.0,0.8829626265652541,0.0,0.9055017416957868,0.0,0.0,0.0,0.0,0.0,0.0,0.0,0.0,0.0,0.8893454498634283,0.8420315003953359,0.0,0.0,0.0,0.8469076468651869,0.0,0.0,0.0,0.0,0.0,0.9157229607062041,0.0,0.0,0.8311797945638194,0.0,0.0,0.0,0.8222134832589512,0.8627169017461761,0.0,0.8825976845696198,0.0,0.887288174456677,0.8754620381408535,0.0,0.0,0.0,0.8234853677194728,0.8854490904808942,0.8881988479905212,0.0,0.0,0.0,0.8435283032842603,0.0,0.0,0.8749816989848574,0.0,0.8776129406487764,0.0,0.0,0.8669828081787073,0.8786485973718945,0.0,0.8295147372064924,0.0,0.8371165777540904,0.8541925241659833,0.0,0.0,0.8253782699726006,0.0,0.0,0.9055207763852783,0.8513372201707293,0.8699230746749688,0.8992467682119755,0.0,0.8571710264805307,0.0,0.0,0.0,0.0,0.0,0.8471102732552784,0.0,0.0,0.8951516258221026,0.0,0.8562964173182247,0.8732704250057051,0.0,0.8688553911084864,0.0,0.8269256824788085,0.8662634373218886,0.0,0.0,0.0,0.9004368028334362,0.0,0.0,0.0,0.8961343719089263,0.8797451528691126,0.8462555608458802,0.0,0.8598836261263121,0.0,0.8334648959282563,0.0,0.0,0.0,0.8802031770421408,0.0,0.8837122024049573,0.0,0.0,0.0,0.8567270719780385,0.0,0.8636695066604136,0.0,0.0,0.0,0.0,0.0,0.0,0.0,0.8793250576394953,0.0,0.0,0.8612089711630289,0.8454597365967086,0.0,0.0,0.0,0.8790711352807908,0.8883516578218494,0.0,0.0,0.0,0.0,0.0,0.0,0.0,0.8940466230449641,0.0,0.0,0.8524404801914873,0.0,0.0,0.8498170525157575,0.8542015609503976,0.0,0.8939016101954284,0.8596704393553254,0.8887644207617605,0.855818909820256,0.0,0.8517445290658321,0.8437933123702659,0.0,0.0,0.0,0.0,0.0,0.0,0.8267257557204265,0.0,0.9251790948464265,0.0,0.0,0.0,0.8792518106469084,0.0,0.0,0.8451186643613244,0.8833524725558479,0.0,0.8789810592751502,0.0,0.0,0.8862972024583455,0.0,0.0,0.0,0.0,0.8680146931275263,0.0,0.8551175293482929,0.0,0.0,0.8831743708598063,0.0,0.0,0.0,0.0,0.8772045434835329,0.8340301196400476,0.8394966966338472,0.0,0.0,0.0,0.809625703701249,0.8365294604908131,0.7936772784417714,0.0,0.8570811459123274,0.0,0.0,0.0,0.8245104846341929,0.0,0.0,0.0,0.0,0.8609546509031275,0.0,0.8380139453268826,0.0,0.0,0.8653316243035767,0.0,0.8431831069053933,0.0,0.0,0.0,0.856446323198937,0.8924193628291629,0.8684732085600176,0.825364572183199,0.0,0.8405864749389566,0.0,0.0,0.8517148265633224,0.0,0.0,0.0,0.9086940079273601,0.0,0.0,0.0,0.8524565256611266,0.0,0.0,0.0,0.0,0.0,0.8907618195682592,0.0,0.8188484403167812,0.881062456218861,0.0,0.0,0.0,0.0,0.0,0.0,0.7983543970586233,0.9022742635379309,0.8370488316562144,0.0,0.0,0.0,0.0,0.8899424489219268,0.0,0.0,0.83693294538806,0.0,0.0,0.0,0.8361441198359312,0.0,0.0,0.0,0.0,0.8496485184076676,0.0,0.0,0.0,0.0,0.8578336179538782,0.0,0.0,0.0,0.0,0.0,0.8896490112631935,0.0,0.8412759686325618,0.8492108280840663,0.8506152400116133,0.8357338010093972,0.0,0.0,0.8719113987323035,0.0,0.0,0.0,0.8105953587237552,0.8699378534546478,0.0,0.0,0.8908858484251632,0.8364328624961144,0.8926948085210576,0.0,0.0,0.8286760818190029,0.0,0.9046596064610043,0.8594901370843001,0.0,0.86705919357467,0.0,0.8656175092407443,0.0,0.0,0.0,0.8793448115354047,0.0,0.8601559157677233,0.0,0.0,0.0,0.0,0.8385641072060146,0.0,0.0,0.0,0.0,0.0,0.0,0.0,0.0,0.0,0.0,0.0,0.0,0.882770052655976,0.0,0.8361077016171156,0.0,0.0,0.8983890693469704,0.0,0.8697065248913655,0.0,0.8411012857368132,0.8833154834975636,0.0,0.0,0.9179864109772006,0.0,0.8494789958579381,0.0,0.8617514756506105,0.0,0.8236738280340482,0.812505705252087,0.8730830245528929,0.0,0.8434117321474138,0.0,0.0,0.8324283613070729,0.0,0.852155680545278,0.0,0.0,0.8885145319882514,0.8184376014925285,0.0,0.8738837750303624,0.848180349883407,0.0,0.8631914877113742,0.0,0.0,0.864392761740286,0.0,0.0,0.8849369930393464,0.0,0.874309992387744,0.0,0.0,0.0,0.8550779158260825,0.0,0.9019027411871461,0.845490942482003,0.0,0.8130219221337384,0.0,0.0,0.8581209330348963,0.8976715664761661,0.8115718552085834,0.0,0.0,0.0,0.0,0.0,0.0,0.8845699471091718,0.0,0.8533966306055607,0.9006875649378941,0.0,0.0,0.8914150393501515,0.9110381671073595,0.0,0.0,0.8398495946829032,0.8931053948434644,0.8771335754176111,0.0,0.0,0.0,0.0,0.0,0.8908326873351994,0.8491999531271567,0.8828823918778036,0.8983117489856443,0.0,0.0,0.0,0.8371759154228531,0.0,0.0,0.8552996686246049,0.8308362402708738,0.0,0.8497882077859897,0.8206586409300036,0.8230368803305709,0.0,0.0,0.0,0.0,0.0,0.0,0.0,0.0,0.846085303089597,0.869570443869588,0.0,0.0,0.9080017745108371,0.0,0.8533025098689488,0.0,0.0,0.8504593193021432,0.0,0.8437819336765077,0.8594639166322007,0.0,0.8830848908659106,0.0,0.8435922934644075,0.8716951900743356,0.0,0.8574162659074217,0.0,0.0,0.0,0.0,0.8680079573591163,0.0,0.8670343924884942,0.0,0.0,0.0,0.0,0.0,0.8811341723214198,0.0,0.0,0.8796009295763945,0.0,0.8403392102248712,0.8638875861943465,0.0,0.0,0.0,0.8610483084911474,0.8189159063244559,0.8723527557938731,0.9020390975924958,0.8775357394035984,0.826858848365151,0.0,0.0,0.0,0.0,0.891386988445497,0.0,0.0,0.0,0.0,0.8815197301456649,0.0,0.8432208892297198,0.8811348173554405,0.8758736699958233,0.860265961983376,0.0,0.8755106739887846,0.0,0.0,0.0,0.0,0.0,0.0,0.8414597049544937,0.8954432409949743,0.0,0.0,0.0,0.0,0.0,0.0,0.8533915751838262,0.8771501864300113,0.0,0.0,0.0,0.8631418517126368,0.8545791102915536,0.8391622541403935,0.0,0.0,0.0,0.0,0.8288258340465694,0.0,0.0,0.0,0.0,0.0,0.8517200335292524,0.8444760591359495,0.8784635631930316,0.8635221394526776,0.0,0.0,0.8930721703442815,0.0,0.0,0.8691400038565413,0.0,0.0,0.0,0.0,0.0,0.0,0.8616938686166355,0.0,0.0,0.8312566524764935,0.8683180235556511,0.8627090352927693,0.0,0.0,0.8670971063534133,0.8463057026740645,0.0,0.0,0.8722219805711284,0.8521395817677165,0.0,0.0,0.0,0.0,0.8624238522437209,0.0,0.8555217944026888,0.0,0.0,0.0,0.0,0.0,0.0,0.0,0.8687363752228143,0.0,0.0,0.0,0.8642333167095836,0.0,0.0,0.8569389503804655,0.0,0.0,0.0,0.0,0.0,0.8566118007691014,0.8165138987752448,0.8314569285917585,0.8676536598409056,0.8677797899076286,0.0,0.0,0.0,0.8518143690405376,0.8718995563019379,0.8156875407245925,0.0,0.8802504609565194,0.0,0.0,0.0,0.0,0.8901943801141654,0.8387468192735453,0.0,0.0,0.0,0.0,0.0,0.0,0.860292928274168,0.0,0.0,0.0,0.0,0.9037102926331889,0.913113371211959,0.0,0.8594350621806872,0.8712338443319171,0.0,0.0,0.0,0.0,0.0,0.0,0.8546946474833771,0.0,0.0,0.0,0.0,0.8926126304919924,0.8573914906509995,0.0,0.8714804674177361,0.8651777659684494,0.0,0.0,0.0,0.8465136291901267,0.0,0.893567034244006,0.8566913793201331,0.854866569661098,0.0,0.0,0.0,0.0,0.0,0.0,0.0,0.0,0.8363840040916748,0.0,0.0,0.8181284243084563,0.911615135966522,0.0,0.0,0.8478847903612882,0.0,0.0,0.0,0.8763273221997832,0.0,0.0,0.0,0.0,0.0,0.0,0.858822143846227,0.0,0.0,0.8488655480432837,0.0,0.0,0.0,0.8708940479561568,0.0,0.9102375864869074,0.0,0.8655077390784298,0.0,0.8551007436584968,0.0,0.8355050073257999,0.0,0.0,0.8386399300218023,0.8540098276434008,0.855220152942914,0.0,0.8460265381355204,0.8567950548411507,0.0,0.8877681206646205,0.8518044673998175,0.0,0.0,0.0
0.0,0.0,0.0,0.0,0.0,0.7984492497778091,0.8522292155016846,0.0,0.8515262336207625,0.0,0.824458148615228,0.0,0.0,0.7793285717871552,0.8314781131711951,0.8063777602401664,0.0,0.0,0.0,0.0,0.0,0.8666993940427276,0.0,0.0,0.8060292589987536,0.0,0.0,0.0,0.0,0.8612906693187833,0.8424169319793352,0.0,0.0,0.0,0.8056147093081059,0.0,0.0,0.0,0.8301858659891651,0.0,0.8264053492054945,0.0,0.0,0.0,0.862208856556711,0.0,0.8066636819430616,0.8534590070501078,0.8477099576036989,0.0,0.0,0.8329827314236983,0.7942519473771226,0.8548033098903903,0.8087541115865544,0.0,0.8552604768374245,0.0,0.0,0.0,0.8330474246021471,0.0,0.0,0.8961238136350856,0.0,0.0,0.0,0.8534956573868465,0.0,0.8774249246693671,0.8593357857557177,0.0,0.0,0.8388552727633858,0.0,0.0,0.8288056614854267,0.8251606834575438,0.0,0.0,0.0,0.0,0.0,0.832827713127472,0.0,0.8276736833066818,0.0,0.8873153994063532,0.8159437979680454,0.8113410346229003,0.0,0.8048962565266379,0.0,0.0,0.0,0.0,0.0,0.7969244687497498,0.0,0.0,0.0,0.0,0.0,0.0,0.0,0.8722682260775091,0.0,0.0,0.0,0.8374989693601388,0.8077261958681291,0.0,0.0,0.0,0.8513849970585166,0.8819960481939639,0.8101286177209378,0.8138150244571302,0.8010369436309378,0.8191408233531469,0.0,0.8224329923473073,0.0,0.8148031840892045,0.8054602575072066,0.0,0.0,0.0,0.8453803337074449,0.8386189887600506,0.0,0.0,0.0,0.8095305398173632,0.0,0.0,0.0,0.0,0.8465130484642339,0.0,0.0,0.8277116511072881,0.0,0.0,0.8127224087702936,0.0,0.0,0.0,0.8360789319860672,0.0,0.8325739792294063,0.0,0.8477804783985726,0.0,0.8546722875244311,0.7921525880850471,0.8426970329439251,0.0,0.0,0.0,0.0,0.8389471712325538,0.8348219202183301,0.8574597407683531,0.0,0.8113083363819998,0.0,0.0,0.0,0.9018607259405341,0.0,0.0,0.0,0.7693803149540396,0.0,0.0,0.0,0.8582996996323621,0.0,0.0,0.8585473015796727,0.0,0.8099819054122895,0.0,0.8541405130910819,0.0,0.0,0.0,0.0,0.8885889966523941,0.0,0.0,0.844236420904896,0.0,0.0,0.0,0.0,0.0,0.0,0.0,0.8294571009497165,0.0,0.0,0.0,0.0,0.0,0.7758220009238191,0.8850446864747146,0.0,0.0,0.8346707634112461,0.0,0.0,0.0,0.0,0.0,0.0,0.8295598888856437,0.0,0.7878938571419863,0.0,0.8109693898448134,0.0,0.8585699287593579,0.0,0.0,0.0,0.0,0.845278496539894,0.0,0.8293797530314324,0.8449067925380279,0.8482503813818831,0.8405116513323827,0.8523234820413406,0.0,0.8194723937777235,0.818674133427762,0.0,0.8235504652280784,0.0,0.0,0.0,0.8124076180384302,0.8500974379500977,0.8361439504104461,0.0,0.0,0.0,0.8562332722311552,0.8181762091330204,0.0,0.0,0.0,0.0,0.7776945640759403,0.0,0.0,0.0,0.0,0.8167492889996621,0.0,0.0,0.8363147358354606,0.0,0.0,0.8248373317479224,0.858790032018182,0.0,0.0,0.0,0.8175457325389334,0.8480087617670682,0.0,0.8203959138059014,0.8043707902269757,0.0,0.0,0.0,0.8458088790496893,0.0,0.0,0.0,0.0,0.8480391014487134,0.8550059204512198,0.8257979772624293,0.0,0.7852294652869725,0.0,0.8086254510387094,0.0,0.7912883645598127,0.0,0.0,0.0,0.0,0.0,0.0,0.8357769076671193,0.8366138573420466,0.0,0.0,0.0,0.0,0.0,0.8164299703190424,0.0,0.0,0.0,0.823448329958168,0.8346512036822551,0.0,0.0,0.8506039712642405,0.8644918800896012,0.0,0.8376442291316706,0.8451491644537943,0.8173527091208848,0.842811803710239,0.8483574981968758,0.0,0.0,0.8886521167580048,0.0,0.0,0.864043093324095,0.0,0.8230985088877765,0.8011895739179621,0.8517173500345061,0.8717276509107166,0.0,0.8509078977104924,0.0,0.0,0.7931049355723234,0.8466823719103962,0.8488833418577324,0.880658683992075,0.0,0.785332770227281,0.8345541258794565,0.8371542032983479,0.0,0.8472471460594946,0.8383436485018414,0.8384530975830331,0.0,0.0,0.0,0.0,0.0,0.0,0.0,0.0,0.8147914969520161,0.8072851360000255,0.0,0.0,0.7991990668887605,0.83752813642394,0.0,0.8412875845434287,0.8422884415900058,0.0,0.0,0.0,0.0,0.0,0.8699303611137764,0.0,0.0,0.8905153160012994,0.0,0.8156221783614885,0.7958808474655571,0.0,0.0,0.0,0.8871283306490204,0.0,0.0,0.8409966192720281,0.0,0.0,0.0,0.0,0.0,0.0,0.0,0.0,0.0,0.8769145808301414,0.8144157183730822,0.8199618979219288,0.8325740810069618,0.0,0.0,0.0,0.0,0.8342369426557505,0.819942075932476,0.0,0.8586927002754503,0.0,0.8774881927884818,0.0,0.0,0.0,0.8312086425348417,0.0,0.0,0.8377978854037478,0.0,0.0,0.8300336033926239,0.8757113634849709,0.8332223467201599,0.0,0.0,0.0,0.0,0.8019335992430887,0.8096732075670159,0.0,0.8520753138278581,0.0,0.0,0.0,0.0,0.8284981859409174,0.8658470322078309,0.8204438377883444,0.8652667169263137,0.0,0.0,0.0,0.7800506585991792,0.0,0.0,0.8505154568364169,0.0,0.0,0.0,0.8370996362581767,0.8227260241445024,0.8267763252863698,0.0,0.8303870743444957,0.8297364413235749,0.8210770559130312,0.0,0.0,0.809956622345437,0.8573035135500596,0.0,0.0,0.8479592784845628,0.8344414127144796,0.0,0.0,0.8060328880131582,0.7873899375487362,0.0,0.8636379238275335,0.8100284733972155,0.8107415103881932,0.8895613893204872,0.8384869158672295,0.0,0.0,0.0,0.0,0.8449502258632147,0.8011646227058444,0.0,0.0,0.8537044988210576,0.7973518498362497,0.0,0.8098066015554635,0.8754293242485978,0.0,0.0,0.0,0.0,0.8700039348953073,0.817909000382511,0.0,0.0,0.0,0.0,0.8248385048164794,0.0,0.8750776733626702,0.0,0.8251077467948382,0.8367555981576109,0.8273365257078951,0.0,0.8601776417391916,0.8574569812614495,0.0,0.0,0.8433558098267901,0.0,0.848581000052491,0.8006844510483048,0.0,0.852722877520501,0.0,0.8525030745696444,0.0,0.0,0.0,0.0,0.0,0.0,0.8492205396842587,0.0,0.0,0.0,0.8000670325640185,0.8389320335428471,0.0,0.0,0.8230207019897254,0.0,0.0,0.8425448567634611,0.8220121936817273,0.814571250753626,0.0,0.0,0.0,0.8505084953457906,0.0,0.0,0.7894126401530649,0.865020634080343,0.823974903552342,0.8099303243427978,0.0,0.8277019541101355,0.849029705406212,0.8324152087244967,0.0,0.0,0.0,0.0,0.839717098695515,0.8177829464116447,0.0,0.0,0.0,0.8904052447022901,0.7944354960594264,0.0,0.0,0.0,0.7727421542256355,0.8372095922738075,0.0,0.7999697614253118,0.8400155483183804,0.0,0.7920513096540774,0.0,0.8386345741620996,0.0,0.0,0.0,0.0,0.0,0.0,0.0,0.0,0.7881700067616286,0.0,0.0,0.0,0.0,0.0,0.8260704546963588,0.0,0.0,0.0,0.0,0.8407598043140581,0.0,0.8501192603995923,0.0,0.7975445087822668,0.0,0.832540739255446,0.0,0.0,0.8658464526690561,0.833492432472031,0.0,0.8867005354822313,0.0,0.0,0.8098788173608213,0.840361353037156,0.0,0.0,0.0,0.849719491224753,0.0,0.0,0.0,0.0,0.799899821254322,0.0,0.0,0.8127027224502644,0.0,0.8616295824310115,0.8598257202144438,0.8272700700452779,0.8473427865485941,0.0,0.8331171870923784,0.0,0.0,0.8519280918845522,0.8632234795752538,0.8258192807704448,0.0,0.0,0.0,0.0,0.0,0.0,0.0,0.8296591328198778,0.0,0.0,0.0,0.8623000988336371,0.8124722159583326,0.0,0.8296987327539967,0.0,0.8422604016529776,0.8185521089141583,0.0,0.7989040164353821,0.0,0.0,0.8288503279373841,0.0,0.0,0.0,0.8394662484907538,0.869371002457785,0.0,0.0,0.0,0.0,0.0,0.0,0.8563999195746553,0.8178574307311168,0.0,0.0,0.0,0.0,0.7937151542286984,0.8185423074858671,0.0,0.0,0.0,0.8537171255849558,0.8064456322377975,0.0,0.0,0.8260226623675141,0.0,0.0,0.0,0.8292555680190361,0.8184529225951084,0.7975573029994184,0.8099987233549902,0.8172992548925323,0.0,0.0,0.0,0.0,0.0,0.0,0.8150183537511528,0.8344128348687415,0.0,0.0,0.8408857121233896,0.8703531733245191,0.8229534997897803,0.0,0.8378890724071792,0.8438786908476246,0.7871667238939816,0.0,0.0,0.8568152362035041,0.8480865140771898,0.0,0.0,0.0,0.8418394552134836,0.0,0.0,0.0,0.8764438497369746,0.8456774574967016,0.0,0.0,0.8559602411639741,0.0,0.0,0.8287479877222167,0.0,0.8326824000878408,0.0,0.0,0.8486166390487601,0.8043977641356094,0.8255219322553833,0.0,0.0,0.8733030270561449,0.0,0.0,0.0,0.8504016379557074,0.796802587751388,0.0,0.0,0.8460864607331419,0.7876466579244862,0.0,0.0,0.8089910604981777,0.0,0.8024139627735924,0.8032334110402329,0.0,0.0,0.8480082017976361,0.8579777450678886,0.0,0.8072316763847529,0.0,0.8441807776599859,0.0,0.0,0.0,0.8450856004793337,0.0,0.8131121795169374,0.0,0.8051083208702805,0.7891254566506868,0.871911544420461,0.0,0.8549525516410788,0.0,0.0,0.0,0.0,0.0,0.0,0.8047934125437615,0.8178370411873989,0.8581682888020389,0.0,0.0,0.0,0.8613790736247892,0.0,0.0,0.0,0.0,0.0,0.0,0.7894052522549277,0.0,0.8437937081929309,0.8238032697548494,0.0,0.8628742533144612,0.8435341862415012,0.0,0.828925767815671,0.0,0.0,0.0,0.0,0.0,0.0,0.0,0.8487125716348836,0.8219952188564849,0.0,0.8466461031286041,0.0,0.8013492129923623,0.0,0.0,0.0,0.0,0.8501353999435087,0.8169155880328681,0.0,0.8004325747200002,0.0,0.0,0.0,0.0,0.0,0.0,0.0,0.0,0.8328995405541382,0.8244532467594793,0.0,0.0,0.8126818688981349,0.0,0.8637127407441526,0.0,0.0,0.0,0.0,0.0,0.0,0.0,0.0,0.0,0.0,0.8456727752634414,0.8238158431229777,0.8355560347700025,0.0,0.7944145057452464,0.8310023798162849,0.8438679574418747,0.830334152310063,0.0,0.852119373896823,0.8036901863330398,0.8336680935706607,0.0,0.0,0.0,0.8111645742781938,0.0,0.0,0.8376809399094002,0.0,0.8427686414265978,0.810001257754839,0.8262142532388665,0.8634100919270091,0.8281295224818441,0.0,0.8249979855533874,0.0,0.0,0.8429529579281118,0.7641299213010799,0.8164408904602916,0.0,0.863152194718878,0.0,0.8330324404709707,0.8330169189498673,0.0,0.8257494589723341,0.8362421572763664,0.8239751325789663,0.0,0.0,0.0,0.0,0.0,0.0,0.8789377628420947,0.0,0.8374742466735876,0.0,0.8134557286906997,0.0,0.0,0.7991061874817379,0.8123209913324982,0.0,0.0,0.0,0.0,0.0,0.0,0.0,0.0,0.0,0.8386910071755411,0.0,0.8491746270522691,0.0,0.0,0.0,0.0,0.0,0.0,0.8383983113614129,0.0,0.8563061174141712,0.0,0.0,0.852717268338322,0.0,0.0,0.0,0.8248594034721257,0.8224503144114378,0.0,0.0,0.0,0.0,0.0,0.8341995871248061,0.0,0.8411904735706587,0.0,0.0,0.0,0.8531958620174509,0.8334536930165694,0.8181594078882513,0.0,0.0,0.0,0.0,0.0,0.0,0.8446374283600603,0.0,0.0,0.0,0.0,0.8474967918677254,0.0,0.8292720371799691,0.0,0.0,0.8720119625668751,0.0,0.8358051888216782,0.0,0.0,0.0,0.8429089291536952,0.0,0.8479403888681747,0.8525098962437525,0.0,0.8194556907107512,0.0,0.8598953195111695,0.0,0.0,0.0,0.82743813975311,0.0,0.0,0.8340289703222721,0.0,0.8368071988826112,0.8469596618139694,0.0,0.0,0.8560517893802483,0.0,0.0,0.0,0.8304267310964838,0.0,0.8058077743916235,0.8510094375072361,0.8678419014189773,0.0,0.8181520627253658,0.8069735784782209,0.8390081048652068,0.0,0.8887121222143488
0.0,0.0,0.0,0.0,0.0,0.2828428349842249,0.30783116675433203,0.0,0.2662157117808468,0.0,0.0,0.0,0.0,0.0,0.275398748953147,0.2688290972306462,0.0,0.24822326634463004,0.2607333952132794,0.2872796257466552,0.0,0.2620718618128602,0.30276093148908667,0.0,0.2782983942676733,0.28289821248683766,0.0,0.0,0.0,0.0,0.33686012772338825,0.0,0.2922938749887221,0.0,0.0,0.0,0.2885034795272414,0.0,0.0,0.0,0.31552401870627644,0.27460142779624175,0.0,0.2825149178010634,0.0,0.28013099466618746,0.2786649764297342,0.3151851253451988,0.2773184980899467,0.0,0.2752521525477131,0.0,0.30816642035959385,0.0,0.28623863912435804,0.0,0.311059185039381,0.0,0.2731372140174864,0.3002281110630143,0.33369669400748025,0.0,0.2787953601247214,0.0,0.0,0.28815938469083446,0.2748764473406316,0.2596201338975407,0.0,0.30386135393076624,0.34556723105389636,0.0,0.0,0.0,0.0,0.0,0.0,0.3323412588660835,0.0,0.0,0.0,0.0,0.0,0.0,0.0,0.30365368756426686,0.29139537656581527,0.0,0.0,0.0,0.29602243454328836,0.30856840981253497,0.0,0.27975567303521137,0.0,0.0,0.0,0.3464047169511337,0.0,0.238167293927973,0.0,0.28564491612212295,0.0,0.0,0.0,0.2993259642360974,0.0,0.29546165226918747,0.0,0.0,0.29589217639282495,0.0,0.3072990995746716,0.0,0.0,0.3167480810510625,0.29623726098310665,0.0,0.0,0.0,0.28791325459201755,0.24394847625455018,0.2994622994546467,0.0,0.0,0.0,0.0,0.0,0.2898366636784649,0.0,0.2891990871126186,0.0,0.29731023898402625,0.27135124525287024,0.0,0.2975918972836938,0.0,0.26292736433489305,0.32851788139957877,0.0,0.286212744473625,0.2864063267032543,0.0,0.0,0.0,0.2707890088277616,0.0,0.0,0.0,0.0,0.0,0.0,0.3264856277523896,0.0,0.3124579234391875,0.0,0.0,0.0,0.2004647058671712,0.0,0.27749619430428574,0.27335970680201466,0.28115391444069465,0.0,0.0,0.29712195231879657,0.0,0.3098633636272344,0.0,0.0,0.0,0.0,0.0,0.0,0.2806893136936368,0.0,0.0,0.0,0.0,0.0,0.0,0.0,0.30536056785012944,0.0,0.0,0.275953056341498,0.0,0.0,0.0,0.0,0.3040662085746232,0.0,0.29431703439970536,0.0,0.0,0.2535478316414612,0.2818255565366454,0.0,0.2838266881930714,0.0,0.0,0.0,0.0,0.0,0.0,0.0,0.0,0.2734040730032351,0.0,0.0,0.0,0.27115780011071244,0.0,0.2915931240402911,0.0,0.0,0.0,0.30303031609378644,0.25672332996976094,0.2856735123716743,0.279226365262815,0.0,0.28183319020579567,0.0,0.0,0.29381052735185376,0.31111842789592165,0.0,0.2650877914086784,0.0,0.0,0.0,0.29084532880647657,0.0,0.0,0.0,0.28400001126351354,0.0,0.31276656504018563,0.29813366850223455,0.27528021365831656,0.0,0.0,0.300127589002642,0.0,0.0,0.0,0.0,0.0,0.3247657396445987,0.0,0.2782838710793429,0.3108220711693538,0.27037151774297824,0.3161117056036119,0.0,0.0,0.0,0.0,0.2874616584796779,0.0,0.0,0.27465969692761677,0.0,0.0,0.29028974061245544,0.0,0.0,0.0,0.0,0.0,0.0,0.3181985621772765,0.2588461438635116,0.3240098329362942,0.2789992290898804,0.0,0.0,0.0,0.0,0.2658510032268406,0.0,0.0,0.2566978430725642,0.0,0.0,0.0,0.0,0.0,0.0,0.30533057474204756,0.0,0.0,0.0,0.0,0.27383836712459425,0.0,0.0,0.0,0.29858323956282246,0.0,0.2765489484211087,0.0,0.0,0.2896280671523008,0.0,0.2827833473483196,0.28106722259528594,0.0,0.0,0.0,0.33786792840357616,0.0,0.2922645305488057,0.0,0.31643125344928075,0.0,0.3068499065500992,0.28620199411940167,0.311341052023868,0.32658301714572496,0.0,0.0,0.2812065412391548,0.2967314373294896,0.0,0.0,0.0,0.2684129483041371,0.2797266618798419,0.30596519753629614,0.29896535212343917,0.30229107553556767,0.0,0.0,0.0,0.0,0.2853186866105626,0.2986092565706619,0.2753225287813809,0.0,0.0,0.0,0.0,0.2907964108133209,0.29060855394203555,0.0,0.27793840428076083,0.0,0.0,0.0,0.0,0.0,0.0,0.0,0.0,0.30468538264879164,0.0,0.2874683919130079,0.2536870647902269,0.2813819774566672,0.0,0.0,0.0,0.3005759921154743,0.0,0.2992828059811084,0.2434921846192918,0.0,0.3030171954719096,0.31951715602565955,0.0,0.0,0.28147055610780924,0.2589538481101516,0.0,0.27646688444317413,0.0,0.0,0.0,0.2716168331975256,0.26275777695758906,0.0,0.0,0.29575478699939695,0.2971090952875131,0.29168567895340747,0.0,0.0,0.0,0.0,0.0,0.0,0.0,0.3358122795937442,0.0,0.32684450840695217,0.0,0.0,0.2803893585818127,0.265080808396765,0.0,0.0,0.30706935614476516,0.2902731990497267,0.28961799301544344,0.0,0.0,0.0,0.0,0.0,0.0,0.0,0.0,0.0,0.0,0.21164824222164277,0.0,0.26860583954778944,0.31244477808212023,0.0,0.0,0.0,0.3039485586776537,0.0,0.0,0.0,0.0,0.0,0.27213424932419833,0.2851869619892908,0.0,0.2568420869939046,0.0,0.0,0.3103877197135352,0.0,0.3174373893409882,0.297146757134447,0.27733486415537206,0.0,0.0,0.3006591730143753,0.0,0.29131747506547845,0.2653393229586655,0.0,0.0,0.0,0.0,0.31871799653240945,0.30414821994832386,0.0,0.0,0.0,0.27106774437315917,0.0,0.0,0.0,0.0,0.3106439003053646,0.0,0.26562865182006057,0.0,0.0,0.0,0.0,0.288122992739915,0.26696606938652434,0.0,0.0,0.0,0.0,0.3298409805267042,0.0,0.3249986040291006,0.28041866580929475,0.0,0.2737318960163568,0.2997714391755482,0.0,0.0,0.0,0.2817164816829944,0.0,0.0,0.0,0.0,0.0,0.0,0.0,0.2826424590038631,0.31130800632844013,0.0,0.0,0.0,0.0,0.2748022056286107,0.32820553522759915,0.0,0.29428472604101563,0.2797400575608999,0.27434437873803497,0.0,0.0,0.0,0.32609104380116133,0.27172956672587073,0.0,0.28043165002934134,0.2848073936420136,0.31337796880204516,0.25571806917142625,0.0,0.0,0.25777457005155263,0.28002655337863236,0.0,0.0,0.0,0.0,0.2916210648292521,0.0,0.0,0.0,0.0,0.0,0.0,0.0,0.0,0.0,0.0,0.31337945677545376,0.0,0.2826410506715624,0.0,0.0,0.3092980535207149,0.2791538949412754,0.0,0.0,0.0,0.0,0.29456752379658924,0.31717863148059544,0.0,0.2795568648508434,0.0,0.0,0.0,0.0,0.0,0.0,0.0,0.0,0.0,0.0,0.0,0.0,0.0,0.2645490080041702,0.0,0.27664661946212543,0.0,0.2622609710097732,0.0,0.0,0.0,0.3113295456559337,0.0,0.28701240792064153,0.0,0.0,0.0,0.0,0.26812392615369957,0.0,0.25211057459679803,0.2947155008217407,0.0,0.0,0.30776054198208413,0.0,0.31099513605803536,0.0,0.0,0.30144656139556886,0.0,0.0,0.0,0.3148211405416842,0.0,0.0,0.0,0.0,0.2593151071202513,0.0,0.2700151641730801,0.3055661880871263,0.0,0.0,0.0,0.3094134190300843,0.0,0.0,0.0,0.0,0.0,0.0,0.2802657479563407,0.0,0.0,0.0,0.3113753057938762,0.0,0.0,0.2823391641715752,0.0,0.0,0.0,0.0,0.0,0.0,0.28911438002222295,0.28725652305637106,0.2680125817376083,0.0,0.0,0.0,0.310960385653529,0.0,0.0,0.22952891174629836,0.0,0.0,0.0,0.293296823225783,0.28938044231669574,0.0,0.0,0.0,0.0,0.25250495536341877,0.28139998258629456,0.0,0.0,0.27840746377613923,0.0,0.0,0.27459649862795815,0.27387737408292473,0.0,0.0,0.0,0.0,0.0,0.0,0.3366881873313771,0.0,0.0,0.0,0.0,0.28197330152500216,0.0,0.2668220072580404,0.3047919012898582,0.31044021472301053,0.0,0.0,0.0,0.0,0.0,0.0,0.0,0.0,0.0,0.0,0.0,0.2555888977477033,0.0,0.0,0.2591709113549353,0.0,0.2759222357802623,0.2803354737808832,0.3079481480874191,0.0,0.3028914337724869,0.0,0.28532297565872905,0.0,0.0,0.32259887607755366,0.0,0.3119016455587666,0.0,0.2979808011128319,0.0,0.3009323034935219,0.28789548758525363,0.0,0.3399923941120798,0.0,0.3165254614087252,0.0,0.0,0.25641352282422647,0.30887240704552604,0.3056564824111293,0.0,0.29580990452578165,0.0,0.27110921415508427,0.0,0.2949250857740974,0.0,0.3082765194004746,0.2980133331602321,0.31995543592998377,0.0,0.0,0.0,0.0,0.2357915189601604,0.0,0.0,0.33277387720236934,0.0,0.0,0.0,0.0,0.0,0.257148657915323,0.0,0.0,0.0,0.0,0.0,0.0,0.27613797683049984,0.2843150774493098,0.0,0.3513409871161673,0.0,0.0,0.3171149017779617,0.28926538789398853,0.0,0.2984172943082883,0.0,0.29857451699773385,0.0,0.0,0.0,0.2962220123464249,0.0,0.0,0.2898549889434829,0.0,0.0,0.0,0.3229355397307877,0.28698001462568684,0.0,0.0,0.3047334971934912,0.3034227300537057,0.2916347642734886,0.28941208777792105,0.3074269628095686,0.0,0.0,0.0,0.3218182120056714,0.0,0.0,0.0,0.3499523035208789,0.0,0.2627672958477677,0.0,0.28465369952795455,0.31137112133769534,0.0,0.0,0.0,0.0,0.3095605043795586,0.28030745995221595,0.0,0.0,0.27035295435603324,0.0,0.0,0.31515867339161585,0.2978837984168969,0.24879145227494218,0.0,0.0,0.0,0.0,0.0,0.0,0.32464216689341496,0.0,0.2854575937610473,0.3496058578186534,0.0,0.3079782079838667,0.2877550650537069,0.0,0.0,0.0,0.0,0.0,0.29420349465813084,0.3156776576927567,0.0,0.27025751167110623,0.30494245982832197,0.0,0.0,0.0,0.0,0.0,0.0,0.0,0.0,0.2626615507130162,0.3176326289982628,0.28420273868050216,0.31363412897463655,0.0,0.289019724913704,0.2869440255065085,0.0,0.0,0.0,0.0,0.27228691814400413,0.27253336662767913,0.30421240534713895,0.2955645285721627,0.0,0.2974598354194479,0.27516892296669687,0.0,0.2927397632640954,0.2971297890221527,0.0,0.0,0.290299038859259,0.27405554880972577,0.2878582026430272,0.30560572578762374,0.0,0.0,0.0,0.0,0.0,0.0,0.28324012339527255,0.3672425965189756,0.28002338881846883,0.2699453813377314,0.0,0.2672207657481686,0.2575624603867042,0.0,0.2875199653437305,0.0,0.0,0.0,0.0,0.3112195630433533,0.0,0.0,0.0,0.28715349199795526,0.28154424272713446,0.3089496784715467,0.276159142731227,0.0,0.0,0.30904284222375406,0.0,0.2493989331506445,0.0,0.3141752904771591,0.0,0.24675012328569032,0.28989360952860876,0.0,0.274547627783577,0.0,0.3101517119580316,0.0,0.2643540206833808,0.2983279895027816,0.3207177101320289,0.0,0.0,0.0,0.28617244284205245,0.0,0.0,0.0,0.0,0.0,0.0,0.0,0.0,0.3022884303507691,0.0,0.0,0.0,0.2724311393594027,0.0,0.2834333275493434,0.2775434075775959,0.0,0.0,0.0,0.0,0.0,0.0,0.26566037914391555,0.0,0.0,0.27683781024329035,0.0,0.30389257673162773,0.2881557810004801,0.0,0.0,0.0,0.0,0.0,0.0,0.23799835939341027,0.0,0.0,0.29955634716774643,0.0,0.0,0.299001201587464,0.280864188084203,0.0,0.0,0.32521145020366315,0.25079927564394744,0.0,0.2726188173573483,0.0,0.0,0.3058593152566087,0.30183890962232507,0.0,0.0,0.0,0.0,0.0,0.0,0.0,0.0,0.30882239392943495,0.26917220711659456,0.0,0.0,0.31199436881500625,0.3229617666010698,0.0,0.2684746973493545,0.3052116269049586,0.0,0.0,0.3282437357201298,0.0,0.0,0.0,0.32706208670531095,0.28302052005037137,0.0,0.0,0.0,0.0,0.0,0.0,0.0,0.2866307162847963,0.0,0.0,0.2656038406087385,0.0,0.28001618138166834,0.29793165593711396,0.0,0.0,0.0,0.0
0.0,0.0,0.0,0.0,0.0,0.0,0.0,0.0,0.22266052172351944,0.0,0.0,0.0,0.0,0.16198201895163003,0.0,0.0,0.0,0.22380162859785224,0.0,0.0,0.10262371169356854,0.22006027503955544,0.1792337464227068,0.0,0.0,0.25687294821195933,0.0,0.0,0.0,0.16882567052620628,0.0,0.0,0.0,0.0,0.1307134911788814,0.0,0.0,0.27857144624286334,0.08754763218602116,0.1851766411855519,0.18384263392393463,0.0,0.0,0.0,0.0,0.0,0.1933923284261956,0.0,0.18312839028020025,0.17306858019948174,0.0,0.0,0.0,0.0,0.0,0.0,0.21808378107474832,0.19152550101117508,0.0,0.21587205051995478,0.19749590282364954,0.0,0.0,0.0,0.0,0.0,0.19264374326066455,0.0,0.0,0.20486341835170052,0.0,0.0,0.0,0.21663721809353753,0.0,0.0,0.15720937232947288,0.0,0.0,0.0,0.0,0.0,0.13153318841243,0.0,0.0,0.0,0.0,0.0,0.0,0.0,0.18810313345332752,0.0,0.0,0.0,0.0,0.26105657983302016,0.0,0.0,0.0,0.20326832851474808,0.0,0.20160650681868264,0.0,0.0,0.0,0.0,0.0,0.0,0.19307932808406258,0.0,0.0,0.0,0.1737419793304057,0.0,0.0,0.17910555687848398,0.0,0.2104010035064529,0.21555818205524405,0.0,0.16852010649436905,0.17070693373502485,0.16503875958491795,0.1873143489264403,0.16573623036259633,0.0,0.0,0.20492468128509883,0.2050215157951899,0.0,0.0,0.22260789177880436,0.21684422657521796,0.2028613838526358,0.1881709304909513,0.0,0.0,0.0,0.0,0.0,0.0,0.17583514117690102,0.16611043513021548,0.0,0.1842914552635374,0.0,0.0,0.0,0.0,0.13323571401328746,0.0,0.0,0.2047776015890099,0.0,0.0,0.0,0.22996766087432377,0.2012579228663185,0.0,0.0,0.20551373449971386,0.0,0.19828525799836316,0.2279075701496499,0.1875236128026878,0.0,0.0,0.0,0.0,0.0,0.0,0.0,0.16681635375495563,0.1947712916667327,0.0,0.0,0.0,0.19376476750221572,0.0,0.0,0.0,0.0,0.0,0.0,0.0,0.21596296957898992,0.11660998806759619,0.0,0.0,0.20159808084407277,0.0,0.10907412809264,0.20954394921881614,0.21845555997629965,0.0,0.0,0.0,0.0,0.20330729894838384,0.0,0.0,0.0,0.0,0.0,0.21901313695734415,0.0,0.15867453226063793,0.0,0.16495114706707864,0.2202926081620823,0.0,0.18264157770270326,0.0,0.0,0.0,0.0,0.0,0.17158429181619705,0.22924311714206158,0.16114323994825683,0.0,0.0,0.0,0.0,0.0,0.21371723289338573,0.0,0.1867587053704873,0.0,0.2524121897049852,0.22125528258416133,0.0,0.0,0.19227433536243718,0.16223858337020303,0.0,0.1883637526335808,0.0,0.17662689607104992,0.1713422934189389,0.2012623615869712,0.0,0.15850037782871604,0.18142572919078842,0.1865364761123558,0.0,0.1907995909830693,0.0,0.0,0.0,0.0,0.0,0.0,0.0,0.1891556287703461,0.13961857939725061,0.0,0.0,0.0,0.0,0.22612535591275598,0.22483766265663702,0.1498401869708944,0.2160516467642657,0.0,0.0,0.0,0.20807506580475282,0.0,0.2295507416135518,0.20350987226066974,0.17586790492311713,0.0,0.13173398028037656,0.17953638614257494,0.13269067907537305,0.0,0.22916343609257273,0.0,0.0,0.21007004582930625,0.0,0.11408502466018924,0.0,0.15021319114329126,0.0,0.0,0.0,0.0,0.0,0.0,0.0,0.0,0.1755902522208127,0.0,0.0,0.0,0.0,0.0,0.0,0.14236085131312992,0.0,0.0,0.2623667259426231,0.0,0.25033005912267425,0.16582279182929974,0.0,0.0,0.1671231985438794,0.0,0.22157381750991945,0.0,0.23628825836763465,0.0,0.18816812017304635,0.0,0.0,0.0,0.0,0.20895927110906648,0.0,0.0,0.13097765108285472,0.0,0.24120497225169849,0.0,0.0,0.19356376555349186,0.0,0.15594870776104341,0.17076817954745233,0.0,0.12525712172469616,0.23290755252365644,0.0,0.0,0.0,0.17068882543238784,0.20792901304568162,0.0,0.0,0.0,0.0,0.23688667524915963,0.0,0.2737126801653611,0.16487776993900466,0.22976706320762216,0.23581631250745302,0.0,0.0,0.0,0.0,0.0,0.0,0.0,0.18043906431042828,0.12190381890315058,0.0,0.0,0.20699868870822496,0.0,0.0,0.0,0.0,0.1588322294804939,0.0,0.18992305685941763,0.21106368538980622,0.16654663425118826,0.0,0.0,0.0,0.0,0.0,0.0,0.0,0.0,0.0,0.0,0.0,0.22829591901907945,0.21820315664466922,0.0,0.16897132938700976,0.0,0.0,0.0,0.17618438088093313,0.0,0.0,0.1704540980256877,0.0,0.0,0.0,0.0,0.147590599849153,0.0,0.0,0.21094159326542405,0.18771555325994305,0.264515262292965,0.0,0.22354757293680688,0.1583928798958516,0.0,0.0,0.0,0.0,0.0,0.0,0.0,0.2070873691190598,0.16204241459870264,0.0,0.0,0.0,0.0,0.16327388022396744,0.27252202367635747,0.0,0.1881698068274504,0.0,0.0,0.0,0.0,0.15786361161820428,0.25141117844710786,0.0,0.0,0.0,0.0,0.1734305738809839,0.21212269464435798,0.0,0.18976610936924018,0.189728299601233,0.19160208467209955,0.0,0.0,0.24416275716772043,0.0,0.0,0.16612346949674983,0.28062628054576483,0.22031296981367807,0.0,0.0,0.0,0.0,0.1440565087845583,0.0,0.0,0.0,0.0,0.0,0.0,0.0,0.2107021591567898,0.16456823926663536,0.0,0.17609233826892723,0.1687782971822976,0.0,0.0,0.1965970376173239,0.14071374833280256,0.0,0.2071884373420881,0.0,0.2024210475313804,0.0,0.17055300662923026,0.0,0.18417980568909484,0.14720822547188903,0.0,0.0,0.18311141367925263,0.0,0.0,0.0,0.18135966141613732,0.0,0.0,0.0,0.0,0.0,0.0,0.0,0.1961708876017838,0.0,0.24791713476180566,0.0,0.0,0.1748315974681341,0.0,0.0,0.0,0.0,0.0,0.0,0.19741295680798993,0.0,0.0,0.25397528118001667,0.2266452079643949,0.1794032367591963,0.0,0.20769771133099246,0.21042692101075908,0.19411810366523394,0.0,0.0,0.0,0.0,0.18354511711948004,0.0,0.0,0.0,0.1849341546167623,0.0,0.0,0.13970027340542748,0.1725851018925743,0.0,0.0,0.0,0.0,0.0,0.14989807497472055,0.15310604792614166,0.17934156335339888,0.17028847759797347,0.21680262579984463,0.0,0.0,0.0,0.0,0.0,0.0,0.1945912506606046,0.0,0.17313234339736638,0.0,0.17938450293213215,0.14070774087326082,0.0,0.0,0.18433596215178713,0.0,0.21142004255167007,0.0,0.0,0.0,0.0,0.0,0.1796023491142973,0.0,0.19644344841173988,0.0,0.22279978561025293,0.0,0.0,0.16642491073334623,0.0,0.22047585306578826,0.0,0.0,0.0,0.0,0.0,0.20359730164818562,0.1415913182322049,0.0,0.0,0.18840988706318576,0.0,0.0,0.23138355566491225,0.0,0.0,0.0,0.0,0.18180783305213602,0.20689573944374826,0.21183774176995057,0.0,0.0,0.0,0.0,0.0,0.0,0.1918989178336917,0.20674908949226947,0.2525275963685703,0.16666573328887124,0.20998057820284194,0.1815192798305339,0.1487838834796054,0.0,0.2175985606718046,0.0,0.20383603347321846,0.0,0.0,0.1937040177242332,0.0,0.0,0.0,0.23059280711616592,0.0,0.19300435915418104,0.0,0.19699439024511806,0.15450682491311482,0.0,0.0,0.0,0.22622253874334947,0.0,0.0,0.0,0.0,0.14396978482258194,0.0,0.0,0.0,0.0,0.0,0.0,0.0,0.0,0.22621810504154755,0.0,0.15190371549509699,0.0,0.0,0.2151969334822939,0.15817986251643004,0.0,0.19952494758883185,0.0,0.0,0.0,0.0,0.20608559566374945,0.0,0.0,0.18812052058645595,0.0,0.0,0.0,0.0,0.0,0.0,0.0,0.2413497236685259,0.0,0.0,0.0,0.0,0.0,0.0,0.1992178723617487,0.0,0.0,0.20856222864964763,0.0,0.19759704609376758,0.0,0.0,0.0,0.149035584556453,0.20747886269189442,0.0,0.22734150015579901,0.0,0.0,0.16129923349301684,0.0,0.0,0.0,0.24566672820928015,0.0,0.0,0.13098786552346633,0.0,0.0,0.0,0.0,0.14743279749090443,0.0,0.24679030039716465,0.0,0.0,0.0,0.2129984123995448,0.18342712756703305,0.0,0.14469644827848496,0.23525505154038936,0.17510101203338135,0.18409932789799252,0.0,0.0,0.0,0.0,0.1843713022172085,0.0,0.0,0.0,0.0,0.1930164643262593,0.21369829193801515,0.0,0.0,0.0,0.227757347923031,0.17988641496423732,0.0,0.0,0.0,0.0,0.0,0.0,0.0,0.0,0.0,0.0,0.2621077030056495,0.1665321017627538,0.0,0.12917053520993516,0.0,0.0,0.0,0.0,0.18912056769027194,0.0,0.0,0.0,0.0,0.0,0.15798326196259355,0.0,0.0,0.1972033732014809,0.19053326326641176,0.0,0.0,0.1896467976417122,0.0,0.0,0.0,0.2601568322636535,0.18223711130870288,0.0,0.0,0.0,0.19147162298128909,0.17178577989084076,0.0,0.153906726211548,0.0,0.20229256679618957,0.0,0.0,0.0,0.23013088809600085,0.0,0.0,0.0,0.0,0.19785108463864784,0.18685221986990336,0.15564580908891845,0.16324540412416683,0.0,0.0,0.0,0.1803192880860391,0.0,0.0,0.0,0.0,0.24331743846925402,0.0,0.0,0.0,0.0,0.13161129365934057,0.19752047776911152,0.0,0.0,0.24933997749647155,0.0,0.0,0.0,0.0,0.0,0.19635950192618828,0.20337311416166295,0.24016566739528789,0.0,0.0,0.0,0.0,0.20055970017146063,0.0,0.0,0.16113017673185825,0.0,0.22979857491638112,0.254411261017434,0.0,0.24583399562701402,0.21241541576521603,0.0,0.24541302455481873,0.0,0.0,0.0,0.17303037140479924,0.0,0.0,0.0,0.17998408032643196,0.1633954663454561,0.0,0.0,0.0,0.0,0.17478857786937976,0.0,0.0,0.20106231913799355,0.0,0.2245970635380472,0.0,0.0,0.1822113126048005,0.0,0.0,0.0,0.11603868121965091,0.0,0.0,0.12077278065822858,0.0,0.19247655629297372,0.0,0.0,0.14642244976982255,0.0,0.0,0.0,0.0,0.0,0.0,0.21156471833915977,0.15273591411074294,0.24146873153415674,0.16549248295864452,0.17646725817941633,0.14654375288329147,0.1791674037243117,0.18399448001143165,0.0,0.1577305646831416,0.0,0.13077125976222867,0.0,0.0,0.0,0.1549326630636939,0.0,0.0,0.0,0.16512285233562574,0.23872168004493943,0.0,0.15815283759541215,0.16395441033768038,0.0,0.18626021859118091,0.0,0.0,0.0,0.0,0.20169288164054522,0.1511810410722024,0.0,0.14716069002253804,0.0,0.0,0.19557811969396122,0.20633220703951557,0.0,0.0,0.0,0.1373902073257532,0.0,0.0,0.0,0.0,0.0,0.0,0.0,0.15525677771458415,0.21267398562128642,0.0,0.0,0.19869637654486177,0.19822267606919855,0.0,0.0,0.15358922182734078,0.19414683816966646,0.09691342193808229,0.0,0.0,0.17944689029806268,0.15418510187439696,0.0,0.0,0.16557580950429424,0.0,0.22233597124901816,0.0,0.0,0.21868578461952728,0.0,0.17450943208749192,0.0,0.0,0.0,0.0,0.0,0.0,0.0,0.0,0.0,0.24085711896462525,0.1922388086885865,0.2152015525729747,0.2540682132982449,0.0,0.1884994287851736,0.0,0.0,0.0,0.0,0.0,0.0,0.0,0.0,0.0,0.1520939673615946,0.0,0.0,0.0,0.0,0.0,0.0,0.0,0.0,0.0,0.1486716576589983,0.0,0.0,0.0,0.0,0.0,0.0,0.0,0.0,0.0,0.21606925507060473,0.0,0.0,0.0,0.0,0.0,0.19364917436015439,0.21462933482264368,0.14199726869159482,0.0,0.0,0.13517962127285377,0.2028361895531793,0.0,0.0,0.20060895444433297,0.1756134018709535,0.0,0.0,0.18999035547925908,0.15476257827556045
0.0,0.0,0.0,0.0,0.5490888731275702,0.5435825940472019,0.0,0.0,0.0,0.0,0.5470700133288661,0.0,0.0,0.5596587514803864,0.0,0.0,0.5448140459618758,0.0,0.0,0.5841041990368341,0.5776861740538536,0.5761633675115755,0.0,0.0,0.5592536998721429,0.0,0.5768270260156951,0.0,0.5745935742110075,0.0,0.5591551034817916,0.0,0.5182365637068984,0.0,0.5628340254414411,0.0,0.0,0.5632595785694925,0.5778618134829389,0.5337209293818137,0.0,0.0,0.0,0.0,0.5888179311814191,0.0,0.0,0.5358100183069983,0.5697056459142258,0.0,0.0,0.5718330156604472,0.56176939853909,0.5729666632592715,0.0,0.5592309333892865,0.5699756025871626,0.5775269335525864,0.5722077348205089,0.5822706039839249,0.5667599883232676,0.0,0.578539231076129,0.5562363342365158,0.0,0.5978758439544083,0.5318451688184941,0.0,0.0,0.5258502806291713,0.0,0.0,0.0,0.0,0.5917847273695125,0.0,0.5488493130651309,0.0,0.0,0.0,0.603593980921816,0.5399714855968666,0.592119422181818,0.5557657325282996,0.5673133441563905,0.5401524131945359,0.0,0.5439358705753745,0.0,0.5699597045065447,0.5436001722096331,0.5746573506340734,0.5781431865329079,0.5625856415802962,0.0,0.548913663346655,0.0,0.0,0.538715987947189,0.0,0.5923628745088105,0.5698857668247322,0.5733578299779021,0.0,0.0,0.5472966824902313,0.5439754168896981,0.5606580980222609,0.0,0.0,0.5682249051481313,0.0,0.0,0.0,0.0,0.5407639211204737,0.0,0.0,0.0,0.0,0.5917141811214578,0.5502831463488003,0.5770117122665238,0.0,0.5503614608883379,0.0,0.0,0.5420651192213182,0.0,0.0,0.0,0.0,0.5870525646534268,0.0,0.6157076869145184,0.0,0.6236220083600655,0.0,0.0,0.0,0.5811838284748525,0.5489228243496542,0.5878071973013403,0.0,0.0,0.0,0.5513371350423936,0.0,0.5434889952992946,0.5951831034061779,0.0,0.0,0.0,0.0,0.5347754911434174,0.5809482037439843,0.0,0.0,0.0,0.5895001089382693,0.5681736322036394,0.5663547682530081,0.0,0.5452925624908729,0.0,0.0,0.5749434892636374,0.5651127648717514,0.5812342333809882,0.5813564608512091,0.0,0.5827568733764656,0.0,0.0,0.5839275439573086,0.0,0.5853592948257815,0.0,0.0,0.0,0.0,0.0,0.0,0.0,0.0,0.0,0.5790422348502091,0.0,0.0,0.5980986170438956,0.0,0.5624867339516068,0.0,0.0,0.0,0.0,0.0,0.0,0.0,0.5814884915518683,0.0,0.0,0.5632100403220964,0.0,0.5975653882848037,0.5232224422432297,0.0,0.542338719259825,0.5943968302356968,0.5692159485874329,0.5511585517037317,0.6073453412754104,0.0,0.5865905999214399,0.0,0.5441282954716766,0.0,0.5633372946401627,0.0,0.561418391707232,0.0,0.5635127306141109,0.5486200714989306,0.0,0.0,0.5515523169257589,0.0,0.5802267138803353,0.0,0.0,0.0,0.5598296864250776,0.5756788782409524,0.5822652513564797,0.0,0.5278502914494682,0.0,0.0,0.0,0.0,0.0,0.0,0.55138214824602,0.5433740294161608,0.0,0.0,0.0,0.5846328196661444,0.0,0.5865736114229985,0.5762819372677503,0.0,0.0,0.5765303653584821,0.0,0.5734531923969071,0.0,0.0,0.5598888353888671,0.58565835528813,0.5556304921025225,0.5786190051274503,0.5522710129421381,0.5588958555823051,0.0,0.0,0.5432325244873599,0.0,0.5874054293496794,0.5584126634296794,0.0,0.570997607918005,0.0,0.5888931427384477,0.5553079340829902,0.5627096498541371,0.0,0.0,0.0,0.0,0.0,0.0,0.5748185473053877,0.0,0.5545235317771035,0.5532994556137777,0.0,0.0,0.0,0.0,0.0,0.0,0.0,0.5726683150326594,0.0,0.5502907344239735,0.0,0.0,0.0,0.5582250080246817,0.5691472751156226,0.0,0.0,0.0,0.5847116024965535,0.5586792161204779,0.5704888842517204,0.0,0.0,0.5584708123649686,0.0,0.5616963829614383,0.0,0.0,0.5589837779603876,0.5619971515595968,0.5917852718054913,0.5499834348437592,0.5837502167762273,0.0,0.5783272944237202,0.0,0.0,0.550882583949199,0.0,0.0,0.0,0.0,0.0,0.0,0.5643822167463372,0.0,0.0,0.0,0.0,0.0,0.0,0.0,0.0,0.5708103611507921,0.0,0.5504701753260015,0.5578668118593494,0.0,0.5365887306265282,0.5680370647674993,0.5409307595186708,0.555442090127314,0.0,0.0,0.0,0.0,0.0,0.0,0.0,0.0,0.5546075976138758,0.0,0.0,0.5630911853839885,0.0,0.0,0.0,0.0,0.0,0.0,0.0,0.0,0.0,0.0,0.5708805377682824,0.0,0.0,0.0,0.0,0.0,0.5803247228993177,0.0,0.0,0.0,0.0,0.5433495226578561,0.5673756441172404,0.0,0.5544626627693452,0.0,0.0,0.0,0.0,0.5765756095548675,0.0,0.0,0.5610607984311001,0.0,0.0,0.5955327944573047,0.5547143879169935,0.0,0.5461474677853662,0.0,0.0,0.5445402852678783,0.0,0.0,0.0,0.0,0.0,0.0,0.0,0.0,0.0,0.0,0.0,0.0,0.533046138181284,0.0,0.5666405122419815,0.5491490604524742,0.0,0.561790321197886,0.0,0.5578491342369761,0.0,0.0,0.0,0.5607239542458445,0.5475536858281392,0.0,0.0,0.5621959925248038,0.5567337877536243,0.0,0.0,0.5250844346339791,0.0,0.0,0.5892298629348423,0.5509968682963667,0.0,0.0,0.0,0.5550652625445819,0.5566216944925858,0.0,0.0,0.0,0.0,0.0,0.56459045549555,0.0,0.0,0.565734554013052,0.0,0.0,0.0,0.5614585725700091,0.0,0.0,0.0,0.0,0.5631882645564436,0.589349101499876,0.5503593266522404,0.0,0.0,0.0,0.0,0.5740885507209615,0.5286531048212986,0.0,0.5299107850145485,0.5547131841051155,0.0,0.0,0.0,0.0,0.0,0.0,0.6044780749703624,0.0,0.0,0.0,0.0,0.5783199378232329,0.0,0.0,0.0,0.0,0.5414748681795188,0.0,0.0,0.5572719146507595,0.5356366124908896,0.0,0.0,0.0,0.0,0.0,0.0,0.0,0.5597544442106698,0.0,0.0,0.0,0.0,0.5785764101755517,0.0,0.5765858794517791,0.5471591173820262,0.5741808422496126,0.5539729004711814,0.52921055840748,0.0,0.0,0.0,0.0,0.5707318014318921,0.0,0.0,0.0,0.0,0.5488448783962844,0.0,0.5322813469883632,0.0,0.0,0.0,0.0,0.5540417743671925,0.0,0.0,0.5532871396377176,0.0,0.0,0.0,0.0,0.0,0.0,0.0,0.0,0.0,0.0,0.0,0.0,0.5548633970510222,0.0,0.6038810788159529,0.5774160461844665,0.0,0.0,0.0,0.0,0.0,0.0,0.5449141032126755,0.0,0.0,0.5597483962164321,0.0,0.0,0.0,0.5657862608818385,0.0,0.5353784069594025,0.0,0.5815132605225435,0.0,0.5823611455899872,0.0,0.0,0.0,0.0,0.0,0.0,0.5894798648994751,0.0,0.0,0.0,0.0,0.5513710871818697,0.5357715791529569,0.0,0.5627289104482565,0.0,0.0,0.0,0.0,0.5691973612940497,0.0,0.0,0.0,0.0,0.0,0.0,0.5747058299144456,0.5832425888340779,0.0,0.0,0.0,0.0,0.0,0.5439289125342955,0.5374560537172011,0.0,0.0,0.0,0.5419520795032919,0.0,0.5446818009297564,0.0,0.0,0.0,0.0,0.5418674457301419,0.6001034705887449,0.5911128488924219,0.0,0.5415949808444748,0.5712242547599289,0.0,0.0,0.0,0.0,0.5827878923389477,0.5736471430052433,0.0,0.0,0.0,0.5342977691564927,0.0,0.0,0.0,0.5942529720026924,0.0,0.5558930401136761,0.0,0.5729608929524739,0.0,0.0,0.0,0.0,0.0,0.606150233023655,0.0,0.0,0.0,0.5820357583484738,0.5938897126500676,0.0,0.0,0.0,0.5556176871294229,0.5597480416419326,0.0,0.0,0.5623676972186054,0.0,0.0,0.0,0.0,0.0,0.0,0.5673522564542416,0.0,0.0,0.0,0.5735277285008492,0.0,0.0,0.0,0.5569602260608447,0.0,0.0,0.0,0.0,0.0,0.0,0.5433719321491447,0.0,0.0,0.573968450654271,0.0,0.0,0.0,0.0,0.569400515582473,0.0,0.0,0.5944107980296324,0.0,0.0,0.5876741689076576,0.5956506459998077,0.5229170145780472,0.0,0.0,0.0,0.5603368952324684,0.0,0.5428918611751434,0.5603006334380528,0.0,0.0,0.0,0.0,0.0,0.0,0.0,0.0,0.5367605518658127,0.0,0.0,0.0,0.0,0.0,0.0,0.0,0.0,0.0,0.0,0.0,0.0,0.0,0.0,0.0,0.0,0.5380369146056739,0.555735650057187,0.0,0.0,0.5582604318237525,0.0,0.0,0.5574505879871762,0.0,0.0,0.0,0.586392254453081,0.0,0.5617383848880482,0.5485526979715615,0.0,0.5812154528600005,0.0,0.5635745375356239,0.0,0.0,0.5576068039478759,0.5792311176393893,0.0,0.5681776707761235,0.5505321939507707,0.5797824232398352,0.0,0.0,0.587733203790198,0.0,0.5556610328321221,0.0,0.0,0.0,0.5395752454028849,0.0,0.0,0.5378125513643981,0.0,0.0,0.5124078371871358,0.0,0.0,0.5668659737668043,0.5647553184364849,0.0,0.5863036278011295,0.5349305362776252,0.0,0.0,0.5477574419016239,0.5591124564627833,0.0,0.5309034100220735,0.0,0.0,0.5968063056963162,0.0,0.0,0.0,0.0,0.5937118360889383,0.0,0.5483406113989613,0.5807101808349903,0.5606402177087908,0.0,0.0,0.0,0.0,0.0,0.0,0.5411106589131077,0.0,0.0,0.0,0.0,0.0,0.0,0.0,0.0,0.0,0.0,0.0,0.5735275437826635,0.0,0.0,0.0,0.5481150919869134,0.0,0.5713002626700537,0.0,0.0,0.5599009053604431,0.0,0.0,0.0,0.0,0.0,0.0,0.0,0.5634047934704196,0.5574739221105673,0.0,0.0,0.0,0.0,0.5958162472943764,0.0,0.0,0.0,0.0,0.5446684218708837,0.0,0.5624532492605766,0.0,0.5845310077016552,0.5687672228726297,0.5289492802566742,0.0,0.0,0.565173067401038,0.0,0.0,0.0,0.6165252932058879,0.5482055856007993,0.5682476945789073,0.5965989359989073,0.5475408166093213,0.5893003546739517,0.0,0.0,0.5702844315243032,0.5647495645025762,0.0,0.0,0.590391419526203,0.0,0.0,0.0,0.5147615299785193,0.0,0.5546266264151861,0.5263646720775098,0.0,0.0,0.0,0.0,0.0,0.5368337996846686,0.0,0.0,0.5457532618654416,0.0,0.49943484552438544,0.0,0.0,0.0,0.0,0.0,0.0,0.0,0.0,0.5380802846438957,0.5220199580262151,0.0,0.0,0.0,0.0,0.5852714806385421,0.5755022045667813,0.5663907718585419,0.0,0.0,0.0,0.0,0.5479996457643198,0.0,0.0,0.0,0.0,0.0,0.0,0.5559251558410659,0.0,0.0,0.0,0.0,0.0,0.0,0.5562354452117128,0.6127192362524893,0.5424593262924058,0.0,0.0,0.0,0.5675020876471961,0.0,0.5786906931169958,0.6036532089624566,0.0,0.0,0.0,0.5687801635715509,0.0,0.5547944965588598,0.5379163687479311,0.0,0.5491601544495621,0.0,0.0,0.5955024959287125,0.0,0.5708083812341636,0.0,0.0,0.555932349268887,0.0,0.5470201263388362,0.0,0.0,0.5330737633313292,0.0,0.0,0.0,0.0,0.0,0.575844093306558,0.5869186798909428,0.0,0.0,0.0,0.0,0.0,0.0,0.602567233693325,0.0,0.0,0.0,0.5581380529057421,0.5507787890967847,0.0,0.5455795638146791,0.0,0.5358018243559266,0.0,0.5500232483228754,0.0,0.0,0.0,0.0,0.0,0.5415404044208671,0.5853033091069002,0.0,0.0,0.5448916751124734,0.0,0.0,0.5551769865927514,0.0,0.0,0.0,0.0,0.5813863288400803,0.5955371253511005,0.0,0.5940324497470294,0.6187226135119848,0.0,0.5689483610147548,0.0
0.503452363304559,0.5016379313398847,0.0,0.0,0.0,0.0,0.5110652308343084,0.0,0.0,0.0,0.0,0.0,0.0,0.0,0.5064780621293143,0.5287382874809854,0.5106109958549376,0.4995346719669785,0.5233216894504946,0.49752619767450906,0.0,0.5038147044547557,0.0,0.0,0.0,0.0,0.5310257574503914,0.0,0.0,0.0,0.0,0.0,0.4993494569872413,0.0,0.517713293503532,0.0,0.0,0.0,0.5149306411444036,0.5241479414250869,0.5292349039326332,0.0,0.0,0.4987179663774819,0.0,0.5167290957687335,0.0,0.0,0.5213087028639053,0.0,0.0,0.0,0.5509562161828987,0.5073406743846873,0.0,0.5230895539699432,0.532963118746729,0.505660329604923,0.0,0.507113521001836,0.4965412151372306,0.0,0.5005656351498725,0.0,0.0,0.518016797132053,0.5396354278553309,0.5111546432140681,0.0,0.0,0.4955091249062245,0.0,0.0,0.0,0.0,0.0,0.5090363955388468,0.0,0.0,0.0,0.0,0.508184349324507,0.5222149191400447,0.0,0.0,0.0,0.0,0.0,0.49755018029577663,0.49971896037830393,0.0,0.5184646062673007,0.4789388587646176,0.0,0.0,0.0,0.5031390122272433,0.0,0.0,0.0,0.5326210943573555,0.5105270732585853,0.0,0.0,0.0,0.0,0.49986717935199254,0.0,0.508263019849519,0.5104693159474216,0.529900857367922,0.0,0.0,0.0,0.5116822423326399,0.5273192183233231,0.0,0.0,0.501070045213567,0.0,0.531300410389852,0.5117089680150623,0.5248311383046151,0.526651469327419,0.0,0.0,0.0,0.4812271304424188,0.0,0.0,0.0,0.0,0.0,0.0,0.0,0.0,0.0,0.0,0.5107697602354812,0.0,0.49790168629403314,0.5146551689681219,0.0,0.0,0.0,0.5051013947481814,0.0,0.0,0.5395135622934467,0.5022665946828754,0.514966233162791,0.0,0.0,0.49603358359950817,0.513609916530988,0.5049172174818031,0.5400257696457029,0.0,0.0,0.5142280966963805,0.5252745075932153,0.0,0.0,0.5481487389586045,0.49130079896941914,0.0,0.527523864865924,0.0,0.49461888976340823,0.5360256912446035,0.0,0.0,0.5236464036924399,0.0,0.5015358553382934,0.0,0.518365159541622,0.0,0.0,0.5422492513880353,0.0,0.5003946523576017,0.0,0.0,0.49176329418299297,0.0,0.0,0.0,0.0,0.0,0.0,0.5055812311652631,0.0,0.5071381733389072,0.4978546994628182,0.0,0.0,0.0,0.5149510476575935,0.0,0.0,0.0,0.5150074434453595,0.0,0.538842329735288,0.0,0.0,0.5157627872137215,0.5157455665800826,0.4947323190883983,0.0,0.0,0.0,0.0,0.0,0.5116484931621175,0.0,0.5026322605448281,0.5013734934129043,0.0,0.4913627739982142,0.0,0.0,0.0,0.0,0.5205482788403812,0.0,0.5013557454055866,0.5061420349524005,0.0,0.0,0.0,0.526587606688385,0.0,0.5137705225677652,0.0,0.5241305240769983,0.4747582872702987,0.0,0.4745457296353993,0.0,0.5000762322163375,0.0,0.5061506883718602,0.0,0.5177239214289548,0.0,0.0,0.0,0.4886107836151028,0.49884281463023716,0.4991765753814237,0.0,0.0,0.0,0.5312763591637574,0.0,0.0,0.0,0.0,0.0,0.5291489476242465,0.0,0.49565972471149317,0.0,0.5385466066275689,0.5007413905999468,0.0,0.5465001289900936,0.4876251453969495,0.0,0.4952207943867591,0.0,0.5123793496738142,0.5254170605285309,0.0,0.5133817712803669,0.0,0.0,0.0,0.0,0.5033219456775035,0.0,0.5139185535084057,0.0,0.0,0.0,0.5179777083480416,0.0,0.0,0.5048232708169483,0.0,0.0,0.0,0.0,0.0,0.5153430054159501,0.0,0.0,0.5130508878806977,0.5284765100968484,0.0,0.0,0.0,0.5236744191028568,0.0,0.5058302768312429,0.0,0.0,0.4750688709506733,0.5136500321288296,0.5270016166949857,0.0,0.0,0.4897379330730294,0.541369043782725,0.0,0.5169089909685052,0.5281082808594624,0.0,0.5337609107237781,0.0,0.0,0.5441532697012164,0.0,0.0,0.0,0.0,0.0,0.0,0.5247559297845407,0.4885345108359938,0.0,0.50436858438378,0.5194987209984417,0.0,0.5188907038786812,0.0,0.5177232082738522,0.0,0.0,0.0,0.5138250975157246,0.0,0.530226772158982,0.0,0.49490863803603613,0.5010768565663339,0.5024577575184871,0.0,0.0,0.0,0.5102941026343154,0.0,0.47950422858310854,0.0,0.0,0.0,0.0,0.0,0.0,0.5335384256786583,0.0,0.0,0.0,0.49942025530213,0.5312541239135135,0.505841935277918,0.5137038536226504,0.5451342394846899,0.0,0.0,0.0,0.0,0.0,0.0,0.506902309548461,0.5051631551172273,0.5044658704908794,0.0,0.0,0.0,0.5184628135724938,0.0,0.5168762982382712,0.5150889109897998,0.5204831907858107,0.0,0.5123432570866024,0.0,0.5008955166243819,0.0,0.0,0.0,0.5156250381383626,0.5040645865571834,0.5171980459922146,0.0,0.0,0.0,0.0,0.5103722971018696,0.0,0.48198347637794947,0.52610459891113,0.0,0.0,0.0,0.0,0.5131821815020925,0.0,0.0,0.0,0.553349869548842,0.5019070388842918,0.0,0.0,0.0,0.0,0.5315746842684747,0.0,0.5248725735559086,0.0,0.0,0.0,0.5380256476663888,0.0,0.0,0.0,0.511502031084846,0.0,0.0,0.0,0.5191922044779627,0.0,0.0,0.0,0.0,0.5081297533584002,0.0,0.0,0.0,0.5090259028756888,0.5229234020608104,0.0,0.0,0.0,0.0,0.0,0.0,0.529393830113934,0.5215384038054232,0.0,0.0,0.0,0.0,0.0,0.4921991136534046,0.0,0.4951965152088145,0.0,0.0,0.0,0.0,0.0,0.0,0.0,0.5400798557830071,0.0,0.5316070103237243,0.0,0.0,0.0,0.5419855645059137,0.0,0.0,0.0,0.0,0.5259120340148863,0.0,0.5184621779553493,0.0,0.0,0.517727686388757,0.0,0.0,0.0,0.0,0.5158118735168048,0.0,0.0,0.5193256526790682,0.5136516197572112,0.0,0.516422764057433,0.0,0.49416674317374315,0.0,0.505935385240977,0.5090309344686197,0.5150965334384852,0.0,0.0,0.0,0.0,0.5008507071582247,0.49436511961369367,0.0,0.554059224392282,0.0,0.0,0.0,0.0,0.0,0.0,0.0,0.0,0.0,0.5318810843319702,0.5261780305859257,0.0,0.5377756741575662,0.0,0.5281305184791638,0.0,0.5223261370266791,0.0,0.0,0.4919141206503748,0.0,0.0,0.0,0.5029436235449546,0.5251895260444642,0.0,0.0,0.0,0.0,0.5282298671059035,0.0,0.0,0.0,0.4919541570203385,0.524970796174133,0.5265331900256027,0.0,0.0,0.0,0.0,0.0,0.0,0.0,0.0,0.0,0.0,0.0,0.0,0.49606592182821907,0.0,0.0,0.525991521330132,0.0,0.0,0.5145605534442002,0.5097702600739207,0.0,0.0,0.0,0.0,0.501253763163423,0.0,0.0,0.47557785529437113,0.0,0.0,0.0,0.0,0.0,0.0,0.547688995768431,0.0,0.0,0.5041978538200614,0.0,0.48243720599141776,0.5535450426974229,0.5121833680073191,0.5286466270411257,0.0,0.0,0.0,0.0,0.0,0.49781636907599797,0.0,0.0,0.0,0.4970120215299296,0.0,0.502505454064653,0.5277911098501287,0.0,0.511754589507347,0.0,0.0,0.0,0.0,0.0,0.0,0.48842004968022534,0.0,0.0,0.0,0.0,0.0,0.0,0.0,0.0,0.4987610454851521,0.0,0.0,0.0,0.0,0.5581048660406969,0.0,0.5224838605764242,0.0,0.0,0.0,0.0,0.0,0.0,0.0,0.0,0.0,0.0,0.0,0.4963978887067471,0.0,0.5262431785076979,0.0,0.48086238807739473,0.0,0.0,0.5015944489564648,0.0,0.0,0.0,0.5220654547617847,0.0,0.5251899795067976,0.0,0.0,0.0,0.5224243678224852,0.0,0.0,0.5420136151863304,0.49172530797103065,0.49107831248841166,0.5174572843263336,0.0,0.0,0.0,0.0,0.507385407166746,0.52627247870774,0.0,0.0,0.0,0.502989479642667,0.0,0.0,0.5164495809303509,0.5108864025610221,0.0,0.0,0.0,0.5130328701326209,0.5039995617768581,0.5046692302724779,0.5317448733099942,0.0,0.0,0.0,0.48122960379507357,0.5403728665379935,0.516042053000769,0.5050261346145976,0.5503729213200976,0.0,0.5153997484523297,0.504130439198027,0.5361581280287646,0.0,0.5237352873679154,0.0,0.5020876123969001,0.0,0.0,0.5418989339493643,0.0,0.0,0.5144539023459673,0.48924247123404313,0.0,0.0,0.5076883500896978,0.5219946846604787,0.5250421519261994,0.5152802572958384,0.5112642758595162,0.0,0.0,0.4980556659371575,0.4853303683769904,0.0,0.0,0.5232348868593939,0.0,0.0,0.5112379485546822,0.5041246077522497,0.0,0.0,0.0,0.507538175280148,0.5239821416020543,0.0,0.0,0.0,0.5015258708410542,0.0,0.0,0.5007738054593527,0.0,0.0,0.5184403854858969,0.4964859447019936,0.0,0.0,0.5131162553989609,0.0,0.5087672707344012,0.47350440344343653,0.49371608914778786,0.5347141216870296,0.49843366701943476,0.0,0.0,0.0,0.5014160075240767,0.0,0.0,0.0,0.0,0.0,0.0,0.0,0.0,0.0,0.0,0.0,0.0,0.5220068996768485,0.0,0.5601767987530232,0.0,0.0,0.0,0.0,0.0,0.49853206541498407,0.5295497955093045,0.0,0.0,0.5124767622622758,0.0,0.5251381920478101,0.0,0.52485883921677,0.5286620294225715,0.0,0.5106837820454408,0.0,0.0,0.5187978573914489,0.0,0.0,0.0,0.5146043634789976,0.5101725742478527,0.0,0.5180233434919536,0.0,0.519167132090423,0.0,0.5301097540063165,0.0,0.0,0.0,0.0,0.0,0.5026084808166587,0.0,0.0,0.5232663144845286,0.0,0.0,0.0,0.5332212090222153,0.0,0.48935492503110717,0.4945541320152115,0.0,0.0,0.5226790637645776,0.48385722314968754,0.4797111500481064,0.0,0.0,0.0,0.5329632617320388,0.0,0.0,0.0,0.0,0.0,0.0,0.0,0.0,0.5349145516997375,0.0,0.5088697192538411,0.4875307766182472,0.0,0.53604076526004,0.0,0.0,0.0,0.48132416506150033,0.49862690020166384,0.0,0.0,0.0,0.0,0.5046464812343527,0.5139164448457664,0.0,0.5223082927794633,0.0,0.5153025737572378,0.0,0.0,0.5016609580710183,0.5077608630853911,0.0,0.0,0.0,0.0,0.0,0.0,0.5131639409574498,0.0,0.0,0.49345387394601387,0.0,0.0,0.5309915049988653,0.0,0.0,0.0,0.0,0.520761302633208,0.0,0.0,0.5145972601081195,0.0,0.0,0.5515304187973581,0.4948655553119531,0.5166834893385729,0.0,0.5356010071513223,0.5233391800930675,0.48987869532683365,0.5014817425272369,0.0,0.0,0.0,0.0,0.0,0.538527453084608,0.525765836544461,0.4948903226023717,0.0,0.0,0.5132271378724116,0.5082106347002264,0.0,0.0,0.0,0.0,0.5249073977221703,0.0,0.0,0.0,0.0,0.0,0.0,0.4844785513732861,0.5231310746287146,0.0,0.0,0.0,0.49999515339470546,0.5004664590309529,0.5086794682492198,0.5112727191799904,0.0,0.5377730763807049,0.0,0.5319610083743416,0.501329101811592,0.0,0.0,0.0,0.0,0.4929822052242483,0.492304752718171,0.0,0.0,0.500058184612639,0.0,0.523900630014481,0.0,0.5129407622980359,0.0,0.0,0.49755183885112164,0.0,0.5328080740939485,0.0,0.0,0.0,0.0,0.0,0.0,0.0,0.5488912467550664,0.0,0.0,0.0,0.0,0.0,0.49237110981223703,0.0,0.0,0.0,0.5325773965059166,0.0,0.0,0.0,0.5173915717144899,0.0,0.0,0.0,0.4928549136070449,0.5129509733356641,0.5231929158097298,0.4926519482587073,0.0,0.0,0.5073571280295732,0.5156837020111207,0.0,0.0,0.0,0.5015616026628128,0.0,0.5268147551014749,0.5196961168018827,0.0,0.0,0.5095945091048065,0.526712829271194,0.0,0.5307565185543216,0.0,0.5352739712405492,0.0,0.5028302070642097,0.4760683993843075,0.0,0.0,0.5059747299435484,0.0,0.0,0.5025440357429347,0.5163827321545329
0.0,0.0,0.0,0.0,0.024261935527017286,0.0,0.0,0.0,0.046023502971455965,0.0,0.0,0.0,0.0,0.09666603541450479,0.14205000039098753,0.0,0.0,0.0,0.0699702267629313,0.10276944750870058,0.07657423985639954,0.0,0.11302614505620263,0.0,0.0396948866466629,0.0,0.0,0.0,0.0,0.0,0.1036232638972266,0.0,0.07042158667396176,0.06408921377274665,0.0946385194988295,0.0,0.06424628324846601,0.07369077608529712,0.10713710493947759,0.0,0.07515995779554796,0.0,0.0,0.0,0.0,0.0,0.0,0.0,0.10802262014711711,0.06266917119681893,0.05516544612391214,0.042271672853874315,0.08189210092466942,0.12574120942576947,0.0,0.0,0.0,0.0,0.09420059480658004,0.0,0.04529424310452501,0.0,0.06951924089289595,0.08734552077285498,0.055141369192588906,0.08314001967317373,0.08347437227906583,0.0,0.0,0.0,0.11291622782294948,0.0,0.07298335858371591,0.0,0.0,0.0,0.0,0.0,0.0,0.0,0.0,0.088374280366623,0.0,0.10499171919547615,0.0,0.08863492014178682,0.0,0.08523946043364188,0.09982956516887687,0.11445490552311892,0.08608790720848679,0.05552006037521374,0.03399045931234479,0.03873893328872145,0.0,0.0,0.0,0.06858897226800867,0.0,0.060262795379995814,0.0,0.0,0.06455048258186342,0.0,0.0,0.0,0.0,0.0,0.0,0.0,0.09364375693768542,0.0,0.09857887222013845,0.0,0.0,0.0,0.0,0.0,0.0,0.0,0.12137807635047544,0.10553485429096855,0.0,0.09318555704869935,0.0,0.0,0.041034759706729214,0.08808486917988839,0.08204794947906599,0.0,0.06952394471199057,0.05335636221984185,0.0,0.0,0.0,0.0,0.1023424668863388,0.0,0.09047579378717728,0.0,0.0,0.09505121679298617,0.0,0.0,0.0,0.0,0.0,0.0,0.06703041900328895,0.027908563504382297,0.10008388115739128,0.0,0.0,0.0,0.06713745153317295,0.09563175319059834,0.0,0.0,0.08845390434054211,0.055563639656543436,0.0,0.0,0.0,0.04216384820473093,0.0,0.0,0.09330341175288251,0.0,0.0,0.0,0.06246769322420057,0.0,0.0,0.0,0.0807810396955617,0.0,0.04901018445796293,0.0,0.0,0.0,0.0,0.0,0.0,0.0,0.03979749238511533,0.022271601464538767,0.04937569437446777,0.0,0.0,0.08726529344324756,0.0,0.0,0.0,0.0,0.0,0.0,0.0,0.0,0.04783787048202061,0.08262535262630012,0.0,0.0,0.05598372926836418,0.0,0.10288260510276319,0.0,0.0,0.08033385653769015,0.0,0.0,0.0,0.06479738128881958,0.0,0.07257557217171058,0.0,0.0,0.0,0.06606101943666104,0.0,0.0,0.0,0.0,0.0,0.0,0.0,0.0679016627513998,0.0,0.023103789263343173,0.0,0.0,0.09783732800258942,0.061864103327785934,0.0,0.0729769092191584,0.1050352510273229,0.09554748178819111,0.06880531677703976,0.0,0.08866979186809809,0.0,0.06519379987123576,0.0,0.06588907510320197,0.07202210887426658,0.0,0.0,0.0,0.08666054927972566,0.0,0.05286848953212677,0.0,0.0,0.06677339627711426,0.0,0.0,0.11818033694801765,0.030722224518412,0.0,0.03240891996081273,0.0,0.0,0.0,0.0,0.06591125565775807,0.0,0.0,0.0442157077249201,0.1076897765986836,0.0,0.0,0.0,0.11038932843106619,0.0,0.09233922595105079,0.1064882984506934,0.0560509352025781,0.0,0.0,0.0,0.0,0.0,0.0,0.0838312307999133,0.07001477995967385,0.08251407213988099,0.054509031628210254,0.0,0.1259782056367629,0.0,0.0,0.0,0.0,0.05238225291995147,0.0,0.0335811793887782,0.07882318040014098,0.0,0.0,0.0,0.0,0.0891345156401091,0.028656582724498107,0.0,0.0,0.0,0.0,0.0,0.0,0.0,0.0,0.05279615594397527,0.06989544619683628,0.0,0.0,0.0,0.07218719119736391,0.07411439579470648,0.06548990563097737,0.0,0.0,0.08728767473646054,0.037759615469971516,0.05722868076717402,0.0,0.0,0.057150694894919044,0.0,0.0,0.01770937615370683,0.0,0.054988192427593396,0.0,0.0,0.0,0.0,0.0,0.0,0.0,0.0,0.0,0.0,0.07362950061937401,0.0,0.0,0.0,0.03211583798515373,0.03195470509129574,0.0,0.0,0.0,0.0,0.0,0.0,0.0,0.0,0.0,0.09107183519228072,0.12190766397094242,0.0,0.0,0.0,0.06657140098650043,0.0,0.0,0.0,0.05044303066124803,0.10298481935745052,0.0424284837611587,0.0,0.0711564586296848,0.08329343708180775,0.07652419103312717,0.0,0.0,0.07978750763612287,0.0,0.0,0.08191926493686058,0.05796768935604787,0.0,0.0778846239301831,0.0,0.03224871942193541,0.0,0.0,0.0,0.0,0.0,0.0,0.0937932791421259,0.0483932749268908,0.0,0.0,0.029125126406627247,0.0,0.08965845466539162,0.0,0.0,0.0,0.01466692976864908,0.0,0.0,0.10055398675549836,0.10824983239892479,0.0,0.07904200224715553,0.0,0.0,0.0,0.0,0.05850743825157887,0.07871121253734989,0.0,0.05746666427394139,0.0,0.0,0.0,0.0,0.10106778142015552,0.0,0.0,0.0,0.030476850462339604,0.07114441275534421,0.0,0.0,0.03870190500806352,0.028175484531423326,0.0,0.0,0.053067976546281634,0.0,0.0,0.0,0.0,0.0,0.0,0.04327873187330412,0.0,0.0,0.0,0.05032369678039733,0.0,0.0,0.0,0.0,0.0,0.06926376413399703,0.09501273844623326,0.0,0.0,0.0,0.0,0.0,0.0,0.13491907286246235,0.0,0.0,0.0,0.1015105619662005,0.0,0.0,0.08965058809860986,0.07351962248429185,0.13559356814857682,0.0,0.0,0.0,0.06046702368309462,0.0,0.0,0.0,0.0,0.05593962277146259,0.0,0.03677299621105422,0.0,0.0,0.0,0.0,0.0,0.0,0.0,0.0,0.0,0.0,0.0,0.0,0.0,0.052850151584931296,0.0,0.05145500178597607,0.0,0.0,0.0,0.0,0.0,0.0,0.08560679297343264,0.07812252308370211,0.0,0.07736296769713151,0.0,0.0,0.0,0.0,0.07998247031267877,0.0649199608675785,0.10755085917009512,0.0,0.08132755918950563,0.0,0.04811281915463199,0.0,0.0009223775282274638,0.055801935041636185,0.0,0.0,0.0,0.06656889469379434,0.0,0.10523817755006977,0.0,0.08850437673173975,0.0,0.05802586932254514,0.0,0.0,0.09270423404998451,0.0,0.0,0.0,0.07102572737615291,0.0,0.09630285023128853,0.0,0.0,0.0,0.0,0.04639956273166428,0.0,0.0,0.06815318558843497,0.06765579424009462,0.0,0.0,0.0,0.0,0.0,0.0,0.0,0.0,0.0,0.0,0.052291738857327734,0.0,0.0,0.08069873880355763,0.051322806586760056,0.0,0.0643643449764384,0.04271941413585045,0.08045982574465144,0.0,0.05795666347917486,0.08109384601087245,0.04378724725838143,0.05882012703755588,0.0,0.0,0.0,0.0964346158624655,0.0,0.08817663538493864,0.08769457949956977,0.0,0.0,0.06996636574864681,0.0,0.07808647161979347,0.0,0.0,0.07372615270200016,0.0,0.0,0.0,0.0,0.07297869621288468,0.0,0.09744197391257259,0.0,0.04689306347759659,0.07933454676582984,0.029911311912927806,0.0792564643557496,0.06825806883806612,0.0,0.07440598329882785,0.0,0.1136042041868336,0.0,0.0,0.0,0.10033889431148085,0.0,0.07183567132647975,0.041974943226667824,0.0,0.019234800401195642,0.0,0.0,0.06244401171703944,0.0,0.0,0.0920908546621647,0.0,0.0,0.0,0.09308025588541757,0.0,0.0,0.0,0.0,0.074350991158524,0.0,0.08686951905160362,0.0,0.0,0.0,0.0,0.06843432129676995,0.0,0.0,0.028772393321904646,0.0,0.0,0.0,0.13215092779502025,0.0,0.049322115613693006,0.0,0.0,0.09721962228730113,0.06259101239567678,0.0,0.05415791228965146,0.0,0.034399784084881604,0.0,0.0,0.0,0.0,0.0,0.0,0.0912053504364796,0.0,0.0,0.06817570455657622,0.0,0.09147814743588384,0.05827483616236635,0.0,0.05134978739669495,0.0,0.05290068469764008,0.0,0.08061143201683861,0.0,0.11431040125267192,0.0,0.05262120789822783,0.0,0.0,0.11981663368597868,0.0,0.0,0.0,0.09081763739901183,0.0,0.0,0.0,0.0,0.0,0.0,0.0,0.0,0.13239274838113335,0.0,0.08413934913656265,0.0,0.0,0.02588533134822498,0.0,0.0,0.0,0.10725119088839487,0.0,0.0,0.1093338512301226,0.0,0.12096729870459591,0.05430747613226017,0.07769571648305457,0.0969719649135458,0.12051293395614168,0.08497426849530532,0.0,0.06649793278700933,0.06063090154263363,0.0875083041308374,0.05570824547260882,0.0,0.0,0.0,0.08005343289954747,0.0,0.0,0.0,0.0,0.0,0.0494850794578034,0.0,0.0,0.0,0.0,0.0,0.0,0.07558925358742612,0.0,0.040871842096081905,0.13239906773073362,0.0,0.0,0.0,0.0,0.08283670486261492,0.0,0.11222623843572326,0.0,0.0,0.07938803711263548,0.0,0.061216269897952,0.020527016361154317,0.07103286821864846,0.11214180981319172,0.0,0.0,0.11677407777201682,0.055785383263496566,0.04491469251353254,0.0,0.08864896542932613,0.0,0.034512885123162126,0.08560077393365143,0.0,0.10912528297032505,0.0,0.0,0.0,0.0,0.0,0.0,0.0,0.14564891506485178,0.0,0.0,0.06230147485130723,0.0724266403327768,0.0,0.0,0.0,0.08345492728273632,0.0,0.099074950258697,0.057804757780324505,0.08547793200288026,0.0,0.0,0.0,0.06587732846656753,0.0,0.0737132996979944,0.0,0.0,0.09631583767584109,0.038776199985669724,0.08025978552916185,0.0,0.036278055931400335,0.0,0.09506408024725596,0.04910429545646046,0.0,0.0,0.0,0.0,0.0,0.0,0.0,0.0,0.08032391429675077,0.09727267063233629,0.0,0.0,0.0,0.0,0.0,0.0,0.0,0.05943633041243884,0.0,0.0,0.0,0.0,0.10589312064293196,0.0,0.0,0.0,0.0,0.05408196503290934,0.0,0.0,0.0,0.0,0.03973589119537098,0.0,0.0,0.055081039253254346,0.0,0.0,0.0,0.0,0.0,0.0,0.0622065759590236,0.0,0.04335059956422336,0.08626097732375473,0.0,0.0,0.0,0.0,0.09412088090623046,0.0836145920264915,0.0,0.03383679115587261,0.0,0.07111010830131691,0.0,0.08396264764641694,0.0,0.043087283538358515,0.0,0.10353259440658401,0.056074767573130256,0.04432816074972611,0.0,0.0,0.0,0.0,0.09543673147193935,0.0,0.0,0.0815190890147203,0.054763521250809924,0.10745721419499867,0.0,0.0,0.12021022101619175,0.0,0.08753665926605529,0.08757739310438625,0.04384998747998125,0.0,0.047611884418431755,0.08728945591365556,0.0,0.0,0.10076457549341271,0.036876377119550885,0.08036852097095848,0.06430777523352305,0.0970621377020033,0.0635562432804923,0.0846856409976775,0.03182827101212245,0.0,0.0,0.0,0.1007870513581414,0.09011046673769103,0.0,0.0,0.0,0.0,0.021063408176079206,0.10817582229666692,0.0,0.07070782068281982,0.0,0.07386771360205412,0.07565099882425405,0.03955990356799979,0.0,0.0,0.0,0.0,0.0,0.06165443930632101,0.0,0.0,0.0,0.0,0.0,0.07679424178461992,0.05701205155200933,0.10155790582590128,0.08123226896018833,0.0,0.0,0.0712093949941486,0.059861146827212774,0.0,0.0,0.0,0.0,0.0,0.0,0.0,0.0,0.0,0.06895625885592672,0.0,0.0,0.0,0.0,0.06499037860708277,0.04192112740373248,0.0,0.12817430251410258,0.1457318105391581,0.07601892987556959,0.0,0.0,0.0,0.0,0.0839658393711023,0.0730953949960725,0.06693246629437327,0.050128188626065245,0.0,0.0,0.0,0.0,0.0,0.0,0.0,0.0,0.0,0.0,0.07376810451184855,0.02434145794313279,0.0,0.0946819745920884,0.0,0.10260594684099421,0.13254397649508232,0.11178966859798693,0.028618354163386536,0.0,0.0,0.0,0.044867693931753626,0.0,0.056581654193119564,0.0,0.0,0.0,0.08409557257009886,0.1080453482997797,0.0,0.0,0.0,0.0,0.0,0.0,0.0,0.0,0.0,0.0,0.0,0.0,0.0,0.0,0.04958627583745631,0.0,0.0,0.04122333236705282
0.0,0.0,0.0,0.0,0.5150249047156295,0.0,0.0,0.0,0.0,0.5507098927693304,0.4921146329742635,0.0,0.0,0.5111206725729353,0.4956765634981096,0.5179703503103833,0.5356496104579014,0.0,0.5200236513369303,0.5257310978881253,0.5060474500496535,0.5210591190791563,0.5398440400283753,0.0,0.5184818885126518,0.0,0.0,0.5197849922823374,0.5160590489108561,0.0,0.530479475498168,0.0,0.5035192878218486,0.0,0.0,0.0,0.5095033762008756,0.0,0.544430308236673,0.5548933601894794,0.5130959582941341,0.0,0.0,0.0,0.0,0.0,0.0,0.5301983828040346,0.5367567017082404,0.5586354921830101,0.0,0.5150886645177561,0.5545978910508009,0.4871509100937582,0.0,0.0,0.0,0.0,0.5320414135992634,0.0,0.5112466007444441,0.0,0.0,0.5374597980110214,0.0,0.0,0.0,0.5327945487382896,0.0,0.5338577587973322,0.0,0.0,0.5608114794814623,0.0,0.0,0.0,0.0,0.5229601993879399,0.0,0.0,0.0,0.5345943330342876,0.5193660223029628,0.0,0.0,0.0,0.0,0.0,0.5029942421514405,0.0,0.5162963249344135,0.0,0.0,0.0,0.0,0.0,0.0,0.5386456485080292,0.0,0.4931390718606936,0.0,0.5137080809521241,0.541860515144684,0.0,0.0,0.5262472679742384,0.528444540892175,0.0,0.5153919691702569,0.0,0.0,0.0,0.0,0.0,0.5314973362422136,0.5404752360666982,0.5092463236262689,0.0,0.0,0.0,0.5238973834050211,0.5097379031818976,0.0,0.0,0.0,0.0,0.0,0.0,0.0,0.0,0.0,0.0,0.0,0.0,0.0,0.5141592362982335,0.0,0.0,0.0,0.0,0.0,0.0,0.0,0.0,0.0,0.0,0.0,0.0,0.0,0.0,0.0,0.0,0.0,0.49953135092011647,0.0,0.0,0.0,0.0,0.5028129801874242,0.500424998885229,0.0,0.0,0.0,0.5315199538642545,0.0,0.0,0.5396444273752327,0.0,0.5479813904716822,0.0,0.0,0.0,0.5155483497042327,0.0,0.528266480027858,0.0,0.5135206774631826,0.5567461785197061,0.5128748273903857,0.0,0.0,0.0,0.0,0.0,0.49727887879303356,0.0,0.0,0.0,0.0,0.0,0.5099289750595875,0.0,0.5460697623396308,0.0,0.0,0.0,0.0,0.524299452057802,0.5255037931060655,0.0,0.0,0.0,0.0,0.0,0.0,0.0,0.5185833984896489,0.0,0.5157948033625507,0.5276742831823708,0.0,0.0,0.0,0.0,0.0,0.0,0.0,0.0,0.0,0.0,0.5290900602415022,0.0,0.0,0.0,0.0,0.0,0.557249823008778,0.5438036706247629,0.513426567735638,0.0,0.5375327025814461,0.0,0.0,0.5413699412860712,0.0,0.0,0.5213386285506143,0.5163034885418415,0.5060136399116397,0.5295081482969131,0.0,0.5447885547835188,0.0,0.5302874151837249,0.0,0.0,0.0,0.0,0.0,0.5363628919991051,0.0,0.0,0.0,0.0,0.0,0.5277310645182914,0.0,0.0,0.0,0.49877910682466226,0.5379833943244852,0.0,0.0,0.0,0.502460627363946,0.5544410953650943,0.0,0.0,0.5114205670985807,0.5271315123430943,0.0,0.0,0.0,0.5179027576176135,0.5108869286067157,0.0,0.0,0.533221143353278,0.0,0.0,0.5447588831099536,0.517710878698586,0.5028440923921363,0.0,0.5191440818917527,0.5500008340763456,0.0,0.47893637536116157,0.0,0.0,0.0,0.5237958171709455,0.5319497982686634,0.0,0.0,0.0,0.0,0.0,0.0,0.0,0.5408474554044523,0.0,0.0,0.0,0.5245240129063437,0.0,0.5444452566303499,0.0,0.0,0.5104692126059285,0.0,0.5542550325035502,0.5158253010335457,0.0,0.0,0.5258594676754655,0.5125332374988368,0.5049416757750201,0.5178926935406759,0.0,0.5055268583951763,0.5280810946033822,0.0,0.5332629173821903,0.0,0.510943792806208,0.0,0.0,0.0,0.5273580727995202,0.0,0.0,0.5156372927131662,0.5392884607018252,0.0,0.0,0.5264349121030227,0.0,0.5395144135283313,0.0,0.0,0.5626185586396176,0.0,0.0,0.5196264292055035,0.0,0.0,0.0,0.0,0.4784563271992423,0.0,0.0,0.0,0.0,0.0,0.0,0.5181881217649529,0.5478982038716069,0.0,0.0,0.0,0.5429248352550943,0.0,0.0,0.0,0.5120626767155961,0.5346495909479356,0.0,0.5337479692139058,0.0,0.5321334129488853,0.5411060339064794,0.0,0.5127324154362831,0.0,0.0,0.5221791610642598,0.0,0.0,0.0,0.5286902060304584,0.0,0.5323347236559623,0.5069880933693205,0.5654337550424088,0.0,0.5285788268588316,0.0,0.0,0.49566139984381785,0.5155895095582451,0.0,0.0,0.0,0.0,0.540931387411128,0.5407918972888968,0.5459110072756448,0.0,0.5245213920739212,0.5372323301143516,0.0,0.5455879200377054,0.0,0.5405235973118647,0.0,0.0,0.0,0.5333110285263348,0.0,0.0,0.0,0.49337592988431284,0.518191840887116,0.0,0.0,0.0,0.0,0.0,0.565589381158447,0.0,0.0,0.0,0.5032054724728906,0.0,0.5473664358959446,0.5334600310997641,0.5333177766381575,0.0,0.5258514006126659,0.0,0.0,0.5220240603035756,0.556985509840221,0.0,0.5193010957115628,0.0,0.5677462135222893,0.5195907686284655,0.0,0.0,0.0,0.533685242520017,0.0,0.5298124149210426,0.0,0.0,0.5416313767758671,0.5367041395203556,0.0,0.0,0.5259613988245365,0.0,0.0,0.0,0.0,0.5631341849104508,0.0,0.0,0.0,0.0,0.5365223064409649,0.0,0.0,0.5354619389356378,0.0,0.4958357455719893,0.49337666924094187,0.0,0.5263928669521101,0.0,0.5375380664989622,0.0,0.0,0.0,0.5138372726712744,0.5175662081701019,0.49841124939028947,0.0,0.5273307444944947,0.514153023367336,0.0,0.0,0.550211254441172,0.5268688477526088,0.0,0.0,0.0,0.0,0.0,0.5167283605827245,0.5297500676791379,0.5144415144274571,0.5528341202305137,0.5102387060512972,0.0,0.0,0.0,0.0,0.0,0.0,0.5392476464265809,0.5142962208592651,0.5368367369801291,0.0,0.0,0.0,0.5480103992113875,0.5673027251396618,0.5323429243035058,0.5373914236262388,0.5297737181907901,0.0,0.0,0.0,0.0,0.0,0.0,0.0,0.0,0.0,0.0,0.0,0.5701147266988765,0.5456507100653609,0.0,0.0,0.0,0.5165781994196246,0.4964731063836183,0.5229037225340472,0.5236163269012015,0.0,0.5177297438894912,0.0,0.5205153380213156,0.0,0.0,0.0,0.0,0.0,0.0,0.5423077257008083,0.0,0.0,0.0,0.0,0.5058654196172824,0.5259682177204604,0.0,0.5143751463092332,0.5347176865195471,0.524645983173836,0.5109004757660307,0.0,0.5102214983022753,0.0,0.511743150260699,0.0,0.5263194857702178,0.0,0.0,0.0,0.0,0.5192362302710499,0.0,0.0,0.5526875242200412,0.5173284240916188,0.0,0.0,0.0,0.0,0.0,0.5188866503294233,0.0,0.5179907218461073,0.5161274178048812,0.0,0.5366062422245774,0.0,0.0,0.0,0.0,0.0,0.0,0.0,0.5360713129438411,0.0,0.0,0.0,0.0,0.0,0.5265877961579859,0.0,0.0,0.5305957980616471,0.5207152930261958,0.0,0.5496429495382508,0.5388081984170943,0.0,0.0,0.5206613633698834,0.5552172631635608,0.0,0.5384765193968273,0.0,0.0,0.0,0.5538470313616269,0.5164707511378429,0.0,0.0,0.5193407653622015,0.5243163031571404,0.5154419201013174,0.0,0.5382448943475346,0.0,0.0,0.0,0.0,0.0,0.0,0.0,0.5265819652249119,0.0,0.5087309772439544,0.0,0.5316255033483052,0.503452844795982,0.5561631047164949,0.0,0.0,0.0,0.5210955416037014,0.5367692717703978,0.4910051151299765,0.0,0.0,0.5175668883489593,0.0,0.0,0.0,0.0,0.0,0.0,0.0,0.0,0.0,0.5172429079052864,0.0,0.5191666693787087,0.0,0.0,0.0,0.5398651245396998,0.0,0.0,0.5195700930528478,0.0,0.5237190239977493,0.5325310703737087,0.0,0.5384386624880826,0.0,0.0,0.488253590433003,0.0,0.5435955181767583,0.0,0.0,0.0,0.0,0.0,0.5217614534779776,0.5513732806604811,0.5096253515303681,0.5048258486289927,0.0,0.5517389379520387,0.0,0.0,0.0,0.5225747156385707,0.5097382405995555,0.5358872379897616,0.5408026832853475,0.0,0.49116078801163576,0.0,0.544256536634846,0.5306123154248004,0.0,0.5179578881961876,0.0,0.5168643805981553,0.0,0.5453415486947838,0.5257988934376557,0.5394989803078328,0.0,0.5351294679651354,0.0,0.5285810886354556,0.0,0.0,0.0,0.5295267218431583,0.5330053963418689,0.0,0.0,0.0,0.4877085558330318,0.0,0.0,0.5194968546569506,0.5242590611510735,0.0,0.0,0.0,0.0,0.0,0.0,0.0,0.0,0.5256048601212644,0.0,0.0,0.0,0.0,0.0,0.0,0.5246596454607688,0.5148746591032476,0.5173796370662365,0.0,0.0,0.49283563670142844,0.5714665317139301,0.504422925984858,0.5436563088715786,0.0,0.0,0.0,0.0,0.4992176002762871,0.0,0.0,0.0,0.0,0.0,0.0,0.0,0.5112697148041576,0.0,0.517709334019151,0.0,0.0,0.0,0.540329535486129,0.0,0.0,0.0,0.5018652001109852,0.0,0.0,0.0,0.5112525379614469,0.0,0.0,0.0,0.5322075509310962,0.0,0.0,0.0,0.5233530012651081,0.0,0.0,0.0,0.0,0.5435405878826037,0.5383707550148337,0.0,0.0,0.0,0.0,0.0,0.0,0.0,0.0,0.0,0.0,0.5503778872061987,0.5143743680346633,0.0,0.5368580067095535,0.0,0.0,0.0,0.0,0.0,0.5304212805092426,0.0,0.5401182315109982,0.0,0.0,0.0,0.5188156845219715,0.49894816827351784,0.0,0.5264209977926004,0.0,0.0,0.5480966825768122,0.5047295365370054,0.4924548100710114,0.0,0.0,0.0,0.0,0.5282719961819613,0.5271096132394878,0.5040429205448184,0.0,0.5160349221030412,0.0,0.0,0.0,0.0,0.0,0.0,0.5212442455171403,0.0,0.0,0.0,0.0,0.0,0.5412780403105646,0.5349769632052228,0.0,0.0,0.0,0.532693616307436,0.0,0.544941324068794,0.0,0.0,0.0,0.0,0.0,0.5368317401462355,0.5507578658025301,0.0,0.5396765220467016,0.5408749668836941,0.0,0.0,0.0,0.0,0.0,0.0,0.0,0.0,0.5512550503331843,0.5234614323395173,0.0,0.5421838287346612,0.0,0.0,0.0,0.0,0.5365134616272406,0.0,0.0,0.0,0.0,0.0,0.0,0.5326127690365414,0.0,0.0,0.0,0.5048022264405508,0.0,0.4821285342958849,0.0,0.0,0.5369946538982604,0.0,0.5398270378403889,0.5436459806973211,0.0,0.5364905886312417,0.49671219989698384,0.0,0.0,0.0,0.0,0.5259975590247318,0.0,0.5385678064934344,0.5169011524205259,0.0,0.0,0.0,0.5188970999458541,0.5222909738642469,0.0,0.0,0.0,0.0,0.0,0.0,0.5005714756620064,0.5050752344532672,0.5077491248102594,0.5201525534484388,0.0,0.505335210723483,0.0,0.0,0.5071610350107991,0.5380315760452036,0.0,0.5474620214128993,0.5264472473042345,0.0,0.547171125196533,0.0,0.0,0.0,0.0,0.5180369771342112,0.0,0.4969255895620453,0.0,0.5392355822756446,0.514652668381204,0.0,0.536516706122108,0.5065765809796895,0.0,0.5352630007723455,0.0,0.5203261940267275,0.503423477630848,0.0,0.5583227590689483,0.0,0.5098652676960271,0.0,0.0,0.0,0.5229220920439158,0.5357033506986174,0.0,0.0,0.5233472467029503,0.0,0.0,0.0,0.0,0.0,0.0,0.5138485871238256,0.0,0.5456422600416204,0.0,0.0,0.0,0.5084014966147146,0.547418587184501,0.5487207235072364,0.0,0.0,0.5329893399563602,0.0,0.5033412032641278,0.0,0.5199165387991821,0.0,0.0,0.5511890588980889,0.0,0.5351476338832847,0.0,0.515844090766369,0.5183106248068413,0.0,0.5369301691306012,0.5340526024637421,0.5404906950705247,0.0,0.5407841751022259,0.5058286987367213,0.0,0.0,0.0
0.0,0.18368217313452756,0.0,0.0,0.0,0.0,0.0,0.0,0.1938789939079528,0.0,0.0,0.0,0.1918592518567506,0.21040423082945203,0.21015839546860193,0.0,0.0,0.1731912375609405,0.0,0.18688405091180016,0.20879049767890523,0.0,0.0,0.0,0.18959337351619995,0.16483305844442972,0.20908046358717028,0.0,0.0,0.0,0.19592989006696754,0.0,0.0,0.0,0.0,0.0,0.0,0.18963049939433793,0.21633626635918074,0.1735213591455865,0.0,0.0,0.0,0.1852175600195624,0.19406963169109984,0.0,0.19074139109312238,0.20799414707533356,0.2069777351102322,0.0,0.0,0.0,0.19776015292261057,0.0,0.1950049840354598,0.0,0.0,0.0,0.0,0.19201471066483264,0.0,0.0,0.22061738359147373,0.0,0.0,0.22501493314735174,0.2100099648321669,0.0,0.0,0.19889289627762521,0.0,0.0,0.0,0.0,0.0,0.0,0.0,0.0,0.0,0.0,0.20023416150612003,0.0,0.21755179232587052,0.24239881143673303,0.0,0.0,0.1878380528146612,0.0,0.23909929914916045,0.18420726084113134,0.19799620978851404,0.16634115466566327,0.2011508408498169,0.0,0.0,0.0,0.0,0.22308729869251762,0.0,0.17839559843361602,0.18550632111840437,0.22194443361703392,0.1960721452481152,0.0,0.19306335429336324,0.0,0.1669163909589462,0.0,0.0,0.0,0.19349252938661352,0.19861388927842957,0.0,0.0,0.21649827289367332,0.0,0.0,0.0,0.17324287908577318,0.0,0.19642895036568667,0.0,0.1831227615570339,0.17906591362357205,0.0,0.19305675754448556,0.0,0.0,0.0,0.0,0.0,0.2055256128801632,0.0,0.2277614484699011,0.0,0.21214437952037632,0.0,0.0,0.0,0.0,0.0,0.2288391517196268,0.23382522954765494,0.0,0.0,0.17940915161155072,0.0,0.0,0.1801477150886024,0.213903304989463,0.2262797229023039,0.0,0.0,0.0,0.0,0.0,0.0,0.0,0.0,0.0,0.19044804059861525,0.0,0.0,0.0,0.0,0.21155397213693755,0.18941135252215005,0.20200748551270664,0.0,0.21035308373340994,0.1727478339112788,0.22947176022652865,0.21769845524518436,0.0,0.18806235767318372,0.1661648459709455,0.0,0.0,0.0,0.17028900235623812,0.0,0.0,0.21632944171201882,0.0,0.17091886419388927,0.0,0.0,0.0,0.0,0.21352044668652082,0.18557357754061746,0.0,0.2082354820393175,0.0,0.0,0.21367192103003999,0.0,0.21427138917304728,0.0,0.0,0.23441019013480155,0.0,0.19714060608917341,0.0,0.0,0.0,0.0,0.2134100663466043,0.20437030837132583,0.0,0.17248933328188587,0.0,0.0,0.19176684282092415,0.0,0.18805804932754594,0.0,0.20540653976680837,0.0,0.22876441508209644,0.20954088638212645,0.0,0.0,0.0,0.0,0.16799720275735439,0.0,0.0,0.1807450912090282,0.0,0.19088583899407918,0.0,0.0,0.0,0.18523625152795986,0.18036179037159414,0.19801302493337905,0.19455342932397152,0.19564378972047433,0.1718262986439198,0.0,0.18098378178988309,0.0,0.0,0.20312116002204458,0.20779336582768398,0.0,0.0,0.0,0.0,0.19734983428920327,0.0,0.0,0.0,0.0,0.0,0.0,0.0,0.17547595297999638,0.17956816892095365,0.19498949045861158,0.1851467170844828,0.22078095530288402,0.0,0.1623702424050998,0.20991989691420554,0.0,0.228461858501907,0.0,0.0,0.2160079855338665,0.2177528859352668,0.0,0.21801323732179775,0.0,0.0,0.18284283946562913,0.0,0.0,0.0,0.0,0.0,0.20600954586314776,0.0,0.22700072588603407,0.1892431379387953,0.0,0.0,0.0,0.0,0.20217835541785992,0.0,0.0,0.18850753506445245,0.0,0.0,0.0,0.0,0.0,0.19257787254838715,0.197805048145199,0.0,0.0,0.0,0.1874697342215209,0.0,0.1991497162773371,0.0,0.18266639199527215,0.0,0.0,0.0,0.16473859907862304,0.1563035722320231,0.0,0.19690344728202647,0.0,0.18705192448167346,0.0,0.0,0.0,0.0,0.0,0.0,0.0,0.0,0.0,0.0,0.20280677556296045,0.2106615753377896,0.21688631104176875,0.22804425526449,0.0,0.0,0.0,0.1969213414110448,0.0,0.22373698007390241,0.19160957409642704,0.0,0.0,0.1879258610287535,0.0,0.228609451850103,0.0,0.0,0.19333338932469277,0.22032508487543956,0.21206628512137105,0.19367673490639092,0.0,0.18767522944833073,0.0,0.15613904911010118,0.0,0.0,0.2184192194409358,0.0,0.0,0.0,0.0,0.0,0.17398053513437656,0.14953975102169584,0.0,0.18530174912837802,0.14830079942825508,0.0,0.0,0.19387899259245087,0.2048466920503866,0.1945011300803786,0.0,0.0,0.21590135775019678,0.0,0.0,0.2274919498715956,0.0,0.0,0.0,0.0,0.0,0.0,0.22290634954591426,0.22644250092901672,0.19044615679417842,0.0,0.0,0.0,0.0,0.0,0.0,0.0,0.0,0.22446393063795683,0.19943023441903876,0.1903239596067063,0.0,0.0,0.0,0.0,0.0,0.0,0.196376989913578,0.0,0.0,0.0,0.0,0.0,0.18275061354284963,0.22693939485361234,0.0,0.0,0.21813314754385948,0.17079683884935773,0.0,0.0,0.20570159711879707,0.0,0.0,0.0,0.17595903829380677,0.1990407591366718,0.0,0.20677360975914558,0.0,0.2289975358522011,0.1950205606964293,0.20032821803312123,0.0,0.16938437713466262,0.0,0.0,0.0,0.0,0.0,0.18695509984832637,0.0,0.0,0.0,0.0,0.21971639395699288,0.0,0.0,0.0,0.18298880829289255,0.18298113274661656,0.0,0.0,0.0,0.20541748734752388,0.0,0.1794597966515702,0.0,0.1957234021051833,0.0,0.15727559338115585,0.0,0.22050918122640495,0.23001995051682178,0.0,0.0,0.0,0.24455369560407217,0.0,0.0,0.0,0.0,0.20272528680512228,0.0,0.1891706782103205,0.0,0.18654333165966572,0.1864137979958156,0.0,0.2149197413309481,0.0,0.0,0.0,0.21356097522816142,0.0,0.0,0.2353075794923173,0.0,0.0,0.0,0.0,0.0,0.0,0.0,0.16721948631708577,0.0,0.0,0.1807923673303574,0.0,0.0,0.1954076448914173,0.19673829120360029,0.0,0.20459705003695927,0.0,0.20937202908392166,0.0,0.0,0.0,0.0,0.19832480474622932,0.0,0.20230925995448523,0.2075938789676429,0.0,0.0,0.18790619012344034,0.0,0.19109463016115777,0.0,0.19043181009775162,0.0,0.2172554628741609,0.0,0.21254770824818484,0.0,0.1596789170775325,0.1814419204136124,0.1735063794838037,0.0,0.0,0.0,0.0,0.0,0.1969201297963922,0.0,0.0,0.0,0.1727042307834596,0.0,0.1902955906310005,0.19529668657487934,0.0,0.0,0.0,0.0,0.0,0.0,0.0,0.2286927964500711,0.2093290425799527,0.17038435507546043,0.0,0.0,0.23580874143416355,0.0,0.0,0.21897951524784554,0.0,0.0,0.0,0.18392761176842887,0.0,0.0,0.0,0.2078306978162359,0.0,0.21264152941841152,0.23238791845001233,0.0,0.0,0.0,0.1663542734243035,0.1895518026432902,0.0,0.1882390144040346,0.19807819152404782,0.0,0.0,0.19546033378550226,0.0,0.0,0.0,0.0,0.0,0.0,0.22323765243746058,0.17093560974100572,0.0,0.0,0.0,0.0,0.19066672909409918,0.0,0.0,0.0,0.0,0.1976335526610177,0.23209707310827518,0.0,0.0,0.0,0.0,0.0,0.18945173676206997,0.23311161258999277,0.0,0.0,0.0,0.20121466685366224,0.1907008136785278,0.161256195095987,0.16189448109401844,0.0,0.0,0.0,0.0,0.0,0.19708961841199088,0.21058765077438302,0.0,0.17526093527199518,0.0,0.0,0.0,0.0,0.0,0.0,0.0,0.0,0.19666558489792274,0.21501850948540427,0.0,0.0,0.17778871986449737,0.0,0.0,0.17746198837399338,0.0,0.17581107501162715,0.19002765857971884,0.17954006082927712,0.0,0.22157617005612146,0.0,0.0,0.0,0.0,0.2304421434578928,0.0,0.0,0.0,0.17942769472955905,0.15057812078001653,0.0,0.0,0.0,0.21138518386888341,0.0,0.0,0.22560995322692043,0.18527247189738033,0.22431101371605178,0.0,0.0,0.0,0.0,0.0,0.0,0.20514175866957865,0.0,0.21420506730916747,0.0,0.15867247949796773,0.0,0.0,0.0,0.22048102381269163,0.20321319496501142,0.19973028156178715,0.0,0.2074184121145478,0.0,0.20025975582396377,0.20059426809884492,0.0,0.0,0.0,0.0,0.0,0.0,0.19010714078720875,0.0,0.16193087614148954,0.0,0.19446190467312435,0.0,0.0,0.20816392021858343,0.0,0.0,0.16716795925686276,0.18774136146224837,0.2407632115029064,0.0,0.0,0.2108389715166106,0.0,0.0,0.20882760420176583,0.1909441490166263,0.0,0.0,0.17737526337798182,0.0,0.0,0.0,0.0,0.0,0.0,0.2073048076026588,0.0,0.0,0.0,0.0,0.0,0.0,0.0,0.0,0.0,0.147990254676279,0.0,0.0,0.19961103570874728,0.0,0.21222469266716132,0.0,0.0,0.0,0.0,0.0,0.0,0.22286933295982198,0.15978919698190416,0.0,0.0,0.0,0.0,0.21388783455375263,0.18181645016072628,0.0,0.22178887986621715,0.0,0.0,0.0,0.0,0.20513732787591538,0.1955568025205457,0.21034086522546955,0.0,0.20225253842290455,0.0,0.0,0.18108683883235493,0.198247117346178,0.0,0.19578789342220326,0.0,0.2206977088684031,0.20210986878540907,0.0,0.19485050620978658,0.0,0.0,0.0,0.0,0.20057028695864237,0.17330422396395823,0.1755287950528623,0.20924675644558238,0.1923552644952349,0.1990792761974915,0.0,0.189787231212927,0.0,0.19316770704726544,0.0,0.0,0.18391545907698184,0.20290110854512683,0.0,0.20813983728570576,0.0,0.1963798677187667,0.0,0.0,0.0,0.0,0.20840384882881097,0.18382439801466235,0.0,0.19037886040371393,0.0,0.0,0.0,0.0,0.21969122308181446,0.0,0.21081403939024232,0.0,0.0,0.0,0.0,0.1990837727848207,0.0,0.19800640918058093,0.1789348232647796,0.0,0.0,0.0,0.0,0.20055503511411713,0.0,0.0,0.0,0.0,0.0,0.0,0.0,0.0,0.0,0.0,0.18486790538599615,0.0,0.0,0.0,0.189766992871031,0.0,0.0,0.18919329529699377,0.0,0.0,0.20859605444869703,0.19400453556675454,0.1960155584086218,0.17776430130183485,0.1885702196402193,0.23084667227328112,0.0,0.20448974766104577,0.0,0.0,0.0,0.17976901774408496,0.0,0.0,0.0,0.21195113233046395,0.18670814450063666,0.19369311809607842,0.0,0.0,0.0,0.0,0.197210422499561,0.0,0.0,0.22784720942227812,0.0,0.21296408642041725,0.0,0.0,0.0,0.192706956282755,0.0,0.0,0.0,0.18122027145461395,0.19726601808003058,0.21463804148632398,0.21922947020876352,0.0,0.0,0.1951209729490186,0.0,0.0,0.15824435728681255,0.18480616133189529,0.0,0.0,0.0,0.0,0.0,0.18345914471518907,0.203643813305463,0.18129374411855015,0.1817131930283173,0.0,0.0,0.0,0.0,0.0,0.0,0.0,0.0,0.23099552808249557,0.0,0.0,0.1786730354971009,0.0,0.0,0.0,0.18032218095594163,0.22005580378379705,0.0,0.0,0.0,0.14924750176510013,0.0,0.19447019804845517,0.163301965915598,0.19096217253520495,0.0,0.0,0.0,0.0,0.2151293426486641,0.0,0.0,0.0,0.0,0.0,0.0,0.0,0.0,0.0,0.17904331718965436,0.20586250667459427,0.0,0.0,0.1872526388828041,0.0,0.0,0.0,0.23015343801507268,0.0,0.0,0.0,0.19782748076026468,0.2144541738078295,0.0,0.0,0.0,0.18002021262528045,0.1946433647619678,0.0,0.0,0.0,0.0,0.0,0.0,0.0,0.0,0.15411406800164076,0.0,0.203468635719514,0.17015330035750048,0.18640523755373076,0.21534732985943894,0.0,0.0,0.20457574685657773,0.0,0.0,0.0,0.0,0.0,0.21676674520315162,0.0,0.21156214661917694,0.0,0.0,0.0,0.0,0.0,0.0,0.0,0.0,0.0,0.0,0.0,0.0,0.0,0.22034438920670307,0.19094374951147314,0.0,0.0,0.0,0.22318530576455753,0.0,0.0,0.0,0.0
0.0,0.0,0.41794748451420327,0.0,0.0,0.0,0.4333367299932819,0.0,0.0,0.0,0.0,0.0,0.0,0.4417698377920909,0.0,0.0,0.0,0.0,0.0,0.425708179398846,0.44816840830485144,0.0,0.0,0.4382824163787928,0.42596963821166955,0.0,0.0,0.44955724907137945,0.4498063111673388,0.43579065573963205,0.46563162743643666,0.0,0.0,0.0,0.0,0.0,0.4233292250247675,0.0,0.0,0.41450870616950153,0.4445210467441993,0.0,0.0,0.43023506139238293,0.4891494270361041,0.0,0.0,0.0,0.43430092093410305,0.0,0.0,0.0,0.4206055880238879,0.4477920868152896,0.0,0.0,0.0,0.4152613048214488,0.41591229374839156,0.0,0.43841517381152056,0.420602993809997,0.0,0.4122625820039981,0.0,0.0,0.42924889107696895,0.0,0.0,0.4310362083695558,0.0,0.0,0.0,0.0,0.0,0.0,0.44012482815230836,0.4533001928213528,0.0,0.0,0.4182403189235885,0.0,0.0,0.0,0.4395923527962979,0.4458445220490864,0.0,0.0,0.43372225188842145,0.0,0.4481758904806588,0.4324768174588679,0.0,0.0,0.0,0.0,0.0,0.4317031832845019,0.0,0.0,0.4546216372505453,0.0,0.4164262275846578,0.0,0.0,0.44504220421730595,0.4349688504571092,0.0,0.0,0.0,0.4372691846226364,0.4277149064037284,0.389235913170151,0.42518430818475156,0.0,0.0,0.42457877676774247,0.0,0.0,0.0,0.4342142445567316,0.0,0.4189172217669517,0.4697514058950112,0.0,0.0,0.0,0.0,0.0,0.0,0.41029952847751144,0.0,0.41279341944618514,0.0,0.0,0.0,0.40925277396098875,0.0,0.0,0.0,0.0,0.0,0.0,0.0,0.0,0.0,0.0,0.42166629001027756,0.0,0.4283621500932864,0.0,0.0,0.48638697105571604,0.0,0.0,0.43891320905669023,0.0,0.0,0.0,0.3980706975857516,0.0,0.4268441933070377,0.4349625828787199,0.4075720788805616,0.415769799250984,0.4164294817525736,0.40068803750910775,0.4481626593677795,0.0,0.4105105589609206,0.4270719840186536,0.42582503039889974,0.0,0.0,0.0,0.0,0.0,0.4287857254727661,0.0,0.0,0.0,0.0,0.40119612580871217,0.0,0.0,0.0,0.42663637739524973,0.43341361255533256,0.433152188536211,0.46700500782492066,0.0,0.3964136111163234,0.43335856710052706,0.0,0.0,0.0,0.0,0.44765810661004524,0.0,0.4448263029648506,0.0,0.0,0.42417330380947427,0.0,0.4211428772104907,0.0,0.447610239200239,0.44758148883902704,0.44433886369469716,0.0,0.0,0.3985063981038971,0.0,0.0,0.0,0.0,0.0,0.0,0.3869554996820893,0.0,0.0,0.44020000728146313,0.0,0.4256792414119885,0.0,0.4065436942852225,0.0,0.4366662891667378,0.44882223424914863,0.0,0.4210578235841782,0.0,0.4295866877619901,0.0,0.44386238731420274,0.0,0.417588871805554,0.0,0.0,0.4500987382916605,0.4634771604318123,0.0,0.4116005879173695,0.0,0.0,0.0,0.0,0.45851616853036986,0.39310499706602636,0.0,0.42976646872496416,0.0,0.0,0.0,0.3884358572486811,0.0,0.45329887986428025,0.0,0.0,0.0,0.0,0.0,0.0,0.0,0.0,0.0,0.3964560059908493,0.45924225304045796,0.4167251247548465,0.0,0.0,0.43008056837843284,0.0,0.0,0.3891775977717326,0.0,0.4018947660756172,0.4409053457520954,0.4298978559059953,0.0,0.0,0.0,0.43735874580186496,0.0,0.43330726960465676,0.0,0.0,0.4237015355940564,0.0,0.0,0.45922778736865155,0.0,0.4242216415008524,0.42409661049395003,0.0,0.0,0.0,0.0,0.0,0.0,0.0,0.0,0.0,0.0,0.0,0.4337984620838678,0.46043849154181044,0.0,0.0,0.0,0.4400139616613115,0.413484019670499,0.0,0.0,0.403942765976371,0.0,0.4381419374300289,0.4440362412658626,0.0,0.0,0.0,0.40595461533464017,0.0,0.41306309172051026,0.43971559261480586,0.0,0.0,0.0,0.0,0.45113843748896626,0.4388551264561624,0.45326609515718064,0.0,0.4315162593491825,0.0,0.0,0.0,0.4420100668232622,0.0,0.44722052609849855,0.0,0.0,0.0,0.0,0.4189016588348587,0.3930092652591627,0.0,0.44198154597287254,0.0,0.43748328836410605,0.0,0.0,0.40617329776731387,0.0,0.4354224494575864,0.0,0.0,0.4670966166404234,0.4292072371147917,0.4250696003767803,0.0,0.0,0.0,0.43673661531741864,0.42866284746092337,0.0,0.0,0.3894010993881812,0.42931741401417856,0.4182816657130041,0.0,0.42232958239121665,0.0,0.0,0.0,0.43464116485356186,0.0,0.0,0.0,0.0,0.4383029812529055,0.0,0.0,0.0,0.4446122143356173,0.4093085699233498,0.4087929168247136,0.0,0.0,0.42748922611897305,0.0,0.0,0.0,0.4202981035151355,0.0,0.45427622842635246,0.0,0.0,0.0,0.0,0.0,0.0,0.43644175941286684,0.0,0.0,0.4032261922144954,0.0,0.0,0.43208560826255077,0.0,0.0,0.0,0.0,0.45387944871001207,0.4101305261820011,0.0,0.0,0.438810084003916,0.4378254517560462,0.4362841530209066,0.0,0.0,0.0,0.0,0.4315947047241417,0.0,0.0,0.4158538599732455,0.0,0.37473276102297565,0.0,0.0,0.0,0.0,0.0,0.0,0.4233637728093799,0.4347385419645164,0.4046401413051727,0.4005575657467854,0.0,0.0,0.4618510783603184,0.0,0.0,0.0,0.0,0.0,0.4502925717437355,0.0,0.0,0.41978374729441414,0.0,0.0,0.4539405937451205,0.0,0.0,0.0,0.0,0.4773792585773321,0.4566678624762426,0.0,0.0,0.0,0.43124138678888524,0.0,0.0,0.0,0.0,0.0,0.0,0.4560427695232786,0.0,0.39166527064428863,0.0,0.42734273492161345,0.0,0.0,0.41626745815138977,0.43281295588769964,0.0,0.0,0.4719841479249879,0.42555981616009136,0.0,0.0,0.0,0.0,0.0,0.0,0.0,0.40154950469957496,0.0,0.0,0.41160103824836386,0.0,0.45766197802831904,0.43588012613138777,0.0,0.4594420100777968,0.47996993625484263,0.42863516310585864,0.0,0.0,0.0,0.0,0.0,0.0,0.42168305507584736,0.0,0.40971385384861914,0.0,0.0,0.0,0.0,0.4310137269403386,0.4205696016940826,0.0,0.0,0.42086010220893405,0.41580351987424746,0.401691785078971,0.0,0.3960158400552408,0.0,0.0,0.0,0.0,0.44775719346416376,0.4222901104751096,0.0,0.0,0.0,0.0,0.44120697369129686,0.0,0.41089878179542116,0.0,0.42795894355641084,0.430297746342009,0.0,0.0,0.42383348522920683,0.43398867437875627,0.4288665851473285,0.0,0.0,0.0,0.4730551126084488,0.0,0.0,0.4066969600246661,0.44887104723690074,0.44658823958625793,0.45367862178186863,0.0,0.0,0.0,0.4167493163531141,0.0,0.40357714706081543,0.41918959158946967,0.4246051963791701,0.0,0.0,0.46150797636405216,0.0,0.0,0.468232228948388,0.0,0.4659712417344374,0.4549587797116866,0.0,0.4356094718682557,0.0,0.0,0.0,0.0,0.40411095499999306,0.47274857465661246,0.0,0.0,0.0,0.0,0.4126897822559443,0.0,0.0,0.41883346784689923,0.4537505811486641,0.4069350985930264,0.41438145473929927,0.0,0.0,0.0,0.4340125105303522,0.0,0.0,0.4518871015169731,0.0,0.0,0.4326312953782986,0.0,0.4143752171538602,0.41887708009349195,0.40668240144904755,0.0,0.0,0.0,0.4534806402449804,0.42909310930992145,0.0,0.0,0.0,0.0,0.3867931082782975,0.0,0.0,0.0,0.4121835375266198,0.432341626262761,0.0,0.0,0.0,0.40188703369173157,0.39960243872070916,0.0,0.0,0.0,0.4557215480397862,0.0,0.44437026354372977,0.4315898847075833,0.0,0.0,0.39149078451887503,0.0,0.4110330123262551,0.4427513232927873,0.0,0.0,0.41891638734547787,0.0,0.4319109566320356,0.0,0.4274280871609847,0.0,0.4275558048948714,0.40981051523205275,0.4555311885068848,0.0,0.0,0.3872852597334097,0.0,0.0,0.44631494267726435,0.0,0.0,0.0,0.41240213632036166,0.0,0.43270433461563124,0.0,0.4098226141546766,0.0,0.0,0.0,0.0,0.41360530001090484,0.42365085234285593,0.0,0.4015152492015232,0.44494407212408704,0.0,0.0,0.40862482509268966,0.0,0.4489028588345787,0.0,0.39525380975539015,0.0,0.0,0.4241977645973971,0.0,0.0,0.0,0.424919334684872,0.4606113374086627,0.44246881409245753,0.0,0.0,0.0,0.4370077391156898,0.41948556869499964,0.0,0.0,0.0,0.447373396855296,0.4236154969151918,0.0,0.3953276164403144,0.0,0.4631947910624035,0.0,0.45000138319225236,0.44705139370469815,0.0,0.0,0.4130068928748321,0.4486777124065823,0.4232968178507495,0.40668272681995205,0.0,0.0,0.0,0.4437415297247169,0.0,0.0,0.0,0.0,0.4468037043532668,0.0,0.0,0.0,0.0,0.4130550383952551,0.0,0.44112764510917035,0.41321082256783626,0.0,0.0,0.4371705546133438,0.0,0.0,0.0,0.42880184765546303,0.0,0.40343305791372347,0.0,0.0,0.0,0.0,0.0,0.0,0.43154133507683684,0.0,0.0,0.0,0.4404042209033441,0.0,0.0,0.4171473041891309,0.3858688480603218,0.0,0.42423665097037083,0.0,0.4555768806611322,0.4244149762780988,0.45866091571602363,0.0,0.0,0.0,0.0,0.40193290277978744,0.0,0.4519969265283232,0.47022801222314264,0.43671899937902875,0.0,0.0,0.0,0.40759182494961843,0.40003159475364536,0.0,0.42886882948308086,0.0,0.44020948741098775,0.0,0.4166678890122319,0.0,0.0,0.0,0.0,0.0,0.44019192888714154,0.0,0.0,0.40747006455685636,0.0,0.4537104934277908,0.0,0.0,0.4187397594502275,0.414074940383297,0.0,0.44045484241473626,0.3786585530496385,0.3908215800739489,0.4636827596520628,0.42432219533899984,0.0,0.0,0.0,0.0,0.0,0.0,0.42918493484912024,0.4329429108608655,0.40337269686323274,0.0,0.0,0.0,0.4212221501410055,0.44351702077146377,0.44496914266882187,0.0,0.0,0.0,0.0,0.0,0.0,0.0,0.0,0.0,0.387223600835766,0.0,0.4082605900234809,0.0,0.0,0.4448855709637178,0.40486789798180806,0.39880362057450064,0.42950919889024974,0.0,0.4126021703263837,0.43994092944624047,0.0,0.43607016861981945,0.0,0.0,0.4239759711099606,0.39517951476375396,0.0,0.0,0.0,0.0,0.0,0.43069560774540455,0.0,0.0,0.0,0.0,0.4492386461005743,0.40965871597218445,0.4351230510293871,0.0,0.44450939015229873,0.0,0.0,0.0,0.41808228123437013,0.0,0.48353243498515586,0.3784791404753236,0.0,0.4462170668002746,0.3848181169018742,0.45661511786796216,0.47339528750154375,0.0,0.0,0.0,0.0,0.3938937738083967,0.0,0.0,0.0,0.0,0.0,0.0,0.40799904581034324,0.4136988170216885,0.0,0.0,0.4573790980946014,0.41330152238887297,0.430392328288598,0.0,0.0,0.44735914081672046,0.4045377896066522,0.0,0.0,0.42757869790452757,0.43512076654009657,0.39383982298314446,0.0,0.0,0.0,0.0,0.0,0.0,0.0,0.0,0.0,0.0,0.0,0.0,0.0,0.0,0.0,0.0,0.0,0.0,0.0,0.0,0.0,0.0,0.0,0.40736213241111785,0.0,0.0,0.0,0.0,0.47040343924178546,0.0,0.0,0.0,0.45125023173833545,0.0,0.0,0.0,0.0,0.0,0.0,0.42278924214490393,0.0,0.4147225828347949,0.0,0.4253565515698995,0.0,0.0,0.42252427760090044,0.47039894199402776,0.0,0.0,0.41752429249539075,0.0,0.0,0.0,0.40468975255489903,0.0,0.42099650074004313,0.0,0.0,0.4354568134433047,0.0,0.0,0.0,0.0,0.0,0.0,0.0,0.0,0.0,0.0,0.0,0.3749394685617099,0.0,0.0,0.0,0.0,0.0,0.0,0.4590546135886922,0.0,0.0,0.0,0.3707826829456783,0.0,0.4783844290702712,0.43612205364330103,0.41615190412324615,0.0,0.4445275582001879,0.4099788430471554,0.4336869173144609,0.0,0.4214411843394648,0.0,0.0,0.0,0.4453638883930247,0.0,0.4282168816681723,0.3921518554125135,0.0,0.0,0.42058396172228385,0.460183650311417,0.42162520744095394
0.0,0.7381629488382095,0.7093538004542443,0.0,0.7687316592251681,0.0,0.7239567588306393,0.0,0.0,0.0,0.7525437945417205,0.6986114089533584,0.0,0.0,0.7811762162303479,0.0,0.7294198443545263,0.7241422905862416,0.7696191515251832,0.0,0.7180506065344722,0.0,0.0,0.0,0.0,0.0,0.7816784204252785,0.7516895357047667,0.7142769764052345,0.7778096881460221,0.0,0.0,0.8013344333194802,0.0,0.7656150578324823,0.0,0.772192925366057,0.0,0.7771536344336571,0.7401645608363203,0.7722681146708967,0.0,0.0,0.7292755166386367,0.0,0.0,0.0,0.8060421797706169,0.7987222900242349,0.7706196376764336,0.0,0.0,0.0,0.7804421485658639,0.0,0.0,0.0,0.76909020657898,0.0,0.7406522988596105,0.7763151682482926,0.0,0.0,0.0,0.0,0.0,0.78525675053571,0.7675584000046999,0.0,0.0,0.7569981344184666,0.0,0.717504789040602,0.0,0.0,0.0,0.0,0.7562875287031604,0.0,0.0,0.0,0.0,0.0,0.8061804274425085,0.0,0.7593084443516662,0.0,0.7333084733137987,0.0,0.7948460072337621,0.7369282386754759,0.0,0.7430074890033666,0.0,0.0,0.0,0.0,0.7852611282424394,0.0,0.7573927604071135,0.0,0.0,0.0,0.7221816018643016,0.0,0.7477175980623993,0.7624898125226776,0.0,0.0,0.0,0.0,0.0,0.7109210961808251,0.7466357313438726,0.0,0.7820334298777577,0.0,0.0,0.0,0.0,0.7419540305195045,0.0,0.7382051000423744,0.0,0.0,0.0,0.0,0.7642808263953906,0.0,0.0,0.0,0.0,0.0,0.7760051663521678,0.0,0.766587831681794,0.7900437101525392,0.0,0.8053748196146965,0.7064965687066913,0.7502999418459959,0.7492044188976881,0.7457868932737702,0.0,0.7653066461914712,0.0,0.757858263137592,0.7497518854442582,0.0,0.7836003260198032,0.0,0.0,0.0,0.7818109039327256,0.766855181924289,0.7731682226671497,0.0,0.7480560775517707,0.0,0.0,0.0,0.7737120999698983,0.7517819725755436,0.0,0.0,0.0,0.0,0.7281697053714027,0.7798801668348153,0.0,0.0,0.7477026027333973,0.0,0.0,0.0,0.0,0.0,0.7635055332227998,0.0,0.0,0.0,0.0,0.0,0.0,0.0,0.7475217886980573,0.0,0.0,0.0,0.0,0.0,0.8039500549035548,0.7834747433525349,0.0,0.0,0.0,0.0,0.0,0.0,0.0,0.7851979971158405,0.0,0.0,0.0,0.0,0.0,0.763042617406429,0.7185959279249555,0.7845166153361163,0.7276749744217164,0.0,0.0,0.0,0.7377293897590533,0.0,0.7476278891284182,0.7899243556253557,0.0,0.0,0.0,0.7823517358611501,0.0,0.0,0.0,0.0,0.8015729942221627,0.7588637827896926,0.7577128825409327,0.0,0.7523476176899653,0.0,0.0,0.7631448579664301,0.7491480046773736,0.7502074061458807,0.7302293959421622,0.7823817290367006,0.0,0.770745729365673,0.7775297380651097,0.0,0.0,0.7866792629550391,0.8044597315935546,0.0,0.0,0.0,0.7316732502052422,0.0,0.0,0.7767057513948216,0.7416269791960614,0.0,0.0,0.7719602324515663,0.7548279891561483,0.0,0.0,0.0,0.0,0.0,0.7888339059006341,0.0,0.0,0.0,0.752739108444937,0.7617556204594205,0.7685339314364321,0.0,0.759012953192904,0.0,0.7435942827756101,0.0,0.7655292433103179,0.0,0.7803598145756668,0.0,0.0,0.0,0.0,0.0,0.7737533219398564,0.7387985097818422,0.7331775011075674,0.0,0.0,0.0,0.7574891409347089,0.7562833681257071,0.0,0.760979971336302,0.0,0.0,0.7592464090507914,0.0,0.0,0.0,0.0,0.0,0.0,0.0,0.0,0.0,0.0,0.7535713064647532,0.7542787142801749,0.0,0.0,0.0,0.7956557076807115,0.0,0.0,0.7440644126723102,0.7641732002130864,0.736206257759848,0.7925287666379037,0.0,0.768561053019167,0.7366534632260516,0.0,0.7279815629563882,0.0,0.0,0.7366933378087199,0.7869665975681737,0.0,0.0,0.7535635897352053,0.0,0.7399855082191464,0.7915009773615308,0.7544922078544156,0.0,0.7615928222431957,0.6955668628020516,0.0,0.0,0.0,0.7902160310800983,0.0,0.7421066313753466,0.7689125237680938,0.0,0.0,0.7671085597691344,0.0,0.0,0.7564768041462534,0.0,0.0,0.0,0.0,0.0,0.0,0.0,0.0,0.0,0.0,0.7756284930830618,0.0,0.0,0.0,0.0,0.0,0.0,0.0,0.748430883845199,0.0,0.0,0.0,0.7394743583556891,0.0,0.0,0.0,0.8127579077438647,0.7352771214549949,0.0,0.7847468509988179,0.0,0.729102593499554,0.0,0.0,0.0,0.0,0.0,0.7757098772369666,0.0,0.0,0.0,0.7349204054401,0.0,0.0,0.0,0.0,0.7574196422489038,0.7781264502528922,0.7511732710512833,0.0,0.0,0.7570772416568384,0.7554713447876076,0.0,0.0,0.0,0.7713648473048113,0.0,0.7511851266052332,0.0,0.0,0.0,0.0,0.7531548359278989,0.0,0.0,0.0,0.0,0.0,0.7528593983577029,0.0,0.0,0.0,0.7871735447026715,0.0,0.7747587957312132,0.7712057777273219,0.7568849513499392,0.0,0.0,0.0,0.0,0.0,0.0,0.0,0.0,0.0,0.0,0.0,0.0,0.7894353358547437,0.0,0.0,0.7521504698527606,0.7530825376061469,0.75597531247818,0.7308527247016166,0.0,0.0,0.7725686409378762,0.7645865283223352,0.0,0.0,0.8098447702573519,0.0,0.7475955820040442,0.7324656475437394,0.7351500101102743,0.0,0.0,0.7242927047455432,0.7736348192959138,0.0,0.0,0.7631064771905611,0.0,0.784075489553456,0.0,0.0,0.8241794442716734,0.0,0.0,0.728169895685098,0.7745388477786249,0.0,0.0,0.0,0.799133309826017,0.0,0.0,0.0,0.0,0.7771958744376134,0.0,0.0,0.7938533661356119,0.7487530409675773,0.0,0.0,0.0,0.0,0.0,0.0,0.0,0.0,0.0,0.7633483543237473,0.0,0.0,0.0,0.0,0.0,0.7644585313570355,0.7114287915164027,0.0,0.0,0.0,0.0,0.0,0.7625834431547689,0.0,0.7834083568845929,0.0,0.7700898204662058,0.0,0.0,0.0,0.7548198644231134,0.0,0.7069936149497358,0.0,0.0,0.7577297187060847,0.7989905714073552,0.0,0.0,0.7867446794193941,0.0,0.0,0.0,0.7579327448421297,0.0,0.0,0.7451882981089326,0.0,0.0,0.7251444911969067,0.0,0.0,0.0,0.7477218474708823,0.0,0.0,0.7450023461723713,0.7743649064777761,0.0,0.7675185644661578,0.0,0.796790642540828,0.0,0.0,0.0,0.0,0.7952450897583563,0.7857209065386722,0.0,0.0,0.0,0.0,0.7687632144099152,0.0,0.7690317399129765,0.8214956305279079,0.7302403289924548,0.0,0.7822573985622223,0.7636761496115219,0.0,0.749565943523167,0.0,0.0,0.7219571995784414,0.7345054651817138,0.7257728972558771,0.0,0.717316481901724,0.0,0.7330642111129615,0.0,0.7391237354818633,0.0,0.0,0.710011117748168,0.0,0.8014328292475175,0.7356879774849215,0.7120017290662923,0.7569900811056998,0.6997579422564447,0.7474417825898809,0.0,0.0,0.0,0.0,0.0,0.0,0.7491036363518854,0.0,0.0,0.7586955951612732,0.0,0.757556019711158,0.713748921187175,0.0,0.772711466754108,0.7453900588317274,0.0,0.0,0.0,0.0,0.7708327934818934,0.0,0.0,0.0,0.0,0.7452085026022738,0.0,0.0,0.7620299992127283,0.0,0.0,0.719999287498424,0.7844672151854097,0.0,0.7576096050955414,0.0,0.0,0.781612848052099,0.0,0.7754162574883361,0.0,0.7326140515086654,0.7232952590354794,0.0,0.0,0.0,0.0,0.0,0.7626140174313301,0.0,0.716293344196611,0.0,0.7994834220511161,0.0,0.0,0.7239830926731781,0.0,0.0,0.0,0.0,0.0,0.0,0.743184101862469,0.0,0.0,0.0,0.7227747119801,0.0,0.0,0.7423740277032643,0.7604128450721636,0.7725660749964364,0.7602870581324831,0.0,0.0,0.0,0.7464479730244751,0.7416483102406153,0.0,0.753420844181882,0.0,0.7224091557884664,0.0,0.0,0.0,0.0,0.7870159039793378,0.7801806848720687,0.7423188916421544,0.7393290685125207,0.0,0.7795701668283646,0.7949291901762244,0.7267055173159724,0.7475655470575493,0.7568803319123811,0.0,0.786913789922219,0.0,0.0,0.0,0.0,0.0,0.0,0.7676071963485226,0.0,0.0,0.0,0.7590778697248012,0.0,0.0,0.0,0.7408354996138892,0.7596891952748499,0.0,0.7712040224172084,0.8113359648735796,0.0,0.7713329112158371,0.7734574875090952,0.7326151232353109,0.0,0.0,0.0,0.7220490508557857,0.0,0.7519941758642669,0.0,0.0,0.0,0.7165897071526508,0.7332147251303299,0.0,0.0,0.0,0.0,0.0,0.0,0.0,0.0,0.0,0.0,0.7468008959981308,0.7368337912158326,0.0,0.0,0.7739436324193255,0.7802892889231533,0.0,0.7768205634561831,0.0,0.7782625058409632,0.0,0.0,0.0,0.0,0.0,0.7525556907230228,0.763503054155347,0.7448863766029675,0.7701510717882718,0.7522711276372238,0.8227988892846112,0.0,0.7265788435428524,0.7470049852846649,0.0,0.771952483414135,0.0,0.0,0.0,0.0,0.7572590987123051,0.0,0.0,0.7522253663900605,0.7445396205567222,0.7794400322727429,0.0,0.735138610852084,0.0,0.7425010110456756,0.7520145075752196,0.0,0.0,0.0,0.0,0.0,0.0,0.0,0.0,0.0,0.0,0.0,0.7772873735355983,0.0,0.0,0.7293740166260686,0.7355740890344613,0.0,0.735297599471977,0.7246640508681189,0.7580360588280359,0.0,0.7622439524749012,0.0,0.7424462864836442,0.0,0.0,0.0,0.7934676601213647,0.0,0.0,0.0,0.7646900740769517,0.7754877030779983,0.7495336525489024,0.7686284449520815,0.7730737032421487,0.0,0.0,0.7617960518287974,0.0,0.7784422355384915,0.0,0.7222763095404159,0.0,0.0,0.7624252602547935,0.0,0.7937036463755074,0.0,0.7527002068138737,0.0,0.0,0.0,0.0,0.0,0.0,0.0,0.0,0.0,0.0,0.0,0.0,0.7583089720857938,0.0,0.0,0.7480754492169173,0.7358898333985645,0.0,0.0,0.0,0.0,0.7551543996781636,0.0,0.7737091540220876,0.7717888902972626,0.0,0.0,0.0,0.716343662017686,0.0,0.0,0.0,0.0,0.0,0.0,0.7844999661218166,0.0,0.0,0.0,0.0,0.7535539464263336,0.7876155467685738,0.0,0.7563786480851598,0.0,0.0,0.0,0.0,0.0,0.7606174168084663,0.0,0.0,0.7645370671152387,0.7627274611118674,0.0,0.0,0.0,0.0,0.0,0.7614811515732895,0.0,0.0,0.7390458964766093,0.7628951637604807,0.0,0.746412306060164,0.0,0.0,0.7923489881955597,0.745095458127777,0.7481116327976952,0.0,0.0,0.7362842781006477,0.0,0.0,0.0,0.0,0.0,0.0,0.0,0.7757455543318296,0.0,0.0,0.0,0.7539503843961233,0.0,0.0,0.0,0.0,0.0,0.0,0.0,0.0,0.780741507263742,0.0,0.0,0.0,0.0,0.8211387730039008,0.0,0.0,0.0,0.7741105397159128,0.0,0.0,0.7563793028861932,0.0,0.0,0.0,0.0,0.775833599333677,0.746768168799342,0.7963397733008752,0.0,0.7858523039277269,0.0,0.0,0.0,0.0,0.7886193940380856,0.7574447841922933,0.7819430059129819,0.0,0.0,0.0,0.0,0.7589186407176491,0.0,0.0,0.0,0.0,0.0,0.0,0.0,0.0,0.0,0.0,0.0,0.0,0.0,0.772381681165428,0.0,0.0,0.7588002615121658,0.0,0.7684323337068131,0.739343675722945,0.0,0.0,0.0,0.0,0.7141685002804447,0.7839646175540703,0.0,0.0,0.0,0.0,0.0,0.7835160533526158,0.7841250308158315,0.0,0.0,0.7519281508810942,0.0,0.7464390619004341,0.761169266276113,0.0,0.7551840674824095,0.7593976155490206,0.0,0.7497239626263732,0.0,0.0,0.7806845612636973,0.0,0.0,0.7182134466609019,0.7663345929793886
0.0,0.0,0.0,0.3516049883436025,0.3523951344104208,0.0,0.0,0.0,0.3533505856619922,0.0,0.0,0.0,0.3473840514998051,0.344821961014164,0.0,0.0,0.4289559815944365,0.0,0.0,0.34369385965549937,0.0,0.0,0.35557374906639005,0.0,0.0,0.0,0.0,0.0,0.3315263874487756,0.350752756410937,0.3479039936867924,0.0,0.0,0.0,0.0,0.0,0.0,0.0,0.3337633604388874,0.0,0.0,0.0,0.0,0.3686036837169602,0.3870704320797845,0.38382027669650265,0.0,0.0,0.37097606467251515,0.0,0.0,0.3694331104241377,0.0,0.0,0.0,0.3483804533523451,0.3743975904915109,0.3945771790186035,0.0,0.32458311866330536,0.3391481237209835,0.0,0.38187035608775743,0.0,0.0,0.0,0.3522404524722143,0.0,0.0,0.0,0.40050311052817744,0.0,0.0,0.0,0.38128498269252975,0.0,0.3641270247160852,0.0,0.0,0.0,0.36500457513175,0.0,0.0,0.0,0.0,0.34532130894520313,0.0,0.3270098124619611,0.3460761637352503,0.0,0.0,0.3601539771426151,0.3732706220279151,0.0,0.0,0.0,0.0,0.0,0.36336993053553684,0.34006181422686504,0.0,0.3292160483729631,0.3119740031168017,0.0,0.3439403281142892,0.336324780424986,0.0,0.0,0.3890929622209483,0.3641921011567479,0.0,0.34346725181092386,0.0,0.0,0.0,0.33423488741839114,0.0,0.0,0.0,0.0,0.37063604296055797,0.3884592038069678,0.0,0.0,0.0,0.0,0.0,0.0,0.34414330234842483,0.3801677891279277,0.0,0.3164589238848437,0.0,0.0,0.0,0.0,0.3544306609993469,0.0,0.3466363917570211,0.0,0.3559863521410385,0.0,0.34146112326222716,0.0,0.37894948528062566,0.0,0.0,0.0,0.3572781848577602,0.0,0.0,0.0,0.0,0.0,0.37101429936660313,0.0,0.0,0.0,0.0,0.0,0.0,0.4007494392111956,0.33563206622223396,0.0,0.3609144735003439,0.37877290768623134,0.3880532412209059,0.0,0.0,0.362102639406224,0.0,0.0,0.38715322579296946,0.0,0.0,0.35185056491016126,0.35972924868662365,0.0,0.0,0.0,0.0,0.0,0.0,0.0,0.0,0.36273125271353907,0.38649099988771307,0.0,0.0,0.37389923520273755,0.0,0.0,0.32294106773833636,0.0,0.0,0.39109225891529836,0.0,0.3656333836518294,0.34109292910992894,0.3914122195822924,0.34028616402932266,0.0,0.37765576085176783,0.0,0.0,0.0,0.0,0.0,0.38343105993096316,0.0,0.3675185142905948,0.3420379222026882,0.0,0.3789423553613425,0.0,0.3592904182898272,0.0,0.35335772597065723,0.3622184237777356,0.3848465283631231,0.3330986275498082,0.0,0.0,0.0,0.0,0.0,0.0,0.0,0.35398951489389785,0.0,0.34169405790184,0.0,0.3645048178902495,0.0,0.0,0.3221000394839135,0.37343455050721186,0.0,0.31785599030680095,0.0,0.0,0.33886840630551684,0.0,0.0,0.0,0.0,0.0,0.0,0.3626611322825623,0.3256021003666553,0.0,0.0,0.34435961022634287,0.0,0.3438527340247806,0.3510535959204414,0.0,0.0,0.0,0.3064589115650613,0.0,0.0,0.4078316247162112,0.34291847479620663,0.0,0.35849776329124866,0.0,0.3173540479999948,0.35324430040908716,0.0,0.0,0.3807597150010035,0.3200594102150087,0.3696548237320587,0.3394382949492819,0.40522339249481715,0.0,0.33509818331314417,0.0,0.0,0.0,0.3871085915121048,0.35738634741772046,0.0,0.33466777306133666,0.0,0.0,0.0,0.0,0.0,0.0,0.0,0.0,0.3497997562883554,0.362235743611197,0.0,0.0,0.0,0.0,0.0,0.324317550310338,0.39929874579608055,0.0,0.0,0.34093822772106425,0.0,0.40144137543145936,0.0,0.0,0.0,0.35484353033828864,0.318090681149123,0.0,0.0,0.34064861971253996,0.35521314789867103,0.0,0.3551677904249788,0.373870974696127,0.38434361852822896,0.37014988304645396,0.0,0.0,0.3978236864945466,0.0,0.3792347869984396,0.380413770057941,0.0,0.0,0.0,0.35677218464537896,0.0,0.0,0.0,0.0,0.0,0.35809335527828146,0.3563652381776506,0.3667702735337222,0.3412831646130363,0.0,0.0,0.0,0.0,0.36369247212429573,0.0,0.0,0.3338763760738953,0.34126865400468526,0.0,0.0,0.0,0.0,0.3671860955834379,0.3527373829012712,0.0,0.0,0.39268979696959,0.3447265039843897,0.0,0.0,0.0,0.0,0.0,0.0,0.32293356033551257,0.0,0.0,0.34614382702493685,0.0,0.0,0.316108444971223,0.0,0.0,0.0,0.3399166600253081,0.3255597836016257,0.0,0.0,0.0,0.3470830038416205,0.3809011323643051,0.0,0.0,0.0,0.346006872675756,0.0,0.0,0.0,0.0,0.0,0.0,0.3822387110943214,0.0,0.3327290873582627,0.0,0.0,0.37162793343949874,0.0,0.3892435512114141,0.0,0.413681400982815,0.3317655846042216,0.36855073337580446,0.0,0.0,0.0,0.0,0.0,0.0,0.0,0.3690903526277796,0.3825379588660081,0.0,0.0,0.0,0.0,0.0,0.3682459058388777,0.34396850630616094,0.35555076613283404,0.0,0.0,0.0,0.0,0.0,0.0,0.30807758972399074,0.0,0.3711769502266011,0.40289716844131535,0.0,0.0,0.0,0.3251493166997406,0.34863077885354354,0.0,0.32093139402749865,0.0,0.3405065299497333,0.0,0.0,0.0,0.0,0.3210363866154505,0.0,0.3783727199865311,0.0,0.0,0.0,0.0,0.0,0.0,0.0,0.0,0.3789300443444493,0.0,0.0,0.0,0.0,0.3943609592707327,0.0,0.0,0.0,0.0,0.0,0.372151861633817,0.0,0.0,0.35923176384768696,0.3997491092702775,0.0,0.0,0.0,0.0,0.0,0.3853329988967111,0.0,0.0,0.33479036197157175,0.3640089532762684,0.0,0.0,0.34217527634640404,0.0,0.0,0.0,0.0,0.0,0.0,0.0,0.3341382477955925,0.0,0.0,0.0,0.0,0.3498919867509794,0.3762846436158178,0.3523294181083906,0.36793159275705595,0.0,0.38213321374926906,0.35298843227413235,0.3540750717294251,0.0,0.0,0.39032784655466835,0.35319699669690857,0.0,0.0,0.3353024155477809,0.33200181934900125,0.3697251193630087,0.0,0.0,0.0,0.3680329728096505,0.0,0.0,0.3597502783230846,0.0,0.0,0.0,0.0,0.3688643461553783,0.3560868639743876,0.0,0.0,0.3781116648034968,0.0,0.0,0.376199864019732,0.40020027442632417,0.0,0.39025424684700066,0.3654767610251079,0.3777665294689433,0.0,0.35282088307522025,0.381800262016508,0.0,0.0,0.0,0.0,0.3852280705379662,0.367347069929737,0.0,0.3423154101259657,0.0,0.0,0.36723564182498836,0.0,0.0,0.3916051561034398,0.37719468079721363,0.0,0.0,0.394143793025797,0.33648963643117863,0.3256877871241276,0.0,0.3733238879405736,0.0,0.0,0.0,0.0,0.3547459607663986,0.0,0.3823329295784318,0.0,0.37767297244261816,0.33406347802723485,0.0,0.0,0.0,0.3253097881308216,0.0,0.0,0.0,0.3221646726642285,0.3811855318231893,0.0,0.0,0.0,0.37142725466390586,0.38915066033749707,0.0,0.0,0.3752764014218945,0.0,0.0,0.0,0.0,0.0,0.0,0.33132059259264585,0.0,0.0,0.35330112565424887,0.0,0.0,0.0,0.3955647046120817,0.0,0.0,0.3130428034003315,0.0,0.0,0.0,0.0,0.0,0.0,0.0,0.0,0.0,0.0,0.0,0.0,0.0,0.0,0.0,0.0,0.0,0.3382227182996398,0.36016089052006117,0.3472232775005478,0.0,0.0,0.3482869904415047,0.0,0.3362661778985703,0.0,0.3393411061373073,0.0,0.0,0.0,0.3521507515243967,0.0,0.0,0.3635002300653903,0.0,0.0,0.38958476510522433,0.3692293507289765,0.0,0.0,0.0,0.37373113392115215,0.0,0.0,0.0,0.0,0.0,0.0,0.0,0.0,0.0,0.0,0.0,0.0,0.0,0.0,0.0,0.0,0.0,0.35375351955636786,0.0,0.0,0.0,0.0,0.0,0.0,0.0,0.0,0.0,0.0,0.0,0.0,0.35788515756736,0.0,0.0,0.37205911192097074,0.0,0.36377895262225435,0.0,0.3331302914019705,0.0,0.37779498766197156,0.0,0.0,0.3496954588480077,0.3989967529724971,0.33481056914860685,0.0,0.0,0.0,0.0,0.0,0.0,0.3750197082580238,0.0,0.35565304526376373,0.0,0.0,0.33728151270841167,0.0,0.0,0.0,0.0,0.3732244956116695,0.3715104259286633,0.4054632480965231,0.3705455665105943,0.0,0.3658224322427297,0.3614411050914256,0.0,0.0,0.0,0.0,0.3923539608089009,0.0,0.3426753368882712,0.36709478670081974,0.3621970749625417,0.0,0.0,0.0,0.0,0.0,0.0,0.0,0.3627737369870137,0.0,0.3277369871393398,0.0,0.3422549509239635,0.0,0.36161850961904785,0.3377010788794682,0.0,0.0,0.0,0.3527733744492462,0.0,0.0,0.0,0.3451050422432766,0.3441557984769329,0.37931005569345466,0.0,0.0,0.0,0.3497955525917704,0.3449399240782264,0.0,0.0,0.3755789150419523,0.0,0.33204212307310277,0.0,0.36640520063514065,0.0,0.0,0.3831260888668712,0.0,0.3194357482903981,0.3668577373464303,0.0,0.0,0.3354458473744222,0.3322842996341495,0.0,0.339182787726768,0.35044497534567975,0.0,0.38931125144575685,0.3427972160906027,0.39344508215223095,0.0,0.0,0.397913237277212,0.3445694289191659,0.0,0.0,0.0,0.0,0.37993188407611506,0.38428177144050124,0.0,0.0,0.0,0.3886105356161032,0.35455050403175314,0.0,0.38987393675851506,0.0,0.0,0.0,0.0,0.0,0.0,0.0,0.33129689920635386,0.34629803971080286,0.0,0.38908542967719684,0.3682148372827134,0.0,0.0,0.0,0.3689637014401922,0.3682358648693851,0.3955573681623911,0.0,0.0,0.0,0.0,0.0,0.0,0.32255851957791704,0.0,0.0,0.0,0.35141590042296345,0.3806201465090742,0.3663468064671745,0.0,0.359470078798981,0.3459262250184265,0.37808730813276525,0.0,0.3705432778168476,0.0,0.0,0.0,0.36688659383824734,0.0,0.0,0.3340802082417449,0.0,0.3898024621170921,0.3682360469931377,0.3814215357268065,0.0,0.38837169387410614,0.3460362480331384,0.0,0.36325553595298876,0.3927775212976296,0.37087895169435237,0.0,0.0,0.0,0.4106289176320497,0.3726245647107953,0.3535311531160322,0.0,0.3796757087074394,0.0,0.0,0.0,0.0,0.0,0.0,0.0,0.3738648651764925,0.3694290866568088,0.0,0.0,0.0,0.0,0.0,0.0,0.36015937864498726,0.0,0.0,0.0,0.0,0.0,0.37860333453544515,0.0,0.0,0.3552854017217683,0.3191469565216739,0.0,0.35570036400840643,0.0,0.34530713773454885,0.0,0.0,0.0,0.3354323938002181,0.3665629539958151,0.0,0.0,0.0,0.0,0.38072702262656893,0.3868648292877432,0.0,0.0,0.3483377781665829,0.0,0.0,0.0,0.0,0.0,0.36078413217922223,0.0,0.0,0.0,0.0,0.0,0.0,0.0,0.0,0.3699120851421737,0.337406769658024,0.36841088854823295,0.39062830900276974,0.0,0.39122787083604915,0.35280334491249854,0.0,0.0,0.3807541211293179,0.3814398473479184,0.0,0.3756324738449609,0.0,0.3713544246886899,0.36971589193580173,0.0,0.0,0.0,0.37779244276136,0.0,0.36207466132519794,0.3714853469737398,0.0,0.0,0.0,0.0,0.0,0.38143699003058607,0.35536485302188,0.0,0.0,0.0,0.4113535684181165,0.35617472441531395,0.3710762470185173,0.0,0.0,0.3712248440632188,0.3566086207649833,0.0,0.0,0.0,0.0,0.0,0.3666679800520387,0.0,0.0,0.0,0.36791231200237545,0.0,0.3765672758446596,0.0,0.0,0.0,0.34535427281863346,0.0,0.38383252617018626,0.0,0.32602094245079916,0.0,0.0,0.3584059840246516,0.3561227013828097,0.0,0.0,0.0,0.0,0.35753379331672364,0.0,0.0,0.0,0.0,0.0,0.35272052969391493,0.0,0.33902517614876587,0.0,0.35873097228434336,0.0,0.0,0.371062149803824,0.3848260206769566
0.0,0.0,0.0,0.0,0.0,0.0,0.0,0.838389033873365,0.0,0.0,0.8183008431918668,0.0,0.0,0.8270851482588277,0.0,0.0,0.0,0.0,0.0,0.0,0.0,0.0,0.0,0.0,0.0,0.8230166365661605,0.8196945663076645,0.8188123522910059,0.8214410265784555,0.813146892854256,0.817500710835636,0.0,0.0,0.0,0.8260180746447595,0.0,0.0,0.0,0.0,0.8337408850310302,0.8306885441680975,0.0,0.0,0.0,0.8414513699959457,0.8280106297805808,0.8745417114402104,0.8411643291985452,0.0,0.0,0.0,0.0,0.0,0.8568572172305238,0.8231142203496284,0.8209385858386925,0.0,0.0,0.0,0.8278877518897865,0.0,0.0,0.8189446406230289,0.8710283162851297,0.8264173085171282,0.0,0.8323436645472461,0.0,0.0,0.8253528794787962,0.8157470406324847,0.0,0.0,0.0,0.0,0.0,0.8517902244056975,0.8143900848798896,0.0,0.0,0.0,0.0,0.0,0.8534775369452275,0.8448919893935386,0.0,0.0,0.0,0.8186426517144698,0.8256024127715501,0.8058962616891158,0.0,0.0,0.0,0.0,0.0,0.8192435217369276,0.0,0.0,0.0,0.0,0.0,0.8495119391859203,0.8450708153933906,0.0,0.0,0.8066260143190503,0.0,0.8133236824821363,0.8112210286761242,0.8394850060465529,0.0,0.8406814396679783,0.0,0.0,0.0,0.0,0.0,0.827113276296766,0.0,0.8491473269522086,0.0,0.8582944779830922,0.0,0.0,0.0,0.0,0.8386904292394912,0.827337862243367,0.0,0.0,0.0,0.0,0.0,0.0,0.8166557075787773,0.8046351856090542,0.0,0.0,0.0,0.0,0.0,0.0,0.0,0.0,0.8339268051658412,0.0,0.0,0.0,0.0,0.0,0.0,0.0,0.0,0.8381565013361626,0.8319193411314003,0.0,0.0,0.0,0.8392356666746813,0.8201327066821237,0.8365364382274607,0.8353421684663308,0.0,0.835160869724608,0.0,0.8454016121846343,0.8278414211675884,0.8369728163680388,0.8459617029810412,0.8438028717106951,0.0,0.0,0.8259274562644322,0.0,0.0,0.8180426430002957,0.0,0.0,0.0,0.0,0.0,0.8583833526567474,0.0,0.0,0.0,0.0,0.0,0.0,0.0,0.0,0.0,0.8179713569220518,0.0,0.0,0.0,0.0,0.0,0.0,0.8361502269180503,0.8286214112005976,0.0,0.8438107545815683,0.0,0.0,0.0,0.8161771640779953,0.0,0.0,0.0,0.8153702460230849,0.8189874343659161,0.0,0.0,0.0,0.8029805829913537,0.0,0.8267815243530812,0.0,0.8302244525600874,0.0,0.0,0.0,0.0,0.8431653086159747,0.0,0.0,0.0,0.83471785400372,0.0,0.8355671901255903,0.8311031923962198,0.8435987995956516,0.8179572066149133,0.8475259008608272,0.8150203785032637,0.8222122871088269,0.862332578802692,0.8030904865223365,0.0,0.0,0.0,0.8310178076871189,0.8278728984979004,0.8410938040141637,0.0,0.0,0.0,0.0,0.8256596938909551,0.8162904107479209,0.0,0.8318657581365526,0.0,0.8143084833358547,0.8257674890926437,0.0,0.0,0.0,0.8213934200226117,0.8263012221955469,0.7972559222160858,0.0,0.0,0.0,0.8085916242719932,0.0,0.828854535082322,0.8152179985283033,0.0,0.8352119585189165,0.8241567928046819,0.0,0.822743446287992,0.8181916250130784,0.8351502963514039,0.8232225874621888,0.0,0.0,0.0,0.0,0.0,0.815768439732697,0.0,0.8337664195940206,0.0,0.8275087094938733,0.8076666541632288,0.8708678055407427,0.0,0.8460687780065246,0.0,0.0,0.0,0.0,0.0,0.0,0.0,0.0,0.0,0.8546554386499661,0.8228957652999441,0.8308507856662517,0.0,0.0,0.0,0.0,0.0,0.823676237375732,0.0,0.0,0.0,0.0,0.8210715947764338,0.8274141568885774,0.8413312055289953,0.0,0.0,0.0,0.8064539894612514,0.8366944474742191,0.0,0.8091843104789644,0.8227966090309499,0.0,0.0,0.8217679867824854,0.0,0.0,0.0,0.0,0.0,0.0,0.8136097761231577,0.0,0.0,0.8311063834792217,0.0,0.8487381383816247,0.0,0.8599797139648888,0.0,0.0,0.8481833461797624,0.0,0.0,0.0,0.0,0.797515350476455,0.0,0.8361103588391867,0.0,0.0,0.0,0.8490924368395564,0.0,0.8375382402552052,0.8428873056379534,0.0,0.0,0.0,0.8210631539288502,0.821402798908514,0.8463618032708757,0.0,0.0,0.8213468069685391,0.0,0.8063531480638835,0.8168137142556402,0.8060895757535481,0.8408861661657402,0.0,0.0,0.0,0.0,0.0,0.8156910912422956,0.0,0.0,0.8352416664320559,0.0,0.0,0.0,0.8625145557879992,0.8243689624342708,0.0,0.0,0.0,0.0,0.0,0.0,0.0,0.0,0.8247203402253279,0.8284976871656685,0.8318378831391626,0.0,0.0,0.0,0.0,0.0,0.8529920995592529,0.8227516227595103,0.0,0.8630523716470977,0.8284195942471617,0.0,0.0,0.0,0.0,0.8373270470395682,0.0,0.8400125869529863,0.0,0.0,0.0,0.0,0.8572427458353101,0.8186596325197689,0.0,0.0,0.0,0.8400170646176914,0.0,0.0,0.8358131409684821,0.0,0.0,0.0,0.0,0.0,0.0,0.0,0.850640586279539,0.831805655072861,0.0,0.808884958509871,0.8413906186148976,0.0,0.0,0.0,0.8315968355503622,0.8573626233733811,0.0,0.0,0.0,0.0,0.8387663197816032,0.0,0.8255455146371161,0.0,0.0,0.0,0.821760434751535,0.8276806247034282,0.0,0.0,0.8333623522695067,0.0,0.0,0.8266166707203976,0.8342792065810257,0.8216274502648205,0.8540355619796298,0.0,0.0,0.8348502375764567,0.0,0.835194120942666,0.0,0.8453465302761652,0.0,0.8240857207832883,0.0,0.0,0.0,0.8515980496133863,0.8269843003195408,0.0,0.0,0.0,0.0,0.8403464797371094,0.0,0.0,0.0,0.0,0.0,0.8310924639632321,0.0,0.0,0.0,0.0,0.8544440728681453,0.0,0.8667401923169349,0.0,0.0,0.0,0.0,0.795981337095845,0.8422789428647374,0.827979290963888,0.0,0.0,0.8176816281732128,0.8204873444987946,0.8414194929763094,0.0,0.8377428455965642,0.8478035094477371,0.0,0.0,0.0,0.0,0.0,0.0,0.0,0.8470907907692686,0.836874210800477,0.8450191025027074,0.8160720375651324,0.8277634944640408,0.8226665544670652,0.0,0.0,0.8218013858242774,0.8494437777084353,0.0,0.0,0.8242545532446733,0.8369100157767774,0.0,0.8342121253013819,0.7973591604251876,0.0,0.8471287781150255,0.8232085888040515,0.0,0.0,0.0,0.0,0.0,0.815917404895126,0.0,0.8267150693338016,0.8316109485329156,0.84642932401902,0.0,0.0,0.0,0.0,0.8280489904295931,0.0,0.0,0.0,0.8252433895682156,0.0,0.8101577426155372,0.0,0.0,0.0,0.0,0.0,0.0,0.0,0.0,0.8357544321132173,0.8688261902829677,0.8410084900583139,0.815719659759173,0.0,0.8100574882481103,0.0,0.0,0.0,0.8380651963461535,0.0,0.0,0.0,0.8254433449307947,0.8281210174244421,0.8190310414380292,0.0,0.0,0.0,0.8030868224983578,0.0,0.818675341314255,0.0,0.0,0.8289079450144188,0.0,0.8338368251092537,0.8435467979053095,0.0,0.0,0.8177703277186722,0.842931769350778,0.8232661811357942,0.0,0.0,0.820691935811905,0.0,0.0,0.0,0.0,0.0,0.0,0.8205339245348677,0.0,0.0,0.0,0.832996704204079,0.0,0.8049234339393008,0.0,0.0,0.8053619460087728,0.0,0.0,0.0,0.8479244013448837,0.0,0.0,0.0,0.0,0.0,0.0,0.0,0.8153973862030798,0.0,0.0,0.0,0.0,0.814787245233423,0.8413166020326414,0.8165487431358475,0.0,0.8361811367197743,0.0,0.0,0.8166966627841857,0.8375117633060823,0.0,0.0,0.0,0.838016656161276,0.0,0.0,0.8218111954012498,0.0,0.0,0.0,0.0,0.0,0.0,0.0,0.0,0.0,0.0,0.0,0.8146009341078213,0.0,0.8243830903039123,0.8704245711418716,0.0,0.8233636647917795,0.0,0.8426593677481456,0.0,0.0,0.8108087622810157,0.8527442146950817,0.8363685239196771,0.8110929889143541,0.0,0.0,0.0,0.0,0.0,0.0,0.0,0.0,0.8388150815564936,0.8242790963452689,0.823753593777871,0.0,0.0,0.0,0.0,0.8138592060334099,0.0,0.8091344781844358,0.8573412199216879,0.8414192992009688,0.7998624539275827,0.8304247215745882,0.0,0.848226463396815,0.8166779507651722,0.8319824371146874,0.0,0.8486182071407272,0.0,0.0,0.0,0.0,0.8220055466046897,0.8380183712819164,0.0,0.0,0.0,0.8125146345946113,0.0,0.0,0.8349662038411466,0.7956492671396929,0.0,0.8338110784681575,0.0,0.0,0.0,0.0,0.0,0.8268886012763298,0.788661622217636,0.0,0.0,0.8348564112285332,0.0,0.0,0.83254473929615,0.8318789677257572,0.8474093661868999,0.8407995829064737,0.8186684626886238,0.0,0.8235609136683989,0.8069412492302264,0.0,0.8438295425041384,0.0,0.0,0.8375593747574744,0.0,0.8086556003246285,0.8274480231478119,0.8158057198270402,0.0,0.8316737256887864,0.8236128548525087,0.8257108780722444,0.0,0.0,0.0,0.8342138486855222,0.0,0.0,0.0,0.8269614609494634,0.0,0.0,0.0,0.8149974654170323,0.0,0.0,0.0,0.8095776570542248,0.0,0.0,0.0,0.8276599666726774,0.0,0.0,0.8568399727567658,0.8250441019533069,0.0,0.0,0.0,0.0,0.0,0.0,0.8205011529156991,0.0,0.8300257230431649,0.8271504823854418,0.0,0.8056782480491512,0.0,0.823543693892696,0.0,0.8268416198849489,0.8130534164627373,0.0,0.0,0.0,0.8258932400760274,0.0,0.0,0.0,0.8189380267349117,0.0,0.0,0.0,0.8204180015306038,0.0,0.0,0.0,0.0,0.8260605734461524,0.0,0.8019140937660763,0.0,0.0,0.8258673584394879,0.0,0.0,0.8303028359180515,0.8374389574601364,0.0,0.0,0.0,0.0,0.0,0.0,0.0,0.0,0.0,0.8282761770259693,0.0,0.8198589686788466,0.0,0.8285855757338205,0.0,0.0,0.0,0.0,0.0,0.8244663990584141,0.0,0.8056826283096388,0.0,0.0,0.0,0.0,0.0,0.867240188818848,0.0,0.0,0.0,0.0,0.0,0.8376658537525444,0.0,0.0,0.0,0.8319872730038976,0.0,0.0,0.0,0.825134511208364,0.0,0.8176133727483792,0.0,0.0,0.0,0.8403444148371132,0.0,0.8200560742560262,0.0,0.8177228489626904,0.818014541704826,0.0,0.0,0.0,0.8413011885700934,0.0,0.0,0.8271796546985277,0.0,0.0,0.0,0.0,0.0,0.8040210808214902,0.0,0.826351099070764,0.8069747531340232,0.0,0.8225094559933471,0.0,0.0,0.8662642946887288,0.0,0.0,0.0,0.8247382306197165,0.0,0.813761481033946,0.0,0.0,0.8399615592225951,0.0,0.0,0.8138308571414967,0.0,0.0,0.0,0.0,0.0,0.0,0.0,0.0,0.0,0.8441572822112152,0.8136481953011607,0.8104674859950922,0.8555967261586918,0.8363425557205688,0.0,0.0,0.0,0.0,0.0,0.0,0.0,0.0,0.0,0.0,0.8186639981015772,0.8242869893441698,0.0,0.8211942303200741,0.0,0.832342308577986,0.0,0.0,0.0,0.0,0.8180344513137349,0.8347261431223594,0.0,0.0,0.8408392998922197,0.8597008282044577,0.0,0.7918716646867254,0.7990622997030742,0.0,0.0,0.0,0.0,0.846817328752664,0.0,0.8641191072342935,0.0,0.0,0.0,0.0,0.8412654533327895,0.844747906040393,0.8199364741313521,0.0,0.0,0.0,0.0,0.8160457896871348,0.8472032065860572,0.0,0.0,0.0,0.0,0.0,0.0,0.0,0.0,0.8247472664483134,0.8573567598631319,0.8359739363581974,0.0,0.0,0.8195472415238658,0.0,0.0,0.8138223104996234,0.8336050713211285,0.0,0.8255239440073535,0.819561886662915,0.8611214456432742,0.0,0.0,0.0,0.0,0.8270795819163124,0.8356803904596243,0.8345701277811836,0.0
0.0,0.0,0.0,0.0,0.0,0.18006683156778683,0.182367660524715,0.0,0.14568074112892226,0.20073106830491017,0.0,0.0,0.0,0.0,0.0,0.0,0.0,0.18126325550157837,0.0,0.0,0.0,0.0,0.0,0.0,0.19757738104453065,0.1746989985862933,0.0,0.20314608695973307,0.0,0.0,0.15811403108334757,0.0,0.0,0.0,0.1999634896809988,0.14295868762703864,0.1960269485702943,0.0,0.0,0.0,0.17257791805863068,0.1732447086720669,0.0,0.0,0.18587531560856424,0.2135577490435942,0.0,0.0,0.18975888019284978,0.0,0.0,0.0,0.0,0.0,0.20663622011883923,0.17628337923622128,0.0,0.0,0.1865028960310778,0.1959656848918127,0.1952359586139353,0.0,0.0,0.11688519598629578,0.18310676153413938,0.16416868312275792,0.0,0.14949876753939204,0.0,0.16286252706189477,0.16622423885230317,0.0,0.17337996197900313,0.0,0.18688083795208843,0.0,0.19583459743085968,0.0,0.0,0.0,0.0,0.18393871832449632,0.0,0.1700930683980409,0.0,0.0,0.20167792539794704,0.0,0.0,0.1955953810437208,0.18957922624298235,0.0,0.0,0.18018568720231162,0.0,0.0,0.0,0.0,0.0,0.0,0.0,0.1194553782483142,0.0,0.0,0.0,0.0,0.17709351333314463,0.12510884989797583,0.22781964942236158,0.16230996619048318,0.159272334602367,0.17604323918436274,0.0,0.0,0.15708698101496976,0.0,0.0,0.16797331589261363,0.19571940961830483,0.0,0.17361510775710676,0.0,0.17339740881567445,0.0,0.15692648297191214,0.0,0.15105544780857408,0.0,0.0,0.0,0.0,0.12210613441529708,0.16081162010492753,0.0,0.1718226930928451,0.183475161769779,0.20096393053223122,0.0,0.15629378271793312,0.0,0.0,0.194000793150363,0.0,0.1622505394511283,0.0,0.0,0.0,0.0,0.0,0.0,0.19354090566775084,0.0,0.12897754470359027,0.0,0.1603567120578091,0.0,0.189417720634934,0.0,0.1946268255562961,0.0,0.0,0.0,0.0,0.0,0.0,0.13995921209449375,0.0,0.0,0.18583001887650802,0.16387770344389052,0.0,0.21786773692033448,0.0,0.19047373653178776,0.19708741046624584,0.0,0.0,0.18394396534178403,0.0,0.17696726189467374,0.0,0.0,0.1747061298093202,0.0,0.19279449094565143,0.0,0.1670939024001058,0.0,0.0,0.157701500236928,0.19857780394267152,0.0,0.0,0.0,0.0,0.0,0.1759935231681846,0.0,0.0,0.17422078983169775,0.0,0.0,0.0,0.0,0.0,0.0,0.0,0.0,0.0,0.0,0.1666453278391051,0.1568647784383877,0.0,0.0,0.0,0.0,0.0,0.0,0.0,0.16097923084243823,0.0,0.0,0.0,0.0,0.0,0.18102317924078531,0.1867845798718868,0.17507176606885405,0.0,0.0,0.0,0.0,0.0,0.0,0.0,0.16339214583168976,0.19396300216298656,0.0,0.0,0.24020135194235517,0.0,0.0,0.18917485406097162,0.19048201167515041,0.0,0.1920766766988603,0.0,0.0,0.0,0.1645578458573062,0.0,0.1995085427927164,0.0,0.17497946789992153,0.0,0.0,0.0,0.0,0.15063137942621974,0.0,0.16753339088504537,0.0,0.0,0.0,0.0,0.0,0.19017725102169084,0.16992572547685064,0.0,0.0,0.11893205091723848,0.19463709836792947,0.17099988870332547,0.14879127180018256,0.1609184626367077,0.23140404395671657,0.18420342173076842,0.0,0.0,0.0,0.17443274206750425,0.0,0.24133405873420513,0.1635640056533848,0.0,0.1813095119067882,0.0,0.0,0.16607240041169777,0.0,0.189836818911822,0.0,0.0,0.0,0.0,0.0,0.0,0.0,0.0,0.16878862887504734,0.15624505342111392,0.21094503980840357,0.0,0.0,0.1953061507117825,0.18385904970073647,0.2013819035797756,0.17762460466257068,0.0,0.0,0.0,0.0,0.0,0.0,0.0,0.1871598594420825,0.0,0.0,0.0,0.0,0.1609371966114921,0.17719067131280933,0.0,0.0,0.16048953069804409,0.0,0.0,0.0,0.0,0.1690495729731735,0.0,0.19920935830519695,0.0,0.0,0.0,0.0,0.0,0.14907353076315774,0.1971426693163414,0.0,0.0,0.0,0.0,0.0,0.18550335299952161,0.0,0.18512413285001658,0.20481179748087744,0.17301399807075854,0.0,0.0,0.0,0.0,0.0,0.0,0.0,0.0,0.17528320761310603,0.0,0.1806589149910217,0.0,0.13816811293524928,0.0,0.0,0.1985692386511001,0.0,0.22803205931976944,0.0,0.0,0.0,0.18555720786663635,0.18253703672073474,0.0,0.16039393211324024,0.0,0.0,0.1635703811892185,0.0,0.0,0.0,0.0,0.17084845536471593,0.0,0.17357002936367008,0.0,0.0,0.18273306479099893,0.0,0.0,0.0,0.17587565666105007,0.0,0.0,0.0,0.0,0.17225172213078768,0.2010933299386128,0.0,0.0,0.0,0.0,0.0,0.0,0.0,0.1806871120247731,0.16858978338706287,0.0,0.0,0.0,0.0,0.1555038480739196,0.0,0.0,0.1772517681553624,0.0,0.0,0.0,0.1997250670069979,0.0,0.15535084434598245,0.0,0.0,0.0,0.0,0.21615083160978169,0.0,0.0,0.16090633654402461,0.0,0.19109526757618753,0.0,0.0,0.0,0.14462211162290972,0.0,0.0,0.0,0.16012834758140193,0.0,0.0,0.17300384512033803,0.214774450806824,0.0,0.12968347122828489,0.0,0.0,0.0,0.0,0.22464447495324893,0.0,0.0,0.17762546593781445,0.163872924145801,0.23846402270013628,0.18447118755958275,0.0,0.0,0.17722240352230142,0.0,0.0,0.0,0.16693704397928574,0.0,0.0,0.0,0.0,0.0,0.0,0.1748614751823271,0.0,0.0,0.18284985783104132,0.0,0.0,0.0,0.18115304128538134,0.21756770369953887,0.0,0.16406077410083808,0.0,0.0,0.0,0.0,0.0,0.0,0.0,0.0,0.0,0.0,0.20971513818964221,0.0,0.0,0.0,0.0,0.0,0.14362012999338752,0.0,0.0,0.0,0.0,0.17303136491405502,0.0,0.0,0.15064159962585233,0.0,0.13177892461340493,0.17880605824255288,0.0,0.19825188366510468,0.0,0.0,0.17733580081758699,0.0,0.0,0.0,0.0,0.0,0.19496408316205643,0.0,0.0,0.17352654828269878,0.0,0.0,0.15939114445482688,0.0,0.0,0.0,0.0,0.18727245451689284,0.0,0.0,0.18461521277840032,0.16534077070810993,0.0,0.0,0.0,0.0,0.0,0.0,0.19909560534241777,0.0,0.0,0.0,0.1505126809623626,0.16160890812410883,0.0,0.0,0.15438364727710246,0.13236984386182649,0.0,0.0,0.0,0.0,0.0,0.19085299735338393,0.0,0.0,0.0,0.17859727489167712,0.17164416012468317,0.1759964566808076,0.0,0.15702006790570153,0.0,0.19977871553402501,0.0,0.16892552010434303,0.0,0.21776156149566434,0.0,0.20190347841032835,0.0,0.0,0.21923471098837108,0.13809584728106664,0.15284445051426995,0.0,0.17777779408572514,0.0,0.14965884119036005,0.18139038995184523,0.0,0.0,0.0,0.2256196823185419,0.1957780610029953,0.18567470554566523,0.14404382415726474,0.0,0.15551635740336517,0.17867264853374168,0.0,0.0,0.0,0.17595979416108687,0.0,0.0,0.15655962098643125,0.0,0.21897660415228937,0.0,0.0,0.1784788506614234,0.0,0.0,0.0,0.0,0.15843593554801627,0.0,0.19575371773049202,0.16955843139917834,0.0,0.0,0.0,0.16851240708039134,0.0,0.19356764546373814,0.19495984354413218,0.1426628629265309,0.0,0.0,0.0,0.19931218423757074,0.0,0.18850210285769284,0.1615160859210405,0.16538199009350202,0.0,0.15270743560269437,0.0,0.16165209181082452,0.0,0.17044825198121386,0.0,0.0,0.0,0.1935116435211446,0.1931483524455344,0.0,0.0,0.22103444710189885,0.0,0.0,0.0,0.0,0.0,0.0,0.14660151171327976,0.0,0.18401829584054155,0.195581970093294,0.0,0.0,0.0,0.18932720176452814,0.0,0.0,0.1833484047387264,0.0,0.0,0.0,0.0,0.0,0.0,0.19392233591523292,0.20401977490538578,0.0,0.0,0.0,0.0,0.17317728836384183,0.0,0.14596643922504832,0.0,0.21275580260726093,0.0,0.0,0.0,0.0,0.2140023170671971,0.0,0.0,0.0,0.0,0.13858494339257924,0.18930261301942308,0.0,0.0,0.13620510527244079,0.0,0.0,0.18394505886763857,0.18075382893765268,0.0,0.0,0.0,0.0,0.0,0.1948292385375754,0.17455669652259886,0.15546009536300906,0.2039269107078978,0.0,0.0,0.0,0.0,0.0,0.17572469347989833,0.19657052162484226,0.0,0.17981369038125639,0.0,0.0,0.0,0.0,0.0,0.1760625811583529,0.0,0.17505693594769395,0.0,0.18653649491490829,0.0,0.1678081081163262,0.0,0.1733664062178663,0.0,0.0,0.1917051767647219,0.0,0.0,0.16612816850270323,0.17965715427435694,0.0,0.0,0.17768943109197446,0.1845949287167635,0.0,0.0,0.0,0.1822557142873828,0.0,0.17990984503098886,0.19044021931942745,0.0,0.20021326718941468,0.0,0.17280216854354688,0.2014655689930828,0.0,0.0,0.18326005450257302,0.15238427617014552,0.0,0.0,0.1901438612933418,0.0,0.0,0.0,0.0,0.1703661926771048,0.0,0.0,0.1521281303658464,0.0,0.2055764614758971,0.16743861685491057,0.1544210342925187,0.0,0.0,0.0,0.0,0.0,0.0,0.16312706502316854,0.0,0.0,0.14912681343547443,0.2169005192225961,0.0,0.16848099173919526,0.0,0.18579309799183785,0.0,0.0,0.0,0.0,0.0,0.0,0.17865448580920332,0.21743420764922966,0.0,0.0,0.19002065692209788,0.0,0.0,0.0,0.0,0.0,0.0,0.0,0.0,0.0,0.0,0.0,0.0,0.0,0.2048501453178176,0.16520918656204892,0.0,0.0,0.14489876459042283,0.19823906433300395,0.0,0.0,0.0,0.17836282979495582,0.18565051674269692,0.17828217712133923,0.20232430113167785,0.0,0.0,0.0,0.15181219935662635,0.1900029105612202,0.1980951293382106,0.0,0.0,0.0,0.1617296805595129,0.0,0.0,0.0,0.0,0.0,0.0,0.0,0.0,0.0,0.0,0.0,0.0,0.20840679938823706,0.1560882923620731,0.0,0.17572575647178754,0.18762525631930416,0.0,0.0,0.0,0.17895966587569548,0.0,0.0,0.13918757010141197,0.17729931732760745,0.0,0.0,0.0,0.15494084066642083,0.0,0.1976762003493406,0.0,0.0,0.0,0.0,0.0,0.0,0.18509906380123334,0.0,0.15258792683377248,0.0,0.1968030244658005,0.0,0.0,0.0,0.0,0.0,0.0,0.0,0.16903120886523765,0.1721987451954853,0.0,0.0,0.0,0.18834748797798362,0.1506599135746257,0.0,0.0,0.0,0.0,0.0,0.0,0.0,0.0,0.0,0.0,0.0,0.0,0.0,0.0,0.14868788546060283,0.0,0.0,0.0,0.17906895843887002,0.17736831732945327,0.0,0.20318441183336114,0.0,0.0,0.0,0.0,0.17115837493748784,0.1394298576285487,0.0,0.17861489898199498,0.0,0.16687614136987647,0.0,0.13557582140970229,0.0,0.19539090804026607,0.0,0.15512880272669358,0.21131553940343706,0.17027946711328695,0.1700226219013106,0.0,0.17958957525181968,0.0,0.0,0.0,0.0,0.0,0.0,0.0,0.0,0.0,0.0,0.0,0.16186423677418693,0.0,0.0,0.0,0.0,0.0,0.16535041441290438,0.18638696348648404,0.0,0.0,0.0,0.1629274161562783,0.19421882486956846,0.0,0.0,0.0,0.18631872338222272,0.0,0.0,0.0,0.0,0.0,0.0,0.0,0.18773122262960693,0.0,0.0,0.1989398981340244,0.0,0.0,0.1441694373739033,0.14745530443743332,0.0,0.0,0.1956963528692493,0.22176311085224246,0.0,0.0,0.17505908316882773,0.0,0.0,0.16263977642076347,0.1772755333146589,0.0,0.0,0.0,0.0,0.0,0.144964905647098,0.16690615118544785,0.1949780042672674,0.20857884130142393,0.16696342494243782,0.0,0.1715765479819935,0.0,0.18686645097459412,0.0,0.0,0.16432490084020188,0.1788808048984286
0.0,0.0,0.0,0.0,0.838810774628559,0.0,0.0,0.0,0.8044595964805399,0.0,0.0,0.0,0.0,0.7882475769661101,0.0,0.8351280268295945,0.8246564447150131,0.0,0.8076680125014681,0.0,0.0,0.8234754232697867,0.0,0.0,0.0,0.0,0.8529759886667788,0.0,0.0,0.8075732264387844,0.0,0.0,0.8224709722934422,0.0,0.8145236125735976,0.0,0.0,0.0,0.794575881665667,0.0,0.8212475304897251,0.0,0.0,0.0,0.0,0.0,0.0,0.8555538751041107,0.8239935147584428,0.8732810971378854,0.0,0.0,0.8371216329756539,0.0,0.8222301167927129,0.8139519770181539,0.0,0.0,0.0,0.8514992493873897,0.7770862741862419,0.0,0.8350603621551863,0.8539600908341183,0.0,0.8171904811657046,0.8029307544540155,0.7931974969501054,0.0,0.0,0.0,0.8359044975556136,0.0,0.0,0.0,0.0,0.7984279397268,0.0,0.0,0.0,0.8045142436138218,0.0,0.0,0.8338315503371604,0.0,0.831354735981583,0.0,0.7803967614598593,0.8626726901306724,0.8520793398642291,0.0,0.0,0.0,0.8494714714059168,0.0,0.0,0.0,0.8122211279741687,0.0,0.8600624382269311,0.0,0.8499066942773139,0.7900592804637522,0.0,0.0,0.0,0.7919278518313866,0.0,0.0,0.0,0.8149665040906976,0.0,0.8455583208456844,0.0,0.0,0.819461127289979,0.0,0.0,0.0,0.0,0.0,0.0,0.0,0.0,0.0,0.8323488485747349,0.0,0.8372395431345231,0.8867912737844861,0.0,0.0,0.8597040147754775,0.0,0.0,0.8433850026776517,0.8637040546017845,0.8199133891517865,0.0,0.8254370893015307,0.0,0.0,0.0,0.0,0.0,0.8429626064686088,0.0,0.0,0.0,0.7949556570514524,0.8323506520244691,0.8539483319037185,0.0,0.0,0.0,0.8578803594177957,0.8113064777902321,0.0,0.0,0.0,0.8896816508770979,0.8535943769854302,0.7920218546978048,0.7936662467851754,0.8440255488741629,0.8213574263046732,0.8522960182916187,0.8754431859078077,0.0,0.8775168552616415,0.8046569188532329,0.0,0.7944935577192449,0.0,0.0,0.0,0.0,0.8059774640862927,0.8081075667980584,0.0,0.822345192632712,0.0,0.0,0.8807277140307471,0.8325881150608777,0.0,0.0,0.8401253188399074,0.0,0.0,0.0,0.0,0.8029208420924555,0.8075029718037531,0.0,0.0,0.8355518731090151,0.8398861750476049,0.0,0.0,0.0,0.8168901196570817,0.0,0.8178173936809812,0.0,0.0,0.0,0.814995420220952,0.0,0.7995611169464988,0.0,0.0,0.8175872279538833,0.0,0.0,0.0,0.8267780254469967,0.8402988624490365,0.8668644989107425,0.8350674671968065,0.8302334569663238,0.0,0.8338381443499394,0.0,0.0,0.0,0.0,0.0,0.0,0.0,0.8751267576045659,0.0,0.0,0.8229201391363143,0.0,0.0,0.0,0.8346522590118297,0.0,0.0,0.0,0.8090273589701641,0.0,0.7911775168251357,0.8174819296807806,0.0,0.8288278659048202,0.0,0.0,0.8453497219164997,0.0,0.8362607887511083,0.0,0.0,0.8284418781854884,0.8325959026977939,0.8342818561530189,0.0,0.0,0.8354100528889029,0.0,0.0,0.8654903540172176,0.8704576524415943,0.0,0.0,0.8207430081599484,0.8468478766303763,0.0,0.8186560297222248,0.8170954920960213,0.0,0.0,0.8112725340736242,0.0,0.8416936684272504,0.8300691680104861,0.9008406844230398,0.0,0.0,0.0,0.0,0.0,0.8660754347668538,0.0,0.0,0.0,0.0,0.0,0.8555434980919314,0.0,0.8198804746537485,0.8536654905834766,0.0,0.0,0.0,0.0,0.0,0.0,0.0,0.8033513197788175,0.8181169851164416,0.0,0.0,0.0,0.8238160350774253,0.0,0.0,0.0,0.0,0.865575992948218,0.8141957742767765,0.0,0.0,0.0,0.0,0.8336610498311261,0.8355263964691111,0.0,0.0,0.0,0.0,0.8684294568948464,0.0,0.0,0.7944007776735482,0.0,0.8388499959317667,0.0,0.0,0.0,0.8091254680130534,0.7969393320168199,0.0,0.0,0.0,0.0,0.7979366474104311,0.0,0.8375990078580182,0.0,0.0,0.8397154684531463,0.7908750782310213,0.0,0.7836130136948376,0.8553144046321876,0.8668993435290578,0.7964849307507782,0.0,0.0,0.0,0.0,0.0,0.0,0.0,0.8442099811015381,0.0,0.0,0.8081786362295187,0.0,0.0,0.8688698999608495,0.0,0.0,0.0,0.0,0.0,0.8733097778039303,0.8232524763244673,0.8372659322540348,0.0,0.7854708332842505,0.0,0.0,0.8357464933803433,0.0,0.0,0.0,0.0,0.0,0.0,0.0,0.8192846367599629,0.0,0.8134321386277287,0.8157385872729355,0.8381315129654402,0.0,0.8190398209747827,0.0,0.0,0.0,0.8405491709548212,0.0,0.7977716577814973,0.8153137082614794,0.8122656102108397,0.0,0.8441599405940745,0.0,0.0,0.0,0.0,0.0,0.8452665063693265,0.8454316575195963,0.0,0.0,0.0,0.8135813409817171,0.0,0.0,0.0,0.8163829870771605,0.8513964389552509,0.0,0.0,0.0,0.0,0.8287148920432267,0.8329472809692179,0.8225337100079643,0.8101260809387822,0.8607983915275116,0.8479133743255712,0.8574939234113987,0.8463257176094883,0.810710216014279,0.0,0.8231242102979378,0.0,0.0,0.0,0.8026748919643235,0.8084513333267044,0.0,0.8103557777351842,0.798138935905624,0.8606582864584251,0.0,0.0,0.8277439564087581,0.7944449068500545,0.0,0.0,0.0,0.0,0.0,0.0,0.0,0.0,0.0,0.0,0.8559504797354,0.0,0.0,0.8277900527815029,0.0,0.843017196181119,0.0,0.8211600646013774,0.0,0.0,0.0,0.0,0.0,0.0,0.8819808167515023,0.0,0.0,0.0,0.8069228949815346,0.8542874208964036,0.8154054512140168,0.0,0.8516131297809462,0.8426192746546386,0.0,0.0,0.0,0.8385648274113232,0.0,0.0,0.8063018251580514,0.0,0.0,0.0,0.0,0.0,0.8668746772507159,0.0,0.0,0.0,0.0,0.0,0.0,0.0,0.0,0.0,0.0,0.0,0.0,0.8215863921543463,0.8278797473023999,0.0,0.0,0.0,0.8375950388924969,0.8276621446203792,0.8776770363449934,0.8435308801541027,0.0,0.0,0.0,0.848646151659693,0.8511858002224668,0.0,0.0,0.0,0.8080082044180761,0.0,0.8388394766622487,0.0,0.8192325249497977,0.8302870544192857,0.0,0.0,0.0,0.0,0.8667835740137191,0.0,0.0,0.809570413922675,0.7959324400484498,0.0,0.0,0.0,0.0,0.8356170746898389,0.0,0.0,0.0,0.8379144373486409,0.0,0.799174469785616,0.0,0.8247634104647015,0.0,0.0,0.0,0.0,0.8619574633528055,0.8202350466428296,0.0,0.0,0.0,0.0,0.0,0.8163873197869334,0.0,0.8788174192214884,0.8071946761188734,0.8184004371762372,0.8185934853093901,0.8503667298747484,0.8548138603865114,0.8096265357874451,0.8429555110731876,0.0,0.0,0.7830498795201007,0.0,0.0,0.0,0.0,0.0,0.0,0.8595054860361939,0.0,0.7663587541685584,0.0,0.0,0.0,0.8370945602080128,0.0,0.8174385242641987,0.0,0.8360369127072745,0.0,0.0,0.8481714100006056,0.0,0.0,0.0,0.8252849746909551,0.8408231371266313,0.0,0.8003593247476135,0.8370250384857397,0.0,0.0,0.0,0.8171117301955297,0.0,0.0,0.8439272908088095,0.8250455575814237,0.8206444864613875,0.0,0.0,0.0,0.0,0.0,0.0,0.0,0.0,0.0,0.0,0.0,0.0,0.8295825441634217,0.0,0.0,0.806461357308169,0.0,0.8056196125954328,0.0,0.0,0.0,0.0,0.0,0.8567616939428215,0.8417314169601772,0.8681788658326308,0.852032005543305,0.0,0.0,0.0,0.0,0.0,0.0,0.0,0.0,0.0,0.0,0.8507729463973857,0.0,0.7887447829608748,0.0,0.837245379191297,0.0,0.8632248062384831,0.0,0.8602721648390161,0.0,0.0,0.0,0.0,0.0,0.0,0.8337434152325147,0.0,0.8330474828637466,0.0,0.8408550402326042,0.8413525101061888,0.8582335580201774,0.0,0.0,0.8207856970752262,0.0,0.0,0.0,0.830008136459367,0.8868309881865957,0.0,0.0,0.8058854170532398,0.8317773028957566,0.8620061584855746,0.8364401079339895,0.8375424167294061,0.0,0.0,0.8325294432278922,0.0,0.0,0.8368037153248403,0.0,0.8439630057813341,0.0,0.0,0.0,0.0,0.0,0.8389935825188003,0.0,0.0,0.0,0.8016501900385913,0.847367264068973,0.0,0.0,0.8067054276142009,0.804257533494109,0.8680891872099722,0.8446463774999153,0.8291583790270777,0.0,0.0,0.8136298974871017,0.0,0.0,0.0,0.0,0.0,0.0,0.0,0.0,0.0,0.8541967902992399,0.8088995413190525,0.0,0.8272644811077863,0.8078505768466325,0.0,0.0,0.0,0.0,0.8405412377313217,0.8620936604428142,0.0,0.8384208652545544,0.8156409037583999,0.8205482444363551,0.0,0.0,0.83689606745374,0.0,0.0,0.0,0.0,0.8328809898843056,0.8147330136318498,0.0,0.0,0.0,0.0,0.8517467973690918,0.0,0.8173502603906454,0.8514851364383927,0.0,0.0,0.801322364292036,0.8443893144971513,0.0,0.0,0.0,0.8371637584439271,0.8631797533179467,0.8323593465553968,0.8410708806390584,0.0,0.0,0.0,0.842672085269648,0.0,0.0,0.0,0.0,0.8220105954804121,0.0,0.0,0.0,0.0,0.8137292239144687,0.8421652414934909,0.0,0.0,0.0,0.0,0.807911238465356,0.8438708556896903,0.0,0.0,0.8164649265710376,0.0,0.0,0.0,0.8280919246057478,0.0,0.8387773214284142,0.7861371016820655,0.8391601264263294,0.0,0.0,0.0,0.8304889806178792,0.0,0.0,0.0,0.0,0.0,0.0,0.0,0.8434179833986613,0.0,0.0,0.0,0.8432283616262053,0.8241165314120561,0.0,0.0,0.0,0.0,0.0,0.0,0.8435695646488829,0.0,0.0,0.0,0.8451343760037385,0.8202153520788659,0.8251980079946336,0.868971718007902,0.835404958247397,0.0,0.8134927289125669,0.0,0.8136130437552129,0.0,0.0,0.0,0.0,0.0,0.7934246606937289,0.0,0.0,0.8090461870480417,0.0,0.0,0.0,0.0,0.0,0.8095662055386569,0.8022825659685698,0.0,0.8222812059013306,0.0,0.0,0.0,0.0,0.8101766970465629,0.8520844896521828,0.0,0.8414242101674916,0.8287599802858897,0.0,0.0,0.0,0.0,0.8492093394749621,0.0,0.0,0.8202678171186317,0.7977377950355071,0.0,0.8463366104156405,0.0,0.0,0.0,0.84676488990842,0.8369441738110418,0.0,0.0,0.8557387958966446,0.8068927083709131,0.0,0.8506807938838397,0.0,0.0,0.0,0.7856301774198435,0.0,0.8199859779620787,0.0,0.0,0.0,0.0,0.0,0.8102694171897766,0.8012520095582697,0.0,0.8172103305440104,0.0,0.0,0.857904029548967,0.0,0.0,0.0,0.0,0.8281228318657505,0.8327794473043496,0.0,0.0,0.0,0.0,0.8216113431507146,0.0,0.0,0.812112138904216,0.0,0.0,0.0,0.0,0.0,0.8614602454719663,0.7897753327603969,0.8325702775360816,0.8514812807108089,0.8539392924415318,0.0,0.0,0.0,0.0,0.84871264269961,0.0,0.0,0.0,0.0,0.8473456723361337,0.0,0.0,0.8349905826027778,0.0,0.0,0.0,0.8337150651874704,0.8619199776478603,0.0,0.8036113451239063,0.0,0.8409872678464585,0.0,0.0,0.8142170654427645,0.0,0.0,0.8284097554407639,0.0,0.7866321672570069,0.8327047337830981,0.0,0.0,0.0,0.0,0.0,0.0,0.8397989955587091,0.0,0.0,0.873337871720129,0.8621131147721349,0.0,0.8529531869029497,0.8305435554517109,0.0,0.0,0.0,0.8136216772508605,0.0,0.0,0.0,0.8757776532847565,0.0,0.0,0.8845460572628602,0.0,0.8257790407897228,0.8261641737424636,0.8290735412604976,0.0,0.0,0.8113361302787716,0.828224180381809,0.0,0.0,0.0,0.8100313121319289,0.9002874405141919,0.0,0.0,0.0,0.8402503874377548,0.8623553632609442,0.8215094207773009,0.0,0.0,0.0
0.0,0.0,0.0,0.0,0.7485686376174508,0.0,0.0,0.0,0.0,0.6996111628797842,0.0,0.7484471586281178,0.0,0.0,0.7007222306124875,0.701695161097876,0.7586816226025029,0.0,0.7452868424898785,0.0,0.0,0.7533348114926515,0.0,0.0,0.7045168489758358,0.0,0.6971997276877748,0.0,0.0,0.7470478000695744,0.0,0.0,0.0,0.0,0.7307171075068637,0.0,0.0,0.0,0.7311202598471573,0.0,0.7380817058675917,0.7673432919588302,0.0,0.6655955708252006,0.7533994571048925,0.0,0.7617282012600005,0.0,0.7300093493572809,0.764521671429542,0.0,0.0,0.7108426124548285,0.7092302094658901,0.7170628957990067,0.0,0.7104450256989048,0.0,0.0,0.7232766915759806,0.7254135492774256,0.715111683261931,0.0,0.7624983454115204,0.0,0.753687342921951,0.7202533665014313,0.686759062470668,0.0,0.0,0.0,0.0,0.0,0.0,0.0,0.734567189101208,0.757180916678448,0.0,0.0,0.0,0.0,0.7074029601719022,0.7119211455218539,0.755296040424353,0.0,0.0,0.0,0.7267018044902895,0.7272363753118554,0.0,0.7154541206583216,0.0,0.7497942314548495,0.0,0.0,0.0,0.7198799620759939,0.0,0.0,0.0,0.0,0.7153007716925417,0.0,0.0,0.0,0.0,0.0,0.0,0.0,0.0,0.7566395972514424,0.6741975119705514,0.7209137322356123,0.0,0.7187520085885243,0.7241174373399922,0.0,0.0,0.7115208214499409,0.7590940662372504,0.7011112243896954,0.757596979026777,0.6931025153508441,0.6956465287997887,0.0,0.0,0.0,0.0,0.7717907249144513,0.7002105549492805,0.0,0.7427838773070983,0.70159546637575,0.0,0.0,0.7820659964697051,0.6970567728633704,0.0,0.0,0.7244337249765832,0.7024984961585036,0.7017068567356375,0.7271785074058689,0.0,0.7290532564681874,0.0,0.0,0.0,0.716248710917727,0.0,0.0,0.0,0.6835763269150087,0.7274074755701095,0.0,0.0,0.0,0.7232126597607459,0.0,0.0,0.0,0.7241973767438868,0.6936155897100925,0.0,0.7203802916453246,0.0,0.6964189951471005,0.753893311725155,0.7435273983880196,0.7044198393622538,0.0,0.7182833306791561,0.0,0.7049165932471868,0.7187271252053627,0.7378370845921096,0.7287047046836339,0.0,0.0,0.7539071888284108,0.7218090803839666,0.0,0.7196471202261008,0.755718654018084,0.0,0.762376865281598,0.0,0.0,0.0,0.0,0.7671279952181315,0.0,0.7432552388781886,0.7144385743117552,0.0,0.0,0.0,0.0,0.693468439458344,0.6965786222489239,0.7614551706103748,0.0,0.0,0.0,0.6750531258849043,0.0,0.0,0.0,0.0,0.0,0.6874910353391509,0.7034760444584091,0.0,0.0,0.0,0.699522162986166,0.0,0.7179418900467608,0.7452567815925766,0.7395888712624133,0.0,0.0,0.0,0.0,0.0,0.6387359098053893,0.7261090615441184,0.0,0.0,0.0,0.6774241550047766,0.0,0.7035427595857723,0.0,0.7089750508949461,0.6738594270480018,0.7305461332846456,0.0,0.7238279177891412,0.0,0.0,0.0,0.0,0.0,0.7193850882844675,0.0,0.0,0.7359581068651797,0.0,0.6995003799178933,0.7520018185784908,0.716036095825173,0.7223243946755272,0.0,0.0,0.7061438273498298,0.0,0.0,0.7629249877768507,0.0,0.0,0.0,0.7613392092597936,0.0,0.0,0.7272636667783298,0.7488288288112802,0.7000889964968493,0.0,0.7474022730669251,0.0,0.0,0.7345836457865115,0.7412834765734595,0.7286785140134454,0.0,0.6894550403574531,0.0,0.0,0.0,0.0,0.0,0.0,0.7280867269302433,0.6994105704993102,0.6934759185637815,0.0,0.710608722290817,0.7493121685932135,0.0,0.0,0.0,0.0,0.7191048049408728,0.7586280402307402,0.0,0.0,0.0,0.0,0.0,0.7650696997849147,0.0,0.0,0.0,0.0,0.7181155887991078,0.686841729984561,0.7327305853330494,0.0,0.0,0.7368398409160538,0.0,0.0,0.0,0.0,0.7288848737809869,0.0,0.7389627038294319,0.720824600676494,0.0,0.0,0.762801453185299,0.0,0.0,0.698086112764119,0.0,0.0,0.7400673374756916,0.0,0.6801986026837021,0.0,0.0,0.0,0.0,0.7466750089401956,0.0,0.0,0.0,0.7468999059385734,0.7054563898630616,0.7219111616775248,0.0,0.0,0.7471407798119981,0.0,0.7237363914827268,0.0,0.0,0.7067329954640836,0.0,0.0,0.0,0.0,0.0,0.0,0.0,0.743322757844686,0.0,0.0,0.0,0.0,0.0,0.0,0.7430854193460843,0.0,0.0,0.6937713324493702,0.7626831124241337,0.0,0.0,0.0,0.7165830916351892,0.0,0.0,0.0,0.0,0.7173216637842144,0.7264908297140407,0.0,0.0,0.7214289088892736,0.6986036545116394,0.0,0.7157587113780931,0.7142839069928791,0.0,0.7209751975055404,0.0,0.7434741422563999,0.0,0.7228549844637527,0.7574417319284762,0.0,0.0,0.7521787292565288,0.0,0.721950968480423,0.0,0.769092211161825,0.7460711753331889,0.0,0.0,0.0,0.6897359198525325,0.0,0.7359435021980855,0.0,0.0,0.0,0.0,0.7141319049546946,0.0,0.7251393742891935,0.7365162443445938,0.0,0.0,0.0,0.7217039953817056,0.7014668804669242,0.0,0.0,0.0,0.0,0.0,0.0,0.7916207734906069,0.0,0.6890874847459941,0.0,0.0,0.0,0.0,0.0,0.0,0.7327908797512743,0.0,0.0,0.0,0.7116927721784618,0.0,0.0,0.0,0.0,0.7357318403859577,0.6657631335310571,0.0,0.0,0.7006526218459834,0.0,0.0,0.7139822153394619,0.704539384543505,0.0,0.7526987096249818,0.0,0.7115088927110345,0.0,0.7117916716694709,0.0,0.7169546741865815,0.7755059582123641,0.6976775355712953,0.0,0.7213187427337379,0.0,0.0,0.0,0.7747069571508274,0.0,0.7304184995455268,0.0,0.0,0.0,0.0,0.7708236080942815,0.7540225092611074,0.0,0.7783296029929581,0.702243326556027,0.7156560645753248,0.0,0.0,0.7579476213785143,0.0,0.0,0.0,0.0,0.0,0.0,0.7965228657813147,0.0,0.7089447856591687,0.0,0.0,0.0,0.0,0.0,0.0,0.726614202541886,0.0,0.0,0.0,0.7412237574626379,0.0,0.0,0.0,0.7208374746604557,0.0,0.7294228869101163,0.742568732765944,0.0,0.7134334068991482,0.0,0.0,0.0,0.0,0.7129559244751542,0.7048493798022314,0.7306841106306143,0.7030476763090663,0.0,0.0,0.0,0.0,0.0,0.7461052259611074,0.0,0.0,0.0,0.0,0.0,0.0,0.0,0.723748098249227,0.0,0.0,0.0,0.0,0.0,0.0,0.0,0.0,0.0,0.69192559914899,0.0,0.0,0.7531676501877833,0.7103890096686072,0.7210631762441391,0.0,0.0,0.7453546876012996,0.7063328811130183,0.0,0.0,0.0,0.7352389570699781,0.7133196292674306,0.0,0.0,0.0,0.0,0.0,0.0,0.0,0.7316053472148,0.7239252101502396,0.0,0.0,0.0,0.740108757926954,0.7122037088011076,0.0,0.7061706260208739,0.0,0.0,0.0,0.0,0.7307006778299289,0.0,0.0,0.0,0.7224551879306234,0.0,0.6740699368367463,0.0,0.0,0.7257683083930025,0.0,0.0,0.0,0.0,0.0,0.0,0.0,0.0,0.0,0.7464722284442865,0.0,0.0,0.0,0.0,0.7601565074174528,0.7043884813027456,0.0,0.0,0.0,0.7609514897641252,0.0,0.0,0.0,0.0,0.0,0.7681325764869871,0.0,0.7347732477396723,0.0,0.0,0.0,0.0,0.7772554170890122,0.0,0.0,0.7327855006561268,0.0,0.7019051549004033,0.0,0.0,0.6822629122227422,0.0,0.0,0.0,0.7444124643225567,0.0,0.0,0.7510513642172911,0.6891297778319925,0.0,0.0,0.6950627363544114,0.0,0.0,0.0,0.0,0.0,0.0,0.0,0.0,0.7206902394971868,0.0,0.0,0.7106017477755459,0.0,0.0,0.7296335276913326,0.0,0.0,0.7503380878848983,0.0,0.7014572681312908,0.0,0.0,0.0,0.7324149797115412,0.0,0.6973914350631639,0.0,0.0,0.7418347101311391,0.7360037915505823,0.6978137614575313,0.0,0.0,0.7739914950824107,0.7306262685784777,0.0,0.7249798864432622,0.0,0.7053321003343479,0.729356454790626,0.0,0.6980929783559533,0.0,0.0,0.0,0.0,0.7074214671938933,0.7360555171847916,0.6918526884152323,0.0,0.0,0.6860233004203901,0.71320685648962,0.0,0.0,0.0,0.0,0.0,0.7388710911675754,0.0,0.0,0.6918709247229141,0.7517373141789022,0.744199643210303,0.686243431295545,0.0,0.0,0.0,0.7255499838659384,0.7503711829937535,0.7917393615330408,0.0,0.0,0.0,0.7085244267274916,0.7304995886890958,0.7377958635046024,0.0,0.0,0.0,0.0,0.0,0.0,0.0,0.0,0.0,0.6849557599073511,0.0,0.0,0.7619898439362899,0.0,0.0,0.7272692229711566,0.7296463922519226,0.720023108619606,0.7254432647475524,0.0,0.0,0.7326069064822687,0.0,0.0,0.0,0.7072338514260101,0.0,0.0,0.0,0.7219861835574982,0.6971302899744156,0.0,0.0,0.0,0.0,0.0,0.0,0.0,0.7261770325875058,0.0,0.7511962217894398,0.0,0.7398408926734257,0.0,0.0,0.0,0.7129825088121108,0.7341859057421758,0.6915266464858858,0.7110544975851214,0.7311724657055513,0.0,0.6935697063635898,0.7056340626990546,0.0,0.0,0.7201090941238355,0.0,0.0,0.0,0.0,0.7168124960400819,0.0,0.0,0.0,0.0,0.7696677251556185,0.7183563924235038,0.0,0.0,0.0,0.7154354734110403,0.7004663408816554,0.0,0.7203131370258128,0.0,0.0,0.0,0.716497725468283,0.0,0.0,0.6618213179963321,0.0,0.0,0.0,0.0,0.0,0.0,0.0,0.7428053871969209,0.0,0.0,0.0,0.0,0.6910027843116615,0.0,0.0,0.0,0.7209405897752191,0.0,0.0,0.7334450786965472,0.0,0.7051231160464392,0.0,0.0,0.0,0.7194086914772359,0.0,0.7663881660080474,0.0,0.7402630118220628,0.0,0.0,0.7599382135035544,0.7577355186931886,0.0,0.0,0.0,0.7326424218547601,0.7519960506021517,0.0,0.0,0.0,0.0,0.0,0.7014602824316969,0.683539087795976,0.0,0.0,0.724491855072201,0.7166566952912947,0.7082134119610516,0.0,0.0,0.7276365695982884,0.0,0.7396783954616235,0.7271302193915146,0.7321938745954161,0.7843588808842854,0.0,0.0,0.7711270695399731,0.0,0.0,0.0,0.0,0.6957813155885837,0.7278303818979418,0.0,0.7066918112680717,0.0,0.7134784923173322,0.0,0.0,0.0,0.7381979277174755,0.0,0.0,0.7472743506936204,0.0,0.6637871431074377,0.7410488539829387,0.0,0.0,0.0,0.0,0.7170421521798335,0.0,0.0,0.6996139091242259,0.6772941899714483,0.0,0.7349223671985902,0.7026798551966912,0.6789297024523425,0.0,0.0,0.0,0.0,0.0,0.0,0.0,0.0,0.7442739371675617,0.0,0.0,0.0,0.0,0.0,0.747665213936523,0.0,0.7434517118256603,0.7211683475749465,0.7200611721119774,0.0,0.0,0.7333565165150587,0.7240288673246049,0.0,0.6488258705530385,0.0,0.7403949918693925,0.0,0.0,0.6906229288518454,0.0,0.0,0.0,0.7185761509483636,0.0,0.0,0.0,0.7314039908108758,0.7208510249130818,0.6797271112070711,0.0,0.7421966527755828,0.7230036306333915,0.7218949509008311,0.0,0.0,0.0,0.7114894262964014,0.0,0.0,0.7535304874073289,0.7097144452254265,0.7327623207618913,0.0,0.678156693158207,0.0,0.0,0.0,0.0,0.0,0.0,0.0,0.741612697410514,0.0,0.0,0.0,0.0,0.0,0.77637102946845,0.7483232826573769,0.0,0.7846637933413207,0.6977933568334018,0.7361247440464955,0.7152289133090206,0.728022798881769,0.0,0.0,0.0,0.0,0.7297374020832286,0.0,0.7342335966018094,0.7491889982499874,0.0,0.719711040499446,0.6879745851482777,0.0,0.0,0.7240837779011273,0.0,0.6846713966169812,0.0,0.6921042371086655,0.726734365243343,0.0,0.0,0.71380020261005,0.755081482414554,0.0,0.0,0.7385740088780567,0.7591342359331855,0.0,0.7228223187568039,0.7067459389491878
0.0,0.0,0.2441460042184191,0.0,0.0,0.0,0.0,0.0,0.2673335161765789,0.30164780895326615,0.0,0.27593218718751883,0.0,0.0,0.30451093772490373,0.2866377100403029,0.0,0.2599707176604263,0.29098067703888736,0.0,0.0,0.26882809692110426,0.0,0.0,0.2986106812524764,0.22520767588267473,0.2738720561083898,0.2487814868765453,0.0,0.0,0.3294752104073251,0.0,0.0,0.23563570919858826,0.33762806060167716,0.0,0.0,0.0,0.32400251969946864,0.0,0.28870325257727797,0.0,0.0,0.0,0.27517150614589186,0.0,0.2815221754600499,0.0,0.29626978383974795,0.0,0.0,0.0,0.0,0.0,0.2619711874598372,0.2888827933360184,0.31113948329597085,0.26514716800535204,0.3360210704426418,0.0,0.28794084251842195,0.0,0.0,0.0,0.0,0.3014548532446189,0.2629802090618854,0.2712919800396565,0.0,0.0,0.0,0.0,0.0,0.0,0.26648999843661564,0.0,0.0,0.0,0.28215595050625797,0.0,0.0,0.28553389427755393,0.27831328544876904,0.25905104315276267,0.3187723178969854,0.25231940671750586,0.0,0.0,0.0,0.2734402204495532,0.3469506405804241,0.25766017178992806,0.0,0.2905774100803314,0.0,0.0,0.0,0.0,0.0,0.0,0.32212841016030686,0.0,0.3138604668870104,0.0,0.0,0.29784673630797887,0.0,0.0,0.2582628152785782,0.0,0.0,0.0,0.0,0.0,0.2954332031700127,0.3256602676952826,0.2796256976255988,0.2961443802143302,0.0,0.0,0.341999900604619,0.3064970183462638,0.0,0.31249729958163575,0.3012973111729322,0.2900064466621574,0.0,0.0,0.2608797670444618,0.28571601481684256,0.0,0.0,0.2687814657791825,0.0,0.0,0.0,0.25317770989803107,0.0,0.2709976949537183,0.0,0.0,0.27924111367295584,0.0,0.25121669363401544,0.26477218799319735,0.31127902675169944,0.0,0.0,0.34902047554669435,0.2814873309385025,0.3075941241919531,0.0,0.0,0.0,0.2736205320657534,0.3415825018963963,0.0,0.0,0.3129598790716241,0.0,0.27382065557958263,0.0,0.0,0.26242216485989367,0.298104740484952,0.27390637700900256,0.3021740306170818,0.0,0.0,0.31290189869886914,0.27467953703438924,0.29304715433276163,0.2975611405117012,0.2700952867190924,0.0,0.0,0.32345913265150833,0.0,0.0,0.0,0.0,0.0,0.2897837636308235,0.0,0.0,0.0,0.0,0.0,0.0,0.25223196559783134,0.0,0.0,0.26374177296269374,0.0,0.0,0.27492797642222866,0.0,0.26937002433871293,0.0,0.25915621729430505,0.29556110465333946,0.0,0.0,0.0,0.3012365198142179,0.0,0.0,0.0,0.0,0.0,0.0,0.343238201650093,0.0,0.3408454562272747,0.0,0.2964430619500965,0.0,0.0,0.0,0.34068994470067876,0.0,0.0,0.0,0.0,0.0,0.0,0.0,0.27983041056877556,0.0,0.0,0.0,0.0,0.0,0.31889949913131843,0.3030986955998509,0.34045723894416097,0.0,0.0,0.2814595436583119,0.0,0.0,0.0,0.30945710051104885,0.28569587919237155,0.3090844539279494,0.0,0.0,0.31399605933065117,0.0,0.0,0.24075941970960896,0.0,0.2606347683125225,0.0,0.0,0.3442576820464049,0.0,0.0,0.27072560161967246,0.2956169535535123,0.0,0.0,0.0,0.0,0.0,0.0,0.0,0.2855541759632901,0.2992915061213275,0.0,0.0,0.0,0.0,0.3324804077402344,0.0,0.0,0.0,0.0,0.0,0.24032167394966167,0.30603167065950315,0.0,0.0,0.0,0.318013334526453,0.26821566205159486,0.0,0.304851669620678,0.28054333417753136,0.0,0.31483942059002934,0.0,0.0,0.0,0.0,0.0,0.0,0.0,0.0,0.0,0.0,0.0,0.0,0.0,0.3210490023587939,0.0,0.2864525865198487,0.0,0.0,0.0,0.0,0.0,0.261999309377155,0.0,0.26507233565713867,0.282738748334368,0.2990927747888172,0.0,0.2656868838114815,0.0,0.0,0.0,0.0,0.32830432645256313,0.29087185403426047,0.0,0.0,0.2475955883104704,0.0,0.0,0.301060684656925,0.0,0.0,0.0,0.3134177826533598,0.0,0.2857744370655851,0.0,0.2702517984379132,0.0,0.2918704523221153,0.0,0.0,0.0,0.30484098941423354,0.2877446227453225,0.2825385974721511,0.0,0.0,0.0,0.0,0.0,0.0,0.0,0.0,0.0,0.0,0.30655477691348515,0.0,0.2699578432885032,0.0,0.29486496937367784,0.0,0.0,0.2867763713414048,0.2728365060349081,0.28995693022899305,0.0,0.0,0.2820060568436324,0.3355792141176907,0.0,0.0,0.29033965921979105,0.0,0.32790821022671224,0.0,0.0,0.0,0.0,0.31192859740711076,0.0,0.0,0.24416157487072787,0.0,0.0,0.33719747185429927,0.0,0.0,0.0,0.33538721313564396,0.27234048352420914,0.28290120757693615,0.0,0.29367144993711186,0.3126714834293766,0.0,0.2992287722464364,0.0,0.0,0.27846118660881247,0.0,0.0,0.0,0.0,0.20570010606635808,0.0,0.0,0.0,0.2661481129863703,0.0,0.0,0.23084170808919313,0.30409256710661814,0.3163966929605935,0.2631818265407901,0.0,0.0,0.0,0.3412886784235867,0.0,0.0,0.0,0.0,0.2307763045592962,0.0,0.0,0.0,0.0,0.25270833991559366,0.0,0.2254380379991574,0.0,0.2837078594215218,0.0,0.0,0.3268221124804917,0.340920372119773,0.3486831326071745,0.3095530018897723,0.24664804043013464,0.29536619272918213,0.0,0.2510151111190509,0.3059092776300048,0.0,0.0,0.0,0.0,0.0,0.23730618737671008,0.32132847854451174,0.0,0.0,0.0,0.30125438276870126,0.0,0.0,0.0,0.0,0.27327400071433405,0.30790273569645227,0.0,0.26828574769401914,0.0,0.25831929927923164,0.0,0.31391388522641234,0.2900579265405796,0.0,0.0,0.32497360849919255,0.0,0.3086540736068896,0.29691662876313185,0.307262168104565,0.0,0.0,0.31067143243591344,0.0,0.29597359197042805,0.0,0.0,0.27275901720766477,0.0,0.0,0.0,0.0,0.0,0.30594960021919193,0.0,0.2801474145627039,0.0,0.0,0.26991632239648683,0.0,0.0,0.0,0.32382172152819966,0.22126960363368783,0.0,0.0,0.0,0.0,0.0,0.0,0.0,0.0,0.2640473221371316,0.27680685885810996,0.0,0.0,0.28418886841869334,0.0,0.0,0.25814384019619935,0.0,0.311424544273098,0.0,0.2946220384339278,0.2835482548713106,0.3260626223331726,0.0,0.0,0.0,0.0,0.0,0.22729302427018427,0.0,0.0,0.0,0.0,0.0,0.0,0.0,0.0,0.27243504816410696,0.0,0.3178303958633405,0.25557589007080805,0.0,0.0,0.0,0.0,0.0,0.0,0.0,0.3159064023072598,0.31605213319639786,0.0,0.26145430581860724,0.27158913172640853,0.0,0.0,0.2897806712145207,0.0,0.0,0.0,0.27188026721804665,0.2560452752693864,0.29024753046648943,0.2638797373082127,0.25277917101301417,0.0,0.0,0.31643756838378273,0.24418515460674625,0.24810815060686378,0.22552985032974715,0.28637612946385366,0.0,0.3105159022505597,0.0,0.0,0.0,0.27693279073821525,0.0,0.24796261937894354,0.0,0.3755877127447731,0.0,0.24480229987760294,0.0,0.0,0.0,0.3060903393339884,0.24974145401298709,0.0,0.0,0.0,0.0,0.0,0.2762484421791129,0.0,0.0,0.2895884528101081,0.0,0.0,0.2640906638304842,0.0,0.302592396022184,0.0,0.0,0.3162395995125359,0.28390522977643495,0.0,0.0,0.0,0.2500351246018595,0.27169477485915083,0.0,0.0,0.0,0.29691438351251487,0.26498146422162205,0.0,0.29775437308675706,0.0,0.0,0.0,0.0,0.0,0.0,0.28019585794543117,0.2651166341815803,0.29407596236904243,0.0,0.0,0.0,0.0,0.0,0.28396610917919646,0.0,0.0,0.25875475236801426,0.0,0.0,0.0,0.3184816353352136,0.3072238121491756,0.28060256742818046,0.0,0.0,0.0,0.0,0.2919449491566462,0.0,0.24130345808066836,0.32018654439798344,0.0,0.2637823605095784,0.3134942762834552,0.0,0.2816519888871965,0.0,0.0,0.0,0.0,0.26344867240605785,0.0,0.0,0.0,0.0,0.2885985577071177,0.0,0.0,0.0,0.0,0.0,0.0,0.0,0.0,0.0,0.2619943691745969,0.0,0.0,0.3241325805495215,0.0,0.0,0.0,0.29921033279499676,0.3104476237841741,0.0,0.0,0.21372332187072435,0.0,0.32878996328793725,0.26176503009376023,0.28005862915276275,0.0,0.30884009571536863,0.0,0.3071753515446451,0.0,0.0,0.0,0.33592777189180645,0.0,0.0,0.3148624643777264,0.0,0.0,0.27498322817076937,0.2769489398646559,0.27566440193725905,0.0,0.23653782966442535,0.28649210726253177,0.0,0.3204729695725044,0.3046465284650868,0.24367699954654806,0.0,0.0,0.0,0.28949658727072697,0.0,0.0,0.27393159734232453,0.0,0.0,0.28030544474116315,0.2830265232250006,0.0,0.26819320640237937,0.0,0.0,0.0,0.0,0.0,0.0,0.0,0.29713123123906104,0.2657975034607338,0.2899705935226576,0.33970795182452573,0.0,0.0,0.2281104818756599,0.0,0.32930261733484567,0.0,0.26151319114965726,0.0,0.2828967230150235,0.3273216410517609,0.2952721161232149,0.3371423229647283,0.33397593982923907,0.0,0.0,0.25381179348500305,0.0,0.0,0.0,0.3139000334507431,0.0,0.0,0.0,0.29104728397628365,0.2338976514322928,0.0,0.0,0.0,0.0,0.28069836712204554,0.33529353874378487,0.0,0.0,0.0,0.0,0.301807320178031,0.0,0.0,0.30032029500760055,0.31860454542071387,0.0,0.36049605789974715,0.0,0.0,0.0,0.0,0.0,0.0,0.0,0.0,0.0,0.0,0.0,0.0,0.2872697092870994,0.0,0.0,0.0,0.25563880846014486,0.0,0.0,0.2814055803612826,0.24890223285920118,0.0,0.0,0.0,0.0,0.0,0.0,0.0,0.277839340492794,0.0,0.0,0.0,0.3009685367563083,0.3205687598343868,0.0,0.0,0.2458874317955447,0.0,0.3212027240258853,0.0,0.0,0.0,0.2922938939729012,0.0,0.0,0.0,0.0,0.25741620272973614,0.0,0.0,0.33545662466363313,0.2968602666316947,0.30712962861320503,0.2940332914290457,0.0,0.2597344281308358,0.0,0.0,0.2835028852848916,0.0,0.23992206393564397,0.29079035126416386,0.0,0.0,0.2595796555518348,0.24900414196148088,0.31668496791463985,0.29984266629887324,0.30966234452745395,0.0,0.0,0.0,0.0,0.2591063433013663,0.0,0.0,0.0,0.2930529548288955,0.35478275810224086,0.0,0.2664205333992674,0.0,0.0,0.3199282434694249,0.0,0.0,0.0,0.0,0.0,0.2686375343537951,0.0,0.0,0.3021993365221153,0.0,0.0,0.0,0.0,0.0,0.0,0.0,0.0,0.33761346916823715,0.28661387981484426,0.2551903387998521,0.0,0.26882882597802676,0.29618513075309794,0.0,0.0,0.0,0.0,0.28035906744437716,0.0,0.0,0.3216540856585004,0.0,0.0,0.0,0.0,0.2835848533317505,0.0,0.0,0.0,0.0,0.0,0.0,0.0,0.0,0.0,0.22795290534120446,0.0,0.2699262935806562,0.0,0.0,0.0,0.0,0.23492285820702535,0.2882766411857705,0.0,0.0,0.0,0.3204107349249658,0.0,0.0,0.0,0.0,0.0,0.0,0.0,0.0,0.0,0.267313560518345,0.0,0.33077364718075597,0.0,0.0,0.29730160237747866,0.0,0.2912965582808311,0.0,0.0,0.0,0.0,0.34454334458362273,0.0,0.3450688637645207,0.26668369807371234,0.2784174391196879,0.0,0.0,0.0,0.30746194331002,0.30429244383837056,0.0,0.0,0.0,0.0,0.28981096471153356,0.0,0.0,0.0,0.0,0.0,0.0,0.2699448427415398,0.30395437987138235,0.0,0.2694320812042462,0.29831789131133774,0.0,0.30000321987447043,0.30357906659718537,0.0,0.0,0.2547679771896664,0.0,0.30513052183010014,0.0,0.27274099760092124,0.0,0.0,0.3018096919968737,0.30304869017564684,0.3114151452964011,0.2457050022197683,0.0,0.0,0.0,0.0,0.257193743024231,0.2602866603007617,0.0,0.3219778859413376,0.31894943619460536,0.0,0.0,0.0,0.0,0.30128706054211757,0.0,0.25791574101939024,0.0
0.0,0.0,0.0,0.5561440575180798,0.5543153616005088,0.0,0.5857795703866197,0.0,0.0,0.0,0.5878475703687904,0.5785131448410605,0.0,0.0,0.0,0.0,0.6127610899240106,0.0,0.0,0.0,0.0,0.0,0.5996147703986008,0.0,0.0,0.0,0.5542349011019955,0.0,0.0,0.6031105406878776,0.5695500748183494,0.0,0.5639933171729267,0.5889324393305847,0.5620453829123043,0.0,0.5937805958807608,0.0,0.5938679101642018,0.0,0.6026659926079783,0.0,0.0,0.0,0.0,0.5750681856051175,0.0,0.5379254741494657,0.0,0.0,0.0,0.0,0.5900928404376345,0.0,0.5799535306122915,0.0,0.0,0.5607040398290365,0.5970312757763787,0.0,0.6188578249268578,0.0,0.6225041418675951,0.0,0.0,0.0,0.5787854125430906,0.0,0.0,0.0,0.0,0.0,0.554184208000978,0.0,0.5872842442420265,0.0,0.0,0.6392784046446682,0.0,0.0,0.563989122560657,0.0,0.0,0.0,0.0,0.0,0.0,0.0,0.5650004311371973,0.0,0.0,0.0,0.5880634697803747,0.0,0.0,0.0,0.0,0.0,0.0,0.0,0.0,0.5692948404482635,0.6033108621620771,0.0,0.0,0.5911399681474451,0.6327096340806923,0.5732411247538313,0.0,0.0,0.6118952514336159,0.0,0.5822339404840609,0.0,0.0,0.5261128650237614,0.0,0.6084302051003735,0.0,0.0,0.6155516383729016,0.0,0.0,0.0,0.5879668808349306,0.5456248123486627,0.0,0.5938289143428791,0.0,0.0,0.0,0.6207576186994815,0.0,0.0,0.0,0.5970484664220224,0.0,0.0,0.5520541495684236,0.0,0.0,0.609793858863961,0.0,0.0,0.5664611628350076,0.0,0.0,0.0,0.0,0.559773684397821,0.5845635130266132,0.0,0.0,0.5882970341969731,0.5853964210983639,0.0,0.0,0.0,0.0,0.0,0.0,0.5425726010069708,0.0,0.0,0.0,0.5668624177115428,0.0,0.0,0.0,0.0,0.0,0.0,0.5703949062313894,0.0,0.6051146767874362,0.0,0.5440010999637761,0.6021363282891836,0.0,0.5890789988980191,0.0,0.5839232682828616,0.5830252275540995,0.0,0.0,0.0,0.0,0.0,0.0,0.0,0.5962158020922832,0.5488559563765499,0.0,0.0,0.0,0.0,0.5865740603997411,0.6133444841718089,0.0,0.5527470088983375,0.6018348062863624,0.0,0.0,0.0,0.0,0.0,0.5866724651865945,0.0,0.0,0.5719561259717652,0.0,0.5514952199717849,0.0,0.0,0.0,0.0,0.0,0.5543333280903662,0.0,0.5657747199191803,0.0,0.5784627041707284,0.0,0.0,0.0,0.587646175285187,0.5941894962147863,0.6168261380267593,0.5943583621125951,0.0,0.0,0.0,0.5388812497084207,0.0,0.5770848736904951,0.5836837804819952,0.0,0.0,0.0,0.6033113983165242,0.0,0.0,0.0,0.0,0.0,0.5834713542871954,0.0,0.5606545788693696,0.0,0.5778396315338554,0.6043947974907915,0.0,0.0,0.0,0.5399202163975408,0.5731144969062071,0.0,0.0,0.0,0.0,0.0,0.5591092779043277,0.0,0.0,0.6192178668246983,0.5579752708269992,0.0,0.0,0.0,0.0,0.0,0.0,0.0,0.6059843844278003,0.5222731936602559,0.6120653378107289,0.0,0.0,0.0,0.0,0.6061864368745833,0.0,0.0,0.0,0.5888408030386962,0.5608359062730591,0.0,0.5919258833269903,0.0,0.0,0.0,0.5663967452124999,0.0,0.5765605472946302,0.0,0.6217555751279304,0.0,0.0,0.0,0.6062677390165739,0.0,0.0,0.0,0.0,0.5646587409735849,0.5648503008542679,0.5654400931089885,0.0,0.0,0.5852541649670645,0.0,0.59841767040117,0.5946855633549243,0.0,0.0,0.0,0.0,0.0,0.0,0.0,0.6032936078232768,0.0,0.0,0.5667297056031007,0.5786542439731435,0.0,0.562100171585718,0.0,0.6157886984826095,0.6008185538983657,0.0,0.5902090275394778,0.0,0.0,0.0,0.0,0.5817382539159182,0.0,0.638312946217106,0.5847332663589773,0.0,0.0,0.6051781441464356,0.0,0.0,0.5635363843973026,0.0,0.5865074870474103,0.0,0.5751532692545751,0.0,0.0,0.0,0.0,0.5522050985733211,0.0,0.0,0.0,0.0,0.5652268045426961,0.0,0.5547171698080421,0.0,0.0,0.5952330622725005,0.5449926514440269,0.5848404592633896,0.0,0.5635893763966319,0.5829522272309137,0.5689300496088182,0.5820438513212947,0.0,0.0,0.5852779877338553,0.5908857027630426,0.0,0.5900147386206214,0.0,0.59259469494647,0.5800923597001413,0.0,0.0,0.0,0.0,0.0,0.6184544300861472,0.0,0.5699931469944637,0.0,0.0,0.0,0.0,0.0,0.5951756546434872,0.0,0.5859186227536272,0.6002297177754734,0.0,0.0,0.5751001201344149,0.0,0.0,0.5803224200240258,0.0,0.5723937737865191,0.5528422963169244,0.0,0.0,0.0,0.5902180646425838,0.5855082054082904,0.0,0.0,0.0,0.5562612760472958,0.0,0.6018982081229397,0.6014820099580357,0.6010820990995235,0.0,0.0,0.0,0.0,0.0,0.5991176879866844,0.0,0.0,0.0,0.0,0.0,0.0,0.0,0.5819070669867586,0.5696229641526835,0.0,0.0,0.5367472682087312,0.0,0.0,0.0,0.0,0.0,0.0,0.0,0.0,0.0,0.0,0.5961953496323436,0.0,0.5928828851359608,0.0,0.0,0.6138008139251121,0.5747822063643108,0.5848845433322164,0.5831957906633749,0.0,0.0,0.6095672087399173,0.0,0.0,0.0,0.6271896393435785,0.0,0.0,0.0,0.0,0.0,0.0,0.0,0.0,0.0,0.0,0.0,0.6165147783319826,0.0,0.0,0.5793637006363425,0.6033557321900643,0.6017416264820712,0.5887491548595779,0.0,0.0,0.0,0.5814751590902154,0.0,0.0,0.0,0.5640780096208875,0.0,0.5679749460328344,0.5664784922839645,0.0,0.0,0.5745636867202103,0.5738014381505034,0.0,0.0,0.5760009779331353,0.5920721062970781,0.0,0.5929636247454989,0.5744431084296517,0.0,0.0,0.0,0.0,0.0,0.5970864846618507,0.0,0.0,0.0,0.0,0.0,0.5709268400809796,0.5612081341126814,0.5920052318793562,0.0,0.566002467089479,0.0,0.0,0.0,0.5628352799316312,0.0,0.0,0.0,0.0,0.0,0.0,0.0,0.6237579363254084,0.0,0.0,0.5741205511406215,0.5716034795761981,0.0,0.0,0.5719226836450748,0.0,0.0,0.0,0.0,0.6136638219924935,0.5700456886865272,0.6010535988266251,0.5497990349964564,0.6129747476406028,0.0,0.0,0.0,0.0,0.0,0.5860988918215427,0.0,0.0,0.0,0.59795486209774,0.5753308903826283,0.0,0.0,0.0,0.5582992394148193,0.0,0.6043494551605073,0.5798214329844218,0.0,0.0,0.0,0.0,0.0,0.5566878731303792,0.0,0.0,0.0,0.5601162136271256,0.0,0.0,0.0,0.0,0.0,0.0,0.5767148875895617,0.0,0.0,0.5603094972183854,0.0,0.629802475717359,0.0,0.5881438137494552,0.6114445930816036,0.5906840306766731,0.0,0.0,0.5868611736132098,0.0,0.0,0.0,0.0,0.604226326675593,0.0,0.0,0.0,0.5593456249874558,0.5774279399044805,0.0,0.0,0.0,0.0,0.0,0.0,0.0,0.0,0.6179062356851124,0.5762951206190693,0.0,0.5765740512267785,0.0,0.0,0.0,0.5921745542953084,0.0,0.0,0.5934361258486505,0.5683791157061915,0.0,0.0,0.0,0.5905847315128425,0.0,0.5785139906573157,0.0,0.0,0.5544989765146521,0.0,0.0,0.5898052533900652,0.0,0.620500837895724,0.0,0.0,0.0,0.570576835989297,0.0,0.0,0.0,0.0,0.0,0.0,0.544891275326294,0.0,0.0,0.6021478645352584,0.0,0.0,0.0,0.0,0.5820993460426618,0.0,0.0,0.5555914882666118,0.0,0.5950312400896134,0.601131772019591,0.0,0.5858829773790093,0.0,0.0,0.6000373618532757,0.0,0.0,0.5628313075610732,0.0,0.6215642423898186,0.5737472714812313,0.0,0.0,0.0,0.0,0.0,0.0,0.5727298677886254,0.0,0.0,0.0,0.0,0.6320818151489543,0.5719094095334509,0.5698327449378057,0.0,0.5862712660189571,0.634493861924209,0.6021601305372114,0.5700127949971533,0.0,0.0,0.0,0.5567078495753436,0.0,0.5301127078822666,0.5660774121585114,0.6196733820489345,0.0,0.574224954737712,0.0,0.5915395699222543,0.6104749826803696,0.0,0.0,0.0,0.0,0.0,0.5420335667234993,0.5723568796537076,0.5852260911217032,0.0,0.6127140800486208,0.5945969716894771,0.5575370071574196,0.0,0.5798154004948795,0.0,0.0,0.0,0.5625712224842531,0.0,0.5791587523087416,0.5651336819343789,0.0,0.5767220220994789,0.5565256042910076,0.0,0.0,0.0,0.0,0.0,0.0,0.6046858081977542,0.5717978328598227,0.0,0.6028562999526841,0.0,0.5668502673596305,0.0,0.5840085572680261,0.5687403402225056,0.0,0.6290684625905101,0.0,0.6014817801190266,0.553204830951779,0.0,0.61818362090047,0.6067006244955615,0.5699789671810542,0.0,0.0,0.0,0.0,0.0,0.0,0.5707677246406434,0.6052879057410833,0.6116781950279957,0.6169817321552968,0.5875163776622468,0.0,0.0,0.0,0.5704361582366434,0.0,0.0,0.0,0.0,0.0,0.5689496693179218,0.5657298631657355,0.5945971590958524,0.5640797519649952,0.6133073993773522,0.0,0.5724247735653459,0.5762527952477463,0.0,0.0,0.0,0.0,0.0,0.6136064247112348,0.0,0.0,0.0,0.5582078366443833,0.0,0.0,0.6278710376805415,0.5878523485838594,0.60823139701849,0.5342326440923941,0.0,0.0,0.0,0.0,0.0,0.0,0.0,0.0,0.0,0.0,0.5683032135197895,0.5459501306378652,0.0,0.0,0.5360499074450134,0.0,0.0,0.0,0.0,0.603451455626505,0.0,0.0,0.0,0.5534461241306124,0.559695676064148,0.5811708320435589,0.0,0.0,0.0,0.5767647601237333,0.0,0.5660294672660889,0.6263386313755762,0.5968206418757452,0.0,0.0,0.0,0.0,0.0,0.0,0.0,0.5811376739335643,0.0,0.0,0.5813498402913414,0.0,0.0,0.5634824079891967,0.0,0.0,0.597010889330646,0.0,0.5907819514894214,0.6236645918306094,0.0,0.6184478595643086,0.0,0.0,0.0,0.0,0.0,0.0,0.0,0.5589088717595816,0.5611166779854413,0.0,0.5803662355459299,0.6008528298853498,0.0,0.5906495557625877,0.0,0.6386820002273546,0.5735352967682061,0.5893153010731291,0.0,0.0,0.0,0.0,0.0,0.5963326670220481,0.5855957406817645,0.0,0.0,0.5933606598716026,0.6169429552422903,0.5784495198655939,0.0,0.6066550901780224,0.0,0.0,0.5451574044271996,0.5877996145448781,0.5925865722334037,0.0,0.5939434351890243,0.0,0.0,0.5615836259027557,0.0,0.6168187539165724,0.0,0.0,0.5915759985038422,0.5699200893487476,0.5727422450824605,0.5608831308335853,0.0,0.0,0.0,0.553088922636852,0.0,0.0,0.0,0.5873278645064433,0.0,0.6075092479687393,0.0,0.588314400403814,0.0,0.5606142042496386,0.0,0.5578001826291931,0.0,0.0,0.6340705436545272,0.5766171095436204,0.0,0.0,0.0,0.0,0.5644932164012469,0.0,0.5670806937332182,0.0,0.0,0.0,0.5939516729340016,0.0,0.0,0.0,0.0,0.0,0.0,0.6340916373709247,0.5562089086377822,0.6132937114018558,0.5911843956743628,0.0,0.6096917395132649,0.5848705672358016,0.5461116520719755,0.5889933105636128,0.0,0.0,0.0,0.0,0.0,0.0,0.0,0.570365056747777,0.5941044764169306,0.0,0.0,0.0,0.0,0.0,0.5897561683246109,0.6000322435013905,0.0,0.5787970639627982,0.5911281790624133,0.0,0.0,0.0,0.5786084551085283,0.5946675752361636,0.0,0.5954340704062863,0.0,0.0,0.5723012634163224,0.0,0.5826860689102454,0.0,0.0,0.5469495732764549,0.0,0.5933410262764811,0.636652436299426,0.0,0.0,0.5529725131700224,0.0,0.0,0.539858499853339,0.0,0.0,0.0,0.0,0.6305557520994,0.0
0.0,0.0,0.0,0.0,0.0,0.9116092578664657,0.9079847084710738,0.0,0.9112888992512062,0.9168933067269835,0.0,0.0,0.0,0.9006578249223248,0.9571118233202941,0.0,0.0,0.9377672532030076,0.9100303167157435,0.9207648086847469,0.0,0.0,0.0,0.0,0.9192483285239834,0.0,0.0,0.9399400367164077,0.0,0.9351742713236547,0.9286395450013718,0.0,0.9791169198347028,0.9296782328736822,0.0,0.926100335733628,0.0,0.0,0.8840569339014744,0.0,0.0,0.0,0.0,0.0,0.0,0.0,0.0,0.9367830668710926,0.9403170354798843,0.9002447179388967,0.9320033761245462,0.0,0.0,0.0,0.0,0.0,0.8722924531690474,0.9477798701021524,0.0,0.0,0.989812828948582,0.0,0.0,0.8999128578850207,0.0,0.923766047073866,0.8905882489574753,0.9366118091676114,0.0,0.8915908349850867,0.9290619141407443,0.0,0.9369730952329783,0.0,0.0,0.0,0.0,0.0,0.9070651309997194,0.0,0.9261768584865879,0.0,0.9272330614688854,0.9110429802093274,0.0,0.0,0.0,0.0,0.0,0.9396342413735247,0.0,0.9080297645349241,0.0,0.9328703829744558,0.0,0.0,0.8992524970136294,0.9198342162013877,0.0,0.0,0.9135288646580151,0.0,0.906760760990084,0.0,0.0,0.0,0.0,0.9597613540749141,0.0,0.9184821890041841,0.8858984356893037,0.0,0.0,0.0,0.8990968203801231,0.0,0.0,0.0,0.0,0.0,0.8996933050722681,0.0,0.8882061174133434,0.0,0.0,0.9184835395799175,0.0,0.0,0.9052460262734546,0.9337159194289021,0.0,0.9470809270008961,0.0,0.0,0.9360571239850145,0.9429113789357859,0.8769590700526313,0.0,0.935380004001904,0.0,0.9462417696695152,0.937509487980131,0.9509649698584158,0.0,0.8960382416310488,0.0,0.0,0.9658777556799777,0.8890103923929001,0.0,0.0,0.0,0.9386783048390529,0.0,0.9228198317936825,0.8915170578084054,0.9263343774413814,0.0,0.0,0.0,0.0,0.0,0.0,0.9491104034153331,0.0,0.9446522569761299,0.8516014842476051,0.0,0.0,0.0,0.0,0.0,0.9029834164626966,0.0,0.0,0.0,0.9060133235025126,0.0,0.0,0.0,0.0,0.0,0.9566143414042535,0.0,0.0,0.0,0.9055495407489758,0.0,0.0,0.9625274470159063,0.9109164729136164,0.9168522807396695,0.0,0.0,0.0,0.0,0.9681629103553004,0.0,0.0,0.0,0.9487589129301288,0.0,0.0,0.0,0.8656381011007539,0.0,0.0,0.0,0.0,0.0,0.9025736954259447,0.0,0.0,0.0,0.0,0.8827103381865471,0.9707412548398472,0.0,0.0,0.0,0.9125110496846282,0.0,0.0,0.0,0.0,0.9780638050422703,0.9108841137023405,0.9333763319281669,0.0,0.0,0.9220303955476375,0.8946016386313658,0.8901364583671976,0.9724478412379276,0.9263305176969587,0.9664040524733435,0.0,0.9127412591151236,0.0,0.9377203126846188,0.0,0.9020649604356659,0.9196219778714999,0.0,0.9048419222482447,0.9252810622936345,0.9335342382974922,0.9264754771660733,0.0,0.0,0.0,0.0,0.0,0.0,0.9374160854763364,0.897379952857672,0.0,0.0,0.0,0.9287282257046721,0.0,0.0,0.8859723125899086,0.9120196619688145,0.0,0.0,0.0,0.9626299602536526,0.0,0.0,0.9048156663925541,0.0,0.9658794811373314,0.9564973675512584,0.864517409844746,0.0,0.9316357498714649,0.9267007117460471,0.9484216849555738,0.0,0.0,0.0,0.0,0.9172949219119196,0.0,0.0,0.9479684298579679,0.0,0.0,0.0,0.9621347051939112,0.0,0.0,0.8885607937503974,0.0,0.0,0.0,0.0,0.0,0.0,0.8793719029442725,0.0,0.0,0.0,0.9300658858482761,0.9726252212356902,0.0,0.0,0.0,0.0,0.0,0.9132209482259067,0.0,0.9597264459653294,0.0,0.0,0.8994839080495501,0.0,0.0,0.0,0.0,0.9363966621486046,0.0,0.0,0.9527788466742682,0.0,0.0,0.0,0.0,0.9465807409162982,0.882242898580854,0.929349406039068,0.0,0.8842623593691786,0.0,0.0,0.8870700831680991,0.9068128070575768,0.9172091274616321,0.0,0.0,0.886228754533244,0.8864279177037424,0.9028246816920833,0.0,0.0,0.0,0.0,0.0,0.0,0.0,0.0,0.0,0.0,0.8760185631704452,0.0,0.0,0.0,0.9066572914827173,0.0,0.0,0.0,0.0,0.9478536494049536,0.9082023993204319,0.0,0.0,0.0,0.9553186833274844,0.8802592331618103,0.8949821734321265,0.0,0.0,0.0,0.9580244445671392,0.9522300047685176,0.0,0.0,0.0,0.0,0.0,0.0,0.0,0.0,0.863225304727778,0.9223230524286806,0.9144500150438108,0.0,0.9255470078029838,0.0,0.0,0.0,0.0,0.9362692964671309,0.0,0.0,0.8988645751174326,0.8936703133511501,0.0,0.0,0.9198798943434399,0.0,0.0,0.9510554401353984,0.9525338756113884,0.8964205599048153,0.0,0.0,0.0,0.8934267751341338,0.0,0.0,0.0,0.9276903295578439,0.0,0.0,0.0,0.0,0.0,0.8941947130600314,0.0,0.0,0.0,0.0,0.9634599609362794,0.9065901113778997,0.0,0.9131885839071916,0.0,0.0,0.0,0.0,0.0,0.9051774561030249,0.8727045599827707,0.0,0.0,0.9046789486041209,0.9287434750660707,0.0,0.0,0.0,0.9071173153988201,0.963711886489401,0.9271820156638089,0.0,0.0,0.9224543888636426,0.0,0.0,0.8973582209715403,0.9464520426531627,0.0,0.0,0.0,0.0,0.9034447169662745,0.9334874479695232,0.0,0.0,0.0,0.0,0.0,0.0,0.8815950788449357,0.0,0.9504489891756872,0.0,0.0,0.0,0.0,0.9364179359755015,0.0,0.878121311237563,0.0,0.9645964696009458,0.0,0.0,0.0,0.0,0.0,0.0,0.9294353947853048,0.0,0.0,0.0,0.0,0.0,0.0,0.0,0.0,0.9309183627358446,0.9248567576514918,0.0,0.0,0.9325542934047436,0.8822384797727029,0.0,0.0,0.0,0.0,0.0,0.0,0.0,0.0,0.0,0.9200428555499806,0.0,0.0,0.9208422785149846,0.9128509073188991,0.9309460346879463,0.0,0.0,0.0,0.8859760077400815,0.0,0.0,0.0,0.9065666278737041,0.8983524021600255,0.9190450082539173,0.9357266971987276,0.0,0.0,0.0,0.0,0.0,0.0,0.0,0.0,0.0,0.8738655537858103,0.9089201552862314,0.0,0.0,0.0,0.0,0.0,0.0,0.0,0.0,0.9237986768812525,0.0,0.0,0.0,0.0,0.8917317723095673,0.9055503227399953,0.0,0.0,0.9212570849623791,0.9615474781176556,0.0,0.9022131685656595,0.0,0.0,0.0,0.0,0.9460793168988411,0.9465075567572787,0.0,0.9319144526426256,0.9865294295842238,0.0,0.923672964227703,0.9330837619769204,0.9552488737363074,0.0,0.9014769357410523,0.0,0.0,0.0,0.0,0.0,0.9297893516310931,0.0,0.9206861144255898,0.9527210866156374,0.9062332523213006,0.0,0.0,0.0,0.0,0.0,0.9100131255487705,0.0,0.9073465926917831,0.0,0.0,0.9611421720344909,0.0,0.0,0.0,0.0,0.9370935007391176,0.0,0.9171501594095951,0.8798933780612633,0.0,0.0,0.9444001466485388,0.0,0.9061416326461266,0.8977414473412091,0.901013061872685,0.0,0.9265496847778513,0.9676340100595293,0.0,0.0,0.0,0.0,0.9392219635082206,0.0,0.9199377400773381,0.9539125852112295,0.0,0.8897821128480286,0.0,0.9986422192726969,0.0,0.0,0.9039518673246525,0.0,0.9438735450677932,0.0,0.0,0.8973735603894045,0.9485204124868335,0.9482225877913036,0.9379655116135431,0.0,0.9399310419591644,0.0,0.0,0.0,0.8897171182222378,0.0,0.0,0.0,0.0,0.0,0.0,0.0,0.0,0.0,0.9225475931030396,0.0,0.0,0.0,0.0,0.9167218462145895,0.0,0.9209842592237503,0.0,0.0,0.9039615170686114,0.0,0.9714904430300648,0.9245832237502373,0.0,0.9056248596494232,0.0,0.9146100511583115,0.0,0.8735216239119956,0.0,0.9210128939388197,0.0,0.8833055664519023,0.0,0.0,0.880065157304143,0.9281034473696591,0.0,0.9101523030261431,0.0,0.0,0.0,0.9245624749048084,0.0,0.9128329324347281,0.0,0.9413192370413089,0.0,0.898862779659312,0.0,0.8889582037731794,0.0,0.0,0.9435660711690121,0.0,0.8982100097114863,0.0,0.0,0.0,0.0,0.9166581710122926,0.0,0.0,0.9451915025990757,0.9024030317093482,0.9070827413991529,0.9647445806261655,0.9329314840026903,0.9546707885289915,0.0,0.9017425386100539,0.9051622080325716,0.9180545789856646,0.0,0.0,0.0,0.0,0.0,0.0,0.93987380486221,0.9229003593770326,0.0,0.0,0.0,0.0,0.0,0.8478429354643352,0.9534591357569386,0.9128915584695189,0.0,0.0,0.0,0.9197334867000299,0.0,0.0,0.9089979888196313,0.9025258462189842,0.0,0.0,0.918138361151747,0.9207125733347483,0.9511951764094261,0.0,0.9712623500340564,0.0,0.9185253690849862,0.0,0.0,0.9321132922542653,0.0,0.9287303321092779,0.0,0.0,0.8833207925100762,0.0,0.0,0.0,0.0,0.0,0.0,0.9581474187730253,0.9500173347489688,0.9545354996852549,0.0,0.9305862812400174,0.9447670559937809,0.0,0.0,0.9017755639265965,0.0,0.9309082358220614,0.0,0.0,0.0,0.0,0.0,0.0,0.9211971188028156,0.0,0.0,0.9118619113595032,0.0,0.9168491165279102,0.936307182375765,0.9317496765747831,0.0,0.9498903200251312,0.0,0.9286693452980499,0.9308951847736718,0.0,0.0,0.9690893642367502,0.0,0.9269367917915705,0.889312207750636,0.0,0.0,0.9278422985473115,0.9286082476377312,0.9142829515504779,0.0,0.0,0.0,0.9524097164252552,0.9393534009698282,0.9505159550653922,0.0,0.0,0.0,0.9687096187473868,0.0,0.0,0.0,0.0,0.0,0.0,0.0,0.9362843305820566,0.0,0.0,0.0,0.9294924409091208,0.0,0.9432675474902507,0.0,0.0,0.0,0.0,0.0,0.0,0.889687014093437,0.0,0.0,0.0,0.9452699483621878,0.8873526199876054,0.0,0.9150102044631961,0.0,0.0,0.9313409359799204,0.0,0.0,0.0,0.9348049279583881,0.9091771248889503,0.0,0.8803221238443055,0.0,0.0,0.0,0.0,0.9222764257065774,0.8522892828933742,0.0,0.8908228819399239,0.9236798957507009,0.9245126301776784,0.0,0.0,0.900162270360302,0.0,0.9291353458730619,0.933284575318627,0.0,0.8950107573736874,0.0,0.909414869927143,0.0,0.0,0.0,0.0,0.0,0.0,0.0,0.9609190811041657,0.9315694397276503,0.9151242874470493,0.0,0.0,0.8969564241234887,0.8948944604394938,0.9366714585709992,0.0,0.9369012097149918,0.931522698327709,0.0,0.0,0.0,0.0,0.911296856832887,0.0,0.0,0.0,0.9208527675890906,0.926478697001666,0.0,0.0,0.0,0.9242132097980652,0.9391524187196569,0.0,0.0,0.9022331538648407,0.0,0.0,0.0,0.0,0.0,0.0,0.0,0.0,0.9232864760573049,0.9236224382704522,0.0,0.8709679078005069,0.0,0.0,0.0,0.9190746011684465,0.0,0.0,0.0,0.9547441455441119,0.0,0.0,0.0,0.0,0.0,0.0,0.0,0.0,0.901123309966453,0.9148176581941644,0.9139717525060853,0.9158822672348957,0.0,0.0,0.0,0.9225335807889017,0.0,0.0,0.8958438963566823,0.0,0.0,0.9570582893448437,0.9315863350332106,0.0,0.0,0.0,0.8662349352409752,0.0,0.0,0.0,0.0,0.9317503091796084,0.0,0.916559974904789,0.0,0.9316621126184627,0.0,0.0,0.0,0.0,0.0,0.0,0.0,0.0,0.0,0.0,0.8494480150137232,0.9564812563202753,0.0,0.0,0.9073763232627994,0.0,0.0,0.9230416622549068,0.0,0.0,0.0,0.8972970883873752,0.0,0.9315045706618742,0.0,0.0,0.9378869430510777,0.9181808644691121,0.936057415060148,0.8969807152612255,0.0,0.0,0.8811309685920933,0.0,0.941981893257019,0.0,0.8724821263947584,0.0,0.0,0.0,0.9530859998476865
0.0,0.0,0.0,0.29140542375071987,0.0,0.0,0.0,0.2967111529458868,0.0,0.31446693377541207,0.0,0.0,0.0,0.0,0.3210434039198905,0.0,0.32007018927026937,0.0,0.0,0.0,0.0,0.0,0.30519349801873435,0.0,0.0,0.32710352942413445,0.31826421318527354,0.3361890550533338,0.3170579672943861,0.3118947110365433,0.2978218503166235,0.0,0.0,0.291455989299031,0.3264913846088032,0.0,0.3194464876884229,0.3069536370850825,0.33193908008621364,0.0,0.3250446718085789,0.0,0.0,0.0,0.0,0.0,0.0,0.0,0.31506767464147223,0.0,0.31418131160413765,0.2965370877308925,0.30523921223301687,0.0,0.0,0.3357190646645508,0.0,0.0,0.2850068938529782,0.2992718712173896,0.2984974517275843,0.3354544298832163,0.28643465118286415,0.0,0.0,0.29839965438667065,0.0,0.0,0.0,0.0,0.0,0.30866208498552666,0.0,0.3253471634138955,0.0,0.0,0.2839228619535234,0.31832349312283187,0.0,0.0,0.0,0.2757072797719532,0.30531759904334965,0.3084497793844019,0.0,0.3385362395021752,0.0,0.2936444078102931,0.2946488224542301,0.0,0.3273079642868618,0.3196775443683909,0.30338554539586937,0.2923808852217137,0.0,0.0,0.0,0.36875575472059663,0.0,0.0,0.3296244557013014,0.0,0.0,0.33041544432814574,0.0,0.0,0.0,0.0,0.312345079477496,0.3244682265425245,0.2869239134868524,0.0,0.0,0.33700263525538937,0.3090343266094747,0.336364179339386,0.0,0.3098612871494074,0.0,0.0,0.0,0.0,0.2964467803003269,0.29275825610518147,0.0,0.0,0.0,0.0,0.29114042903250525,0.0,0.2978846911748283,0.0,0.3114541436772014,0.0,0.0,0.3027225703051156,0.32405605784260816,0.0,0.3313220996168737,0.0,0.0,0.0,0.0,0.0,0.0,0.0,0.32095869407232824,0.0,0.0,0.30798197596359156,0.31081480719792876,0.0,0.0,0.0,0.0,0.0,0.0,0.0,0.0,0.34041632625357165,0.3323156083034783,0.0,0.3111650615959234,0.2840929800074645,0.3298304008137963,0.0,0.2980542479983384,0.0,0.0,0.0,0.0,0.30056870669577795,0.30734209685146446,0.3054454093064053,0.3102206294012876,0.0,0.2884294392659171,0.0,0.0,0.0,0.0,0.0,0.315273793369083,0.0,0.0,0.0,0.0,0.0,0.0,0.0,0.0,0.3616398337471959,0.32337513821063923,0.0,0.0,0.0,0.32957146567327583,0.0,0.0,0.0,0.3304394270376529,0.0,0.313745243169935,0.0,0.0,0.3154151018048972,0.0,0.322443731883257,0.3145432504487711,0.0,0.3212074827744831,0.293917589358214,0.0,0.0,0.0,0.0,0.34759620385107276,0.30960265189649555,0.0,0.0,0.0,0.0,0.0,0.0,0.0,0.30821897222793215,0.0,0.31817127766955583,0.31610239261344497,0.0,0.3480318824346964,0.0,0.0,0.0,0.33632027137678894,0.0,0.29622286355657845,0.0,0.0,0.2940080687514013,0.0,0.0,0.0,0.0,0.0,0.29744588494082475,0.3278008562485353,0.0,0.0,0.28840210250616577,0.3042721652416793,0.0,0.3156312462854489,0.0,0.0,0.31036853859371083,0.0,0.0,0.0,0.0,0.29834120478901166,0.0,0.2887027376263986,0.3050242724012117,0.30560569895939566,0.0,0.3153731612768269,0.31013130835825725,0.2983298103924959,0.0,0.0,0.321331307737462,0.3099621371946129,0.317026681201219,0.0,0.31330999972263174,0.32358629966792546,0.0,0.0,0.0,0.0,0.0,0.301425263791132,0.3070570339996053,0.31000911185154967,0.2998644027806604,0.0,0.329634483085255,0.31465384786967243,0.0,0.0,0.0,0.0,0.3002505860038381,0.0,0.0,0.0,0.0,0.0,0.3145241965662233,0.0,0.31507126194790713,0.0,0.30750399635901043,0.2979135065081972,0.0,0.0,0.34249610188923185,0.0,0.0,0.0,0.27696600489486317,0.0,0.0,0.31713181193372514,0.3257096419133707,0.0,0.0,0.0,0.0,0.3697838252921902,0.0,0.0,0.3388417533912549,0.314320283287043,0.0,0.0,0.33791291798770895,0.0,0.0,0.35831919103807897,0.3351694872605743,0.3264789784509585,0.325500743265964,0.0,0.0,0.3066995584387473,0.0,0.34138417785629777,0.0,0.0,0.3321338729663579,0.31302356476774074,0.0,0.0,0.0,0.0,0.3508152279964414,0.0,0.0,0.0,0.0,0.0,0.323267491067114,0.0,0.327166603740596,0.2867344729564303,0.324591542164023,0.0,0.0,0.0,0.0,0.0,0.0,0.0,0.35145364744138036,0.33673081504138463,0.26335795209877516,0.3185472821790196,0.0,0.3198047694769448,0.29353124446387874,0.0,0.0,0.32066304392556255,0.32522036183230857,0.0,0.3464891529743472,0.0,0.0,0.0,0.0,0.0,0.2765025056456956,0.29998906209821563,0.3089196714782103,0.0,0.0,0.0,0.0,0.0,0.0,0.3006559911064994,0.0,0.3047217485286684,0.0,0.31533298088996675,0.0,0.0,0.0,0.0,0.30983892118190515,0.0,0.0,0.3494927435351506,0.2791283476230774,0.0,0.0,0.0,0.0,0.0,0.33170593265962556,0.0,0.0,0.0,0.3118640074586717,0.0,0.0,0.0,0.0,0.0,0.0,0.30984853051917877,0.0,0.31793393796477787,0.0,0.2972248734281385,0.3027614963703312,0.0,0.3002487108353135,0.0,0.3163610000880108,0.0,0.31802319134276763,0.32233242909699233,0.0,0.0,0.0,0.0,0.0,0.0,0.0,0.0,0.0,0.0,0.0,0.0,0.0,0.3323710402472685,0.32881884853974686,0.3249466402715339,0.0,0.0,0.31090730123355714,0.0,0.3201774997708006,0.0,0.2878994418131178,0.0,0.32950224409160844,0.0,0.3013471067324294,0.0,0.0,0.3670103781693972,0.0,0.324548784908428,0.0,0.0,0.0,0.0,0.0,0.0,0.0,0.31122024953090444,0.0,0.0,0.30728930027167745,0.30384361324965675,0.30875047995018706,0.34314175181922,0.3332564518349067,0.0,0.3358308976757292,0.3349364152762915,0.0,0.0,0.0,0.32724198750678946,0.2873021485044808,0.0,0.2701993310113818,0.282680541945846,0.0,0.3143596154467454,0.0,0.0,0.0,0.0,0.0,0.0,0.0,0.0,0.0,0.3211671736760038,0.0,0.0,0.0,0.3112480593158913,0.31950937859278233,0.31884797098088724,0.0,0.0,0.0,0.0,0.0,0.0,0.31438098776970663,0.0,0.3190430977398263,0.3586774425477016,0.0,0.0,0.0,0.30330345190169644,0.0,0.0,0.32286215328066176,0.0,0.0,0.0,0.0,0.0,0.0,0.0,0.0,0.0,0.0,0.3236089672137931,0.0,0.0,0.0,0.3169755515742825,0.0,0.0,0.0,0.31774228987932784,0.295876918570648,0.2939131253869448,0.0,0.0,0.0,0.0,0.0,0.0,0.0,0.0,0.0,0.0,0.32575272128468297,0.33971263963827497,0.32847835784867035,0.3522548696326993,0.0,0.36141011349079366,0.0,0.0,0.0,0.0,0.33124565214201257,0.3383519876816405,0.0,0.0,0.3234775576654369,0.3106037682166516,0.0,0.3220545688090698,0.31292410350557964,0.0,0.0,0.33095776109825326,0.301151233601446,0.31055746892502034,0.0,0.3369582054647996,0.0,0.0,0.30374056045962794,0.0,0.0,0.3478583412306165,0.0,0.3256299971039069,0.0,0.0,0.27107037190168515,0.0,0.0,0.3237219744675103,0.3631253520538327,0.0,0.2906419361622911,0.33132524423194687,0.0,0.0,0.0,0.32381403637272926,0.2800217961857772,0.0,0.0,0.3155076419104796,0.0,0.0,0.29412474480989703,0.0,0.3260142478684904,0.0,0.0,0.0,0.0,0.0,0.0,0.3355087189330008,0.3108262333072585,0.0,0.34928665055811886,0.0,0.0,0.3143569675574807,0.32296945471688104,0.0,0.3032274812009121,0.31103205951196294,0.0,0.0,0.0,0.29543776064936583,0.31868058990377296,0.0,0.0,0.0,0.0,0.0,0.34088157326031987,0.30475310457487037,0.2969102529343098,0.30441768954157816,0.3251231484432387,0.0,0.0,0.0,0.0,0.0,0.0,0.0,0.0,0.0,0.0,0.3403239253955718,0.0,0.0,0.0,0.2976264933602227,0.0,0.0,0.0,0.3375213360642654,0.0,0.0,0.0,0.29662103513107924,0.0,0.0,0.30747093995210895,0.3150085558280793,0.0,0.0,0.0,0.0,0.3029767834296594,0.0,0.30940069012658256,0.0,0.2971309562492233,0.0,0.0,0.0,0.30204823742220815,0.0,0.0,0.0,0.0,0.30343468877376084,0.334630114709626,0.0,0.3311243180999258,0.0,0.0,0.29019991182860416,0.0,0.31758254717652074,0.33334815406295604,0.0,0.0,0.34341982517423414,0.0,0.0,0.3336290663410708,0.3008927095912544,0.0,0.29947238582773344,0.3253736800804948,0.0,0.0,0.0,0.0,0.0,0.0,0.0,0.0,0.31065142574743787,0.31613507203112484,0.0,0.0,0.29119630996464424,0.28532911851710147,0.0,0.0,0.28693631405767744,0.2944219157381994,0.3045308531755554,0.3228990232113643,0.2830252980089684,0.0,0.0,0.0,0.0,0.336896973172846,0.3038769177809141,0.32505376666949193,0.3075451558760095,0.0,0.3110808465505043,0.0,0.0,0.33777999815906967,0.3453779860649749,0.2935341226165767,0.31669200042232204,0.0,0.0,0.32798582908085455,0.0,0.0,0.3309774975360213,0.3132567018725861,0.0,0.30668164520465274,0.0,0.0,0.0,0.28167364747552465,0.0,0.0,0.31086242870633124,0.31482044850187074,0.28913693742288976,0.0,0.0,0.0,0.29860902546532664,0.3066702827801675,0.0,0.3335267660968837,0.0,0.0,0.0,0.3172488793177993,0.3116298781357804,0.0,0.0,0.0,0.0,0.27954229497837624,0.0,0.0,0.3499115694915276,0.0,0.0,0.0,0.0,0.31430993854626577,0.32439293025297083,0.3041171765734253,0.0,0.31729339605769546,0.0,0.32829860438635766,0.31939903466201447,0.0,0.0,0.0,0.0,0.0,0.32600989697622057,0.0,0.0,0.0,0.0,0.32622529808897605,0.0,0.33432942540290095,0.34476142432677986,0.34822831191221565,0.0,0.3084746064257978,0.0,0.0,0.34146831857253906,0.29450441388289056,0.0,0.0,0.3260732007684486,0.0,0.2959647356930301,0.0,0.0,0.0,0.0,0.2815151186216167,0.33241621297540114,0.0,0.0,0.0,0.2776317242583372,0.0,0.32067200385332867,0.0,0.0,0.0,0.29424907200864564,0.0,0.0,0.0,0.0,0.0,0.0,0.0,0.3517764031511243,0.0,0.29163425968479706,0.0,0.3068080048636568,0.0,0.0,0.0,0.0,0.0,0.0,0.0,0.0,0.0,0.3336434879714631,0.2984230739066891,0.0,0.30030474031317694,0.0,0.0,0.2966576692514788,0.3001154978464826,0.28933561194189267,0.0,0.33595084526628677,0.0,0.30839484697273173,0.0,0.0,0.0,0.0,0.27937282317162687,0.0,0.0,0.3113036252230323,0.33255510929671683,0.33824177237576875,0.0,0.0,0.0,0.0,0.3210665581964542,0.317890816545571,0.3071901016251735,0.0,0.31468699981415715,0.3382819761937182,0.0,0.0,0.0,0.0,0.0,0.0,0.0,0.30418434219480966,0.3199262120258555,0.0,0.0,0.3365769609758302,0.0,0.2755469627664906,0.0,0.0,0.3294349925831364,0.0,0.0,0.31995939982471794,0.33997775280564946,0.0,0.0,0.0,0.34113881313956357,0.3395462997174599,0.3234654490914719,0.0,0.29145749265212983,0.0,0.0,0.0,0.0,0.0,0.0,0.0,0.0,0.3313226696073649,0.0,0.325276656599354,0.0,0.0,0.0,0.0,0.0,0.0,0.0,0.3631236322116241,0.3589005161407262,0.0,0.30697031129091784,0.0,0.0,0.3095712544371802,0.0,0.0,0.0,0.0,0.0,0.32799160463856913,0.0,0.30447282630923034,0.0,0.0,0.0,0.332482481729461,0.0,0.0,0.0,0.0,0.30709430848443114,0.33641318095147443,0.0,0.32182959553826795,0.3152936464654595,0.0,0.0,0.3025999390570515,0.2929109538062446,0.0,0.0,0.2847197306576342,0.0,0.30619154249493075,0.0,0.3296890009101804,0.0,0.0,0.0,0.31546750333800233,0.0,0.0,0.2995227929224,0.0,0.34889050805938354,0.0,0.0,0.0,0.0,0.0,0.0,0.0,0.0,0.2923319331203165,0.35128254040356127
0.0,0.0,0.0,0.0,0.0,0.0,0.0,0.0,0.0,0.6474988385782653,0.6107838437675164,0.0,0.0,0.0,0.0,0.61797810679688,0.6745060551454696,0.6400152393643429,0.0,0.6557848257379221,0.628440109081314,0.6205138404079322,0.0,0.0,0.6608088180340157,0.6523800165027067,0.6245395721365382,0.0,0.0,0.612419468106982,0.6735336386677793,0.0,0.6802280049469407,0.6116894260022139,0.0,0.0,0.6399361582695478,0.0,0.6254248486156262,0.6397021555839699,0.6221430074038343,0.0,0.0,0.0,0.0,0.0,0.0,0.630294382540759,0.6481857141280375,0.0,0.5978450313420832,0.0,0.6810268902638369,0.609018412334448,0.0,0.0,0.6174824649283461,0.0,0.6080685658150107,0.0,0.0,0.0,0.6357459745068801,0.6828552446438588,0.0,0.0,0.6271218736338229,0.6312879392797597,0.0,0.0,0.0,0.0,0.0,0.0,0.0,0.0,0.0,0.6527694005444296,0.6742760816921446,0.0,0.0,0.0,0.6183615545485338,0.649753030667098,0.0,0.66566452030365,0.0,0.0,0.0,0.0,0.6749905163267536,0.0,0.0,0.0,0.6214322791710837,0.0,0.0,0.0,0.0,0.0,0.6002422447309113,0.6078427036513747,0.0,0.0,0.6258807281753769,0.6146756223183626,0.647958582876424,0.0,0.6482884351501611,0.0,0.6163651871519823,0.6303771733434086,0.6120475317095833,0.0,0.0,0.0,0.0,0.6151456470083259,0.0,0.0,0.6577000823179968,0.629990622738282,0.6035720594673636,0.0,0.6291073872731351,0.0,0.0,0.6264960294447748,0.0,0.0,0.6242991847203114,0.0,0.6349045110055028,0.0,0.6220795369375627,0.0,0.0,0.5904847501404741,0.0,0.6303576918641856,0.0,0.642367848893372,0.6012937472684858,0.0,0.6435476114907217,0.0,0.0,0.0,0.0,0.0,0.6408001894460946,0.0,0.0,0.6391869630292435,0.6542857059892351,0.0,0.0,0.646707844869297,0.6307125572909008,0.6009619200823478,0.0,0.661391045757844,0.6215154930564726,0.0,0.6264991337474863,0.6671458078347801,0.6990740560751454,0.0,0.6350187444011347,0.0,0.0,0.6130651486311829,0.0,0.0,0.640483385485612,0.0,0.0,0.6448736426415234,0.0,0.0,0.0,0.0,0.6429065535027498,0.0,0.6462856429694602,0.0,0.6734919288723049,0.0,0.0,0.0,0.0,0.6485354147093653,0.0,0.0,0.0,0.6317469203772336,0.0,0.6785732023867594,0.6168709364536701,0.0,0.0,0.0,0.0,0.0,0.0,0.0,0.0,0.0,0.617232670644102,0.6317585341909178,0.0,0.6087345898532982,0.0,0.0,0.0,0.0,0.0,0.604491553412992,0.0,0.6409627149672368,0.6253452254825259,0.0,0.0,0.6299974664938162,0.0,0.619211155220169,0.0,0.0,0.6346547557437597,0.0,0.0,0.0,0.0,0.0,0.0,0.6205692716946258,0.0,0.6171945105563731,0.6210015801557006,0.0,0.0,0.6431236166282726,0.0,0.6609293955829109,0.0,0.6257102209152099,0.6039531003160602,0.6382182685356592,0.0,0.0,0.621194652677948,0.636493341906566,0.6194889122455626,0.6231817040394539,0.0,0.6132086690026161,0.0,0.0,0.0,0.0,0.6154881203800092,0.0,0.0,0.624447134549968,0.6561378570414085,0.6085382954344704,0.6228752578177345,0.6060220669149435,0.0,0.0,0.6077893169335599,0.0,0.6185108433446843,0.6591921432971273,0.0,0.0,0.5983360740932173,0.6300165648328876,0.0,0.0,0.6548889489198575,0.6347033228624166,0.0,0.6556851130061788,0.6549100552525707,0.0,0.0,0.0,0.6110846181324247,0.6237883275565891,0.6317255589448072,0.0,0.0,0.0,0.0,0.0,0.0,0.0,0.0,0.0,0.0,0.0,0.0,0.0,0.0,0.0,0.0,0.0,0.0,0.0,0.0,0.6268311171156294,0.6054037876887264,0.0,0.0,0.6222878690628235,0.6555878587882705,0.6461816565964429,0.6252567523355389,0.0,0.0,0.0,0.0,0.6476324113940363,0.6500050471424752,0.0,0.0,0.0,0.0,0.0,0.0,0.6180813748805885,0.0,0.0,0.0,0.0,0.0,0.637257851725458,0.6403867939352921,0.0,0.6044971461494614,0.0,0.0,0.0,0.6679947948721654,0.0,0.6213542842009486,0.0,0.0,0.6210340249712442,0.0,0.0,0.0,0.0,0.6151260782052071,0.0,0.0,0.6657419310181596,0.6496642508937848,0.0,0.0,0.0,0.0,0.6191781900395307,0.0,0.0,0.6045339744430678,0.0,0.0,0.0,0.0,0.0,0.0,0.0,0.6613480209992775,0.5943878039689948,0.6319226974632459,0.6532855475197139,0.0,0.6224944132552076,0.0,0.0,0.0,0.5939752475134632,0.6319615139374526,0.6668961310202075,0.6600092951398143,0.0,0.0,0.6331355429960267,0.5896820850960168,0.6398914093613955,0.622581126655694,0.0,0.0,0.5927664442104631,0.6575042484850742,0.6326310263310226,0.0,0.0,0.0,0.0,0.633660370569167,0.6447186578459205,0.0,0.0,0.0,0.0,0.0,0.0,0.0,0.6174904090023098,0.0,0.0,0.59948336164109,0.0,0.0,0.0,0.0,0.0,0.6148716878500448,0.0,0.5908945003207762,0.601768938344895,0.0,0.0,0.0,0.6135937886378057,0.0,0.6782077604616837,0.6328482990741948,0.0,0.0,0.6721717262464092,0.0,0.0,0.6225783032522392,0.0,0.0,0.0,0.0,0.0,0.6566378890081834,0.0,0.5864298069716425,0.0,0.0,0.0,0.6527662559818733,0.0,0.0,0.0,0.0,0.0,0.0,0.6397622365434836,0.0,0.0,0.0,0.6560411892296097,0.0,0.6167840467313647,0.6269305618939734,0.614648795827839,0.6442983305088369,0.0,0.0,0.0,0.0,0.0,0.0,0.0,0.0,0.0,0.0,0.0,0.0,0.0,0.6173080021608907,0.6614511274803736,0.6499331658581079,0.0,0.0,0.6422000658413693,0.0,0.0,0.0,0.0,0.0,0.0,0.6169876702531409,0.0,0.0,0.0,0.0,0.64604682687316,0.6261774385502915,0.0,0.0,0.6200271873361337,0.6050853532262909,0.6647999335983685,0.6147011021780571,0.0,0.0,0.0,0.0,0.0,0.0,0.653804537116212,0.6275828873218028,0.0,0.6202905309329233,0.0,0.0,0.661588919679614,0.0,0.0,0.6175665431193862,0.6315530210707816,0.6211878653584912,0.0,0.0,0.6042989652310474,0.0,0.0,0.0,0.0,0.6050095358829789,0.6452408834020584,0.0,0.65060633013877,0.0,0.0,0.5842002161376855,0.0,0.6495173124324104,0.6226499614073978,0.612674731040854,0.0,0.0,0.695217056962393,0.5952413924040754,0.6307676237416999,0.0,0.0,0.0,0.5728577472655848,0.0,0.0,0.6133665913488273,0.0,0.6316808293005255,0.0,0.6589851572305622,0.0,0.0,0.6053539303964514,0.6124593714920417,0.0,0.6564190207129479,0.0,0.0,0.0,0.0,0.0,0.6069793826755986,0.0,0.0,0.582154220664947,0.6487610250621845,0.629799403079294,0.0,0.0,0.5989622627581356,0.0,0.0,0.0,0.0,0.0,0.6228609786781838,0.0,0.0,0.0,0.0,0.0,0.0,0.0,0.0,0.6357280897724775,0.6350675432215672,0.0,0.0,0.6025689384795058,0.6422670729431118,0.6234462901760051,0.0,0.6487439385815367,0.0,0.0,0.6330243103581719,0.621476515024057,0.6717893045758623,0.0,0.0,0.0,0.0,0.0,0.6284556297961803,0.0,0.0,0.6310870717430132,0.636064554714327,0.6117918880171688,0.0,0.0,0.6597076727613798,0.0,0.616027168694013,0.0,0.0,0.0,0.0,0.6335542080116869,0.6392408619421138,0.6141076244681082,0.0,0.0,0.6729782230455109,0.0,0.6096584867540935,0.0,0.6369400635828174,0.6026402321533434,0.6580808866927041,0.0,0.6516022553822972,0.6301293507779101,0.6212377207920803,0.0,0.0,0.0,0.6182366424904356,0.6244539838720571,0.0,0.0,0.0,0.627147788364524,0.6202698736993684,0.6111824658113373,0.0,0.0,0.0,0.639154802636676,0.6214505833124081,0.0,0.0,0.0,0.0,0.0,0.0,0.0,0.0,0.0,0.0,0.6339871067214232,0.6383960074991702,0.0,0.0,0.0,0.0,0.0,0.0,0.6633661456256368,0.6107638180241532,0.0,0.6309498910095678,0.0,0.6208729637148885,0.0,0.6265927693752554,0.6655932268823379,0.0,0.6052624549325702,0.0,0.0,0.6655906605311463,0.5967370985199801,0.6077426081429999,0.0,0.0,0.0,0.6039173313913571,0.6731407766223814,0.0,0.6112580380117628,0.6336731531283103,0.0,0.6238770792443095,0.0,0.6103514174198993,0.0,0.0,0.655350649313193,0.6546716022003354,0.0,0.6237935166267857,0.0,0.6237453839045671,0.6784325318167533,0.0,0.0,0.0,0.0,0.6576878283886135,0.5899818198790908,0.0,0.6290898424233817,0.6129608531948714,0.0,0.0,0.6588248312045051,0.0,0.0,0.0,0.0,0.6298578648516298,0.0,0.0,0.0,0.6642331348340216,0.0,0.0,0.6387422896956383,0.0,0.5902577065363024,0.0,0.6473984009195866,0.0,0.6144278427584696,0.0,0.0,0.0,0.0,0.0,0.6448409953624926,0.6577001766791543,0.631671609976492,0.0,0.6250755430857804,0.0,0.0,0.6380135102224037,0.6473188236361894,0.0,0.6364499114599026,0.0,0.6262298548989932,0.0,0.0,0.0,0.0,0.645280026155474,0.0,0.6800327205930167,0.5700050112292858,0.0,0.6078997975977272,0.0,0.0,0.0,0.0,0.0,0.0,0.0,0.6010284008379569,0.6720572099204096,0.0,0.632785161911962,0.0,0.6382331089635097,0.0,0.0,0.608951030128539,0.0,0.0,0.0,0.6053643712056185,0.6378040828177801,0.0,0.6207275244531907,0.0,0.6350829778302888,0.0,0.0,0.6747024657737154,0.0,0.6075664899298218,0.6128636684707606,0.0,0.6203944637745243,0.0,0.614268661322586,0.6384082940922149,0.0,0.0,0.0,0.0,0.0,0.0,0.0,0.6150764265044915,0.6516898176612503,0.0,0.0,0.6619432092676213,0.6502695307868233,0.0,0.6321103983249406,0.0,0.6350423450844966,0.0,0.0,0.0,0.5971086860165098,0.0,0.0,0.0,0.6073627949537788,0.6110020061388608,0.0,0.5919619049408897,0.6026760167031452,0.6300984564157662,0.0,0.0,0.6811685805106825,0.5935147006429059,0.5850403918733734,0.0,0.0,0.0,0.588942492574221,0.0,0.6610689568219431,0.0,0.6157403877105085,0.0,0.6142308187724068,0.6165587368595747,0.0,0.6409116301738501,0.6437006708560661,0.0,0.6380126803719857,0.0,0.6592578779764633,0.0,0.0,0.0,0.0,0.0,0.6217317880167528,0.0,0.6059060017431774,0.6208864250608238,0.6279005774653278,0.0,0.6179918577225457,0.0,0.5943081014572313,0.0,0.6279748556595316,0.0,0.0,0.0,0.0,0.6506573873297254,0.0,0.0,0.66061662627139,0.6168965446704135,0.0,0.0,0.6442913200444885,0.0,0.6497303695190587,0.0,0.0,0.0,0.6224115761114801,0.0,0.0,0.6209683379082546,0.6284526660426994,0.0,0.0,0.0,0.6636993024543608,0.0,0.0,0.0,0.0,0.0,0.0,0.0,0.0,0.6194798834869766,0.0,0.0,0.6264295885554538,0.0,0.0,0.0,0.0,0.6140353886865418,0.0,0.0,0.6353854467558517,0.6261590334317412,0.6148548190347205,0.0,0.0,0.6210861119692253,0.6177260691211145,0.0,0.0,0.6214872704822479,0.6245935642003841,0.0,0.6304453519128682,0.0,0.6737430403905943,0.0,0.0,0.0,0.0,0.6041174722330255,0.6396873250960958,0.0,0.0,0.6032031693491079,0.6500875275861315,0.0,0.0,0.6755790349982438,0.6439018636138413,0.0,0.0,0.0,0.0,0.0,0.0,0.0,0.0,0.0,0.5953934092556814,0.0,0.0,0.0,0.0,0.0,0.0,0.0,0.0,0.0,0.6521093197564538,0.6327393230587876,0.6166768398290708,0.6242006506671014,0.0,0.0,0.0,0.0,0.0,0.0,0.6604437570280511,0.6279639827423066,0.0,0.6555680749693393,0.6327220452620965,0.6317164694816001,0.6354354712617605,0.0,0.0,0.0,0.0,0.6033950792718945,0.6464986988904542,0.0,0.0,0.6373396247364722,0.0,0.0,0.0,0.6712457142138906,0.0,0.0,0.6522564071162903,0.0
0.0,0.0,0.0,0.0,0.0,0.5586732756415765,0.0,0.0,0.0,0.5490300128014777,0.5546174782132487,0.0,0.0,0.5281763828403033,0.5502390012730071,0.5548730549834737,0.0,0.0,0.0,0.53334174199769,0.5480609510226755,0.0,0.5628961375121261,0.0,0.5653975121586567,0.0,0.0,0.5390401536614731,0.0,0.0,0.0,0.0,0.5600751128659205,0.0,0.0,0.0,0.5515646661938347,0.0,0.5321149467279551,0.5556720996552148,0.5467222693605929,0.5751129312809327,0.0,0.0,0.5781351192714491,0.0,0.5640048004514522,0.0,0.5374567567242198,0.5610239209776782,0.0,0.0,0.5657199833853985,0.5415380172491634,0.0,0.0,0.0,0.5233673657476946,0.0,0.0,0.5052143736039472,0.0,0.0,0.0,0.0,0.5478778628624529,0.0,0.5431575201133596,0.0,0.0,0.5669997433610898,0.0,0.5502035478749181,0.5562663359865392,0.0,0.0,0.5265036941891426,0.0,0.0,0.0,0.0,0.0,0.0,0.5261148143518072,0.0,0.0,0.0,0.0,0.562303012289828,0.5426724200763339,0.0,0.5356563602202793,0.0,0.0,0.0,0.5921525921731313,0.0,0.5300323250297944,0.0,0.0,0.0,0.5468024766829903,0.0,0.0,0.0,0.5741473492357968,0.5572984343957006,0.0,0.0,0.0,0.5312937832664452,0.0,0.528896667358939,0.0,0.5138735633269274,0.0,0.0,0.0,0.0,0.0,0.0,0.57753631970193,0.0,0.0,0.0,0.543955604523703,0.0,0.5483682328918829,0.0,0.0,0.5871653769587641,0.0,0.0,0.5826589944671919,0.0,0.0,0.0,0.0,0.0,0.0,0.0,0.5508414482075636,0.5532994276292034,0.0,0.0,0.0,0.0,0.5579253565721937,0.0,0.0,0.0,0.0,0.0,0.5818176727457175,0.0,0.5447373789526118,0.0,0.0,0.558474055069682,0.0,0.5740702666660953,0.0,0.0,0.5575723572297782,0.5243822493823103,0.5488629285001483,0.53490261460549,0.5646075765674088,0.5678154555104903,0.5551141494430301,0.0,0.0,0.5399333310700353,0.0,0.5754487186932545,0.0,0.0,0.0,0.0,0.0,0.0,0.0,0.5496602755767998,0.0,0.0,0.0,0.0,0.0,0.0,0.5457369590367026,0.0,0.0,0.0,0.0,0.0,0.0,0.5074879239720395,0.5765033078983244,0.5692437730490061,0.0,0.551835491517297,0.5760110124177632,0.0,0.0,0.5654633033059083,0.569138319758718,0.5232184022453964,0.0,0.537435599082626,0.5691996538607632,0.5198532777736938,0.5582754247643782,0.0,0.5546216201564657,0.0,0.0,0.5351578477045859,0.0,0.5632077619932476,0.0,0.5318784909888201,0.5727300987221341,0.0,0.0,0.0,0.0,0.0,0.5189425581789578,0.0,0.0,0.5117025857381704,0.0,0.0,0.0,0.0,0.0,0.560036370992739,0.5002087016460475,0.0,0.5685415947884758,0.0,0.0,0.0,0.0,0.0,0.0,0.0,0.5483298982308487,0.0,0.5042890438997106,0.0,0.5761391649558182,0.0,0.5844951714500874,0.5383309099467192,0.5299955939127131,0.0,0.0,0.0,0.0,0.0,0.5713805985488212,0.5646679361736243,0.0,0.0,0.5455920323530142,0.5557319214397677,0.0,0.0,0.5700056124949497,0.5386135900383442,0.549107004311765,0.5631314962557968,0.0,0.534719471842719,0.5395308607555571,0.0,0.5403156876199264,0.0,0.0,0.0,0.0,0.5159266375956709,0.0,0.0,0.5467380341763041,0.0,0.5422018625561669,0.5338211928515008,0.0,0.0,0.0,0.5307617873722733,0.0,0.0,0.54668496111903,0.0,0.5889119344136969,0.0,0.0,0.5406950942631891,0.5659157228585859,0.5758266078884765,0.0,0.0,0.0,0.5722711391621763,0.5746571488646358,0.0,0.0,0.5502312591315804,0.5708846976566792,0.0,0.0,0.5768989219857195,0.0,0.0,0.5559204625552664,0.5422398492421135,0.0,0.0,0.0,0.0,0.0,0.0,0.0,0.0,0.0,0.5440222868464103,0.0,0.5460246650331494,0.5381834122441598,0.0,0.0,0.0,0.0,0.0,0.5619801221167523,0.5233711068372394,0.5656704293102519,0.0,0.0,0.5451214874634004,0.5619787872081375,0.5385608165139852,0.0,0.0,0.0,0.0,0.0,0.5883113902680058,0.0,0.0,0.0,0.5468545029288608,0.0,0.5630523042369856,0.5813465315162303,0.0,0.0,0.0,0.0,0.0,0.5395174880066319,0.0,0.0,0.0,0.0,0.5655639862379712,0.0,0.0,0.0,0.0,0.0,0.5737841091246794,0.5247951554983801,0.5444076112812992,0.5535550686558709,0.0,0.0,0.0,0.0,0.0,0.5528364401336914,0.5446424893781269,0.0,0.0,0.0,0.5351193009054103,0.5356204248558676,0.5572975820042112,0.0,0.0,0.0,0.0,0.0,0.5343451579051374,0.0,0.5903858207538341,0.0,0.0,0.5406976264353538,0.528204065690595,0.0,0.5436601452041508,0.553759898364897,0.0,0.0,0.0,0.5511566892770965,0.0,0.0,0.0,0.0,0.5487095706191257,0.0,0.0,0.0,0.0,0.0,0.0,0.5508330747802025,0.541622509574747,0.0,0.0,0.0,0.0,0.0,0.0,0.5243136160635928,0.5558274740642689,0.0,0.0,0.5593076362081546,0.5674068138745936,0.0,0.0,0.5606484763738462,0.0,0.5472317484526433,0.0,0.0,0.5240329688300125,0.5537373478418893,0.0,0.0,0.0,0.0,0.5380194501604463,0.0,0.0,0.5107697820162176,0.0,0.0,0.0,0.0,0.0,0.0,0.0,0.0,0.576222116821724,0.0,0.0,0.5495043509565384,0.5264112131889354,0.0,0.0,0.5453053769848082,0.0,0.0,0.0,0.5506680632179594,0.0,0.5535332221941459,0.0,0.0,0.5517163655234347,0.5531513020653236,0.5480734266996363,0.5295365980732931,0.0,0.5552585142485278,0.0,0.5244170984673195,0.0,0.0,0.0,0.0,0.0,0.0,0.0,0.5496032893774376,0.0,0.0,0.5428185278480507,0.0,0.5385196040228107,0.0,0.0,0.5418476238262888,0.0,0.551742728658733,0.0,0.5755423857661199,0.0,0.0,0.0,0.5586823858467953,0.5559544210136893,0.0,0.5189998695423318,0.0,0.0,0.0,0.0,0.0,0.0,0.0,0.0,0.5322838421654038,0.0,0.5512827143055722,0.0,0.5464451026225461,0.5233750254038152,0.5426278151446934,0.0,0.0,0.5382837969357547,0.5799972139515546,0.0,0.5284344057215822,0.0,0.523760075250604,0.5558008143014279,0.0,0.0,0.0,0.0,0.0,0.0,0.0,0.5702273807387532,0.5602903039072609,0.5252441779288866,0.0,0.5895199472188628,0.0,0.0,0.0,0.0,0.0,0.5072031998131284,0.0,0.0,0.0,0.0,0.0,0.5076527661775361,0.5414548455195229,0.0,0.0,0.5568938771565983,0.5818703431015431,0.0,0.0,0.0,0.5487969934438924,0.0,0.5131123893246717,0.0,0.0,0.0,0.0,0.5418420588520126,0.5541672607367287,0.0,0.0,0.5630160254559541,0.5199108854975962,0.0,0.0,0.5866069469252044,0.0,0.0,0.5371187942105985,0.5613667304205643,0.0,0.0,0.0,0.0,0.0,0.0,0.5788867123066217,0.5241969415442561,0.5525226552147081,0.0,0.5392275838520018,0.0,0.5671239221390327,0.521310386066685,0.0,0.0,0.5327652031233236,0.0,0.5534701854951217,0.0,0.5383920348276415,0.0,0.0,0.0,0.5774264814323166,0.0,0.5349621808833732,0.554903754287831,0.561879567299729,0.5269820927767807,0.0,0.5338855772551683,0.0,0.0,0.0,0.5683999004601763,0.5369279639406481,0.5470611719412553,0.515754859384611,0.0,0.0,0.5141329870760896,0.0,0.0,0.0,0.0,0.5407384363426742,0.0,0.0,0.0,0.5374347149297609,0.0,0.0,0.0,0.0,0.0,0.0,0.5800254966303943,0.5945988306293429,0.0,0.5118153540639825,0.0,0.0,0.5527111723022042,0.5464388694111957,0.0,0.0,0.0,0.0,0.0,0.5243918351298937,0.0,0.0,0.5432597079973329,0.0,0.0,0.0,0.5629619026532687,0.0,0.532568406491455,0.0,0.0,0.0,0.0,0.0,0.0,0.5663123702417976,0.5509933649246368,0.5889432847279994,0.0,0.0,0.5455160125701725,0.0,0.5005486715076607,0.0,0.0,0.5672761755055059,0.0,0.5128698979143388,0.520310083833318,0.535414721284994,0.0,0.0,0.5440136188148313,0.0,0.0,0.0,0.0,0.5258488145538425,0.0,0.0,0.537990572666298,0.0,0.5788791496790712,0.545092858662816,0.0,0.5580374987054327,0.0,0.0,0.0,0.0,0.0,0.5509086655649811,0.5509841722734615,0.0,0.0,0.0,0.0,0.0,0.5642960114064365,0.5565944891674073,0.5099432247037566,0.0,0.0,0.0,0.557079239066165,0.0,0.0,0.0,0.536677095150192,0.0,0.0,0.0,0.0,0.0,0.0,0.0,0.0,0.5594638308282482,0.0,0.5456066271201866,0.0,0.5499445428728275,0.0,0.0,0.0,0.5396254061169407,0.5732244083415324,0.5460036706870195,0.5495767666792842,0.5281803369696859,0.5456469209260578,0.0,0.5357909489936158,0.0,0.0,0.5484830031000661,0.561828989679964,0.0,0.5825204692304267,0.0,0.0,0.0,0.0,0.0,0.0,0.5462282948520069,0.0,0.0,0.0,0.5270267268569635,0.0,0.0,0.5360981488670123,0.0,0.0,0.0,0.0,0.5415788529693735,0.5697398400651148,0.0,0.0,0.5579326509371106,0.0,0.5608830293695923,0.0,0.5253087707136179,0.0,0.0,0.5203928346745539,0.5485138458255938,0.5544248995601142,0.0,0.5542001138934898,0.5662154763342161,0.5170104560281459,0.5565295369050108,0.0,0.5456532452653673,0.5419540173378211,0.0,0.0,0.0,0.5699246996021945,0.0,0.0,0.515869332727161,0.0,0.0,0.0,0.0,0.0,0.0,0.0,0.0,0.0,0.0,0.0,0.0,0.5076778462172491,0.0,0.5124592931717498,0.5683541750282425,0.0,0.0,0.0,0.0,0.5586099633821504,0.0,0.5652963202464216,0.0,0.0,0.5199106570043264,0.0,0.551704955534484,0.551853944011167,0.5608347590958656,0.0,0.0,0.0,0.0,0.0,0.0,0.5503962341794411,0.562868800478332,0.547781919855866,0.0,0.0,0.5459019679592605,0.5398329467222248,0.0,0.0,0.5446538709256732,0.0,0.5469030038241205,0.531968158816333,0.0,0.5512111978277002,0.0,0.0,0.5868671697982082,0.0,0.0,0.0,0.0,0.5198254241452277,0.5500421639500436,0.5647648981180389,0.5378348298418838,0.0,0.0,0.5396525232949405,0.0,0.0,0.0,0.5540233349623772,0.0,0.5069183299140237,0.0,0.0,0.5589458589237939,0.5688783840507776,0.0,0.5331913672549514,0.0,0.0,0.0,0.0,0.0,0.0,0.0,0.0,0.0,0.5895718620691119,0.0,0.0,0.0,0.5082673102210173,0.0,0.0,0.5495087855878976,0.5588121812013317,0.5705995600316199,0.0,0.0,0.5561814857152056,0.0,0.0,0.0,0.0,0.0,0.0,0.0,0.5647959334910603,0.5229923689008343,0.0,0.0,0.0,0.5665487311000788,0.5530531353537125,0.0,0.0,0.0,0.525828691710779,0.0,0.5516125704618555,0.0,0.0,0.0,0.0,0.5292339171315061,0.0,0.5800989792747064,0.0,0.5458016742606477,0.0,0.0,0.5740030758905099,0.0,0.0,0.0,0.0,0.0,0.0,0.0,0.5298325323595497,0.0,0.5341431922270363,0.5719346091048141,0.0,0.0,0.0,0.0,0.5581510252670704,0.5334499151505891,0.5786276956005901,0.0,0.5711308045055083,0.0,0.0,0.0,0.0,0.0,0.5668663579641937,0.0,0.5947762862678002,0.5778112202729554,0.0,0.0,0.532525712359088,0.0,0.5599251444251693,0.0,0.5887550377700013,0.0,0.0,0.0,0.0,0.0,0.0,0.0,0.0,0.0,0.0,0.536766717854622,0.5385915517974441,0.0,0.5956455274478534,0.0,0.5526863334695612,0.5035136881545415,0.0,0.0,0.0,0.5228615480838202,0.0,0.0,0.0,0.0,0.5030993790151173,0.5491688165343002,0.0,0.0
0.0,0.0,0.0,0.0,0.0,0.0,0.7308251068029603,0.0,0.7569136408316862,0.0,0.0,0.0,0.0,0.7991452208378318,0.8297056223560756,0.7581439920338046,0.7335313450295705,0.7692759388425647,0.0,0.0,0.0,0.7475604549143672,0.768621424163001,0.7413827230173117,0.7413450322186119,0.0,0.7818019261297757,0.7718979657082662,0.0,0.7764087345188473,0.0,0.0,0.7432476440176812,0.7447297550923381,0.8118109450241283,0.0,0.7678979662315245,0.786611718517668,0.0,0.7409728469695687,0.7862717596857969,0.0,0.0,0.7252036604168283,0.0,0.0,0.0,0.752250099208816,0.7441423313737975,0.0,0.7613382921150593,0.0,0.7760553704371559,0.7865155040326203,0.8093092125476484,0.0,0.0,0.7701642503311623,0.0,0.0,0.0,0.7993984312622016,0.808410450013497,0.7282960057341153,0.0,0.7932722452624416,0.7851275803412533,0.7483729057022324,0.0,0.0,0.0,0.0,0.7798502152781561,0.0,0.0,0.0,0.0,0.0,0.0,0.0,0.0,0.0,0.7403315521471734,0.0,0.0,0.0,0.0,0.0,0.0,0.7638591344742258,0.0,0.748708648777015,0.0,0.0,0.0,0.0,0.7930632413615448,0.0,0.0,0.0,0.7837242701575946,0.7974941456809187,0.0,0.0,0.0,0.0,0.7682961215816124,0.0,0.0,0.8021911214643415,0.7746329705028268,0.8041872578943219,0.0,0.76191364040774,0.7911066677911218,0.7654300473972181,0.0,0.0,0.7845074360365627,0.7626362001730821,0.0,0.0,0.7777401875810289,0.7371472627773474,0.0,0.0,0.0,0.0,0.8028289084387611,0.0,0.0,0.7992671604174031,0.0,0.8476340232520609,0.0,0.0,0.823219080946545,0.0,0.7912608011004246,0.0,0.7633457388603605,0.0,0.0,0.0,0.0,0.7859424924186311,0.0,0.0,0.0,0.7815324405104751,0.0,0.0,0.7510383424311851,0.0,0.760498251351413,0.0,0.0,0.0,0.7646320410812631,0.0,0.7741969272812036,0.7759285371242904,0.7964063616840209,0.7602517246382805,0.7729618899140265,0.7755376838170437,0.7812851498743781,0.0,0.7539771420343414,0.7476952319863546,0.0,0.0,0.0,0.7787183076846913,0.0,0.0,0.0,0.7848288632024527,0.0,0.7646934121772356,0.0,0.0,0.8504197502567885,0.0,0.0,0.0,0.0,0.0,0.0,0.8156711917776641,0.0,0.7761358092158382,0.8100379684950638,0.755723008604605,0.0,0.0,0.0,0.0,0.790485078823176,0.0,0.8092478400411998,0.0,0.0,0.0,0.7729627290374618,0.0,0.0,0.7609688742425909,0.761419833729459,0.0,0.7316179860435946,0.0,0.0,0.0,0.0,0.0,0.0,0.8065638515110815,0.7539172876175629,0.7704746070007065,0.7777225373504396,0.0,0.0,0.0,0.0,0.8079357043959696,0.0,0.0,0.7628727464939525,0.0,0.7903412569699964,0.7551935165428106,0.8098770130585377,0.0,0.0,0.0,0.749107136403882,0.7403051725251059,0.0,0.0,0.0,0.7321782537341823,0.760829860326367,0.7352834980600093,0.0,0.0,0.0,0.0,0.0,0.0,0.7706227300359725,0.7630195362567513,0.0,0.0,0.8136919122412355,0.7992597287125883,0.7691178016586774,0.0,0.744989149424203,0.7863383572968548,0.0,0.8105202157222596,0.7320357952540263,0.7599835583918493,0.739472115566119,0.0,0.0,0.8101954232662331,0.824386932375254,0.0,0.7703424161443014,0.7883331977427204,0.0,0.8121732596072687,0.0,0.750935219025315,0.8170739906194073,0.0,0.0,0.0,0.7571433358386309,0.7973715838187008,0.0,0.0,0.0,0.763929469510632,0.0,0.0,0.7699085840586003,0.0,0.0,0.0,0.0,0.7510745355248866,0.0,0.7346934885430916,0.0,0.0,0.0,0.0,0.7681188108315878,0.0,0.0,0.0,0.0,0.0,0.7913282556016922,0.7465922433725825,0.0,0.0,0.0,0.7841470825343592,0.0,0.0,0.0,0.7668179118004168,0.7215936240000979,0.7560273045728274,0.0,0.0,0.0,0.0,0.0,0.813873233135826,0.797245518604193,0.0,0.0,0.0,0.795897760956294,0.8244748611467514,0.7892167461825682,0.0,0.0,0.7366906030295066,0.0,0.0,0.0,0.7861561909860969,0.0,0.7664734993440087,0.0,0.0,0.7719319019516009,0.0,0.7707764198861472,0.0,0.0,0.79477521648566,0.7958783053809798,0.7573131019048349,0.0,0.0,0.0,0.0,0.0,0.0,0.0,0.0,0.7348992878688272,0.76310626234532,0.0,0.0,0.0,0.0,0.7639823219156942,0.7900142957347939,0.0,0.0,0.8062573899123736,0.0,0.0,0.0,0.0,0.0,0.0,0.0,0.799228500843062,0.756825569013042,0.0,0.0,0.817823268893623,0.752193485994912,0.0,0.0,0.794449721171822,0.0,0.0,0.0,0.0,0.7899158491401765,0.0,0.0,0.0,0.0,0.0,0.7652748451214243,0.7909599548583576,0.7643867801124333,0.0,0.0,0.0,0.0,0.7535353910935129,0.8057532931418103,0.7661522194959202,0.7732726486645712,0.0,0.7564445133185814,0.0,0.0,0.0,0.8153750685062681,0.7547155584761231,0.8003017510616123,0.0,0.0,0.7882608419787484,0.7307662835183156,0.7875682899241997,0.8139489568044671,0.0,0.0,0.7402568398789962,0.0,0.7569033951199435,0.0,0.7773886306444648,0.0,0.0,0.0,0.0,0.0,0.7849743806432584,0.0,0.0,0.0,0.0,0.0,0.0,0.7966576613455993,0.0,0.0,0.0,0.0,0.7482326270133066,0.0,0.0,0.0,0.0,0.0,0.7699975592916193,0.8027834823122895,0.0,0.0,0.0,0.0,0.7462770069368598,0.0,0.0,0.7946100036001461,0.0,0.7507380768043986,0.0,0.0,0.8241671058435811,0.0,0.0,0.7697093358762567,0.7767231982806061,0.7821077861830917,0.0,0.7937475979175549,0.0,0.0,0.0,0.0,0.7427947255209226,0.0,0.8088492952580879,0.0,0.0,0.7859557350166989,0.0,0.7626242367617374,0.7661462564992403,0.0,0.0,0.0,0.0,0.0,0.7694332345532466,0.7522081722989379,0.0,0.7570599079102758,0.7388707708415735,0.7794380577413907,0.0,0.0,0.7834769614161006,0.0,0.0,0.7834604179831376,0.773876788612881,0.7881797101018972,0.0,0.726197309703199,0.0,0.7556921081530601,0.0,0.0,0.8296353957488839,0.0,0.7706330327453741,0.0,0.0,0.7718609901965602,0.0,0.0,0.0,0.0,0.8185344767938492,0.8340453760953375,0.7938170014825289,0.0,0.7324910212507846,0.7742126148515501,0.0,0.7884535630814826,0.0,0.0,0.0,0.0,0.0,0.0,0.0,0.0,0.0,0.0,0.8018939178294916,0.0,0.0,0.764957944875639,0.7908632014621846,0.7733480005935347,0.0,0.0,0.8420115390171846,0.7805690570280627,0.7809956253953263,0.0,0.742655954639552,0.7838646161294222,0.0,0.0,0.0,0.0,0.0,0.7806723021871593,0.0,0.0,0.7705004934114543,0.0,0.8019225400548192,0.0,0.7877734728445426,0.8393677011574502,0.7355332371504791,0.757344774871908,0.0,0.0,0.0,0.0,0.0,0.7910929807412793,0.8098961355445173,0.751071732880502,0.0,0.7619142520818374,0.7454702340355444,0.7840294225658427,0.0,0.0,0.0,0.0,0.7511610898744738,0.7878345770036895,0.0,0.7424752805193797,0.0,0.8373810899710967,0.0,0.0,0.0,0.0,0.7646359591511127,0.0,0.7339596932704248,0.7408290966528797,0.0,0.8156242041090448,0.0,0.0,0.0,0.8030899434505057,0.0,0.7429942659343292,0.0,0.0,0.0,0.0,0.0,0.7296035309927938,0.0,0.0,0.7557361055894574,0.7416040622652104,0.0,0.0,0.7367655298755987,0.0,0.0,0.0,0.0,0.7806810270577287,0.0,0.7808956659606352,0.0,0.0,0.7801496007159352,0.0,0.7809510056167394,0.0,0.7777298319688688,0.7860856279702068,0.0,0.0,0.8121743259516336,0.0,0.0,0.0,0.7861627586668555,0.0,0.8332975945579245,0.0,0.0,0.0,0.0,0.7501933933785377,0.8265602309188347,0.0,0.0,0.0,0.7262731197886739,0.0,0.0,0.0,0.0,0.0,0.0,0.7890576004644513,0.0,0.0,0.0,0.0,0.7236646854142929,0.7945933330205078,0.7864240372647071,0.0,0.0,0.0,0.0,0.0,0.0,0.0,0.0,0.7928447045836796,0.0,0.0,0.7874466164354309,0.0,0.7775675725542285,0.7982751823376525,0.750943967548409,0.0,0.759517723638952,0.7903475649467331,0.0,0.7588269364437944,0.7778593853711281,0.7701947509686514,0.0,0.0,0.0,0.7680527116406153,0.0,0.8006938007446337,0.0,0.0,0.0,0.0,0.8165412220562319,0.0,0.0,0.0,0.8025509861658999,0.7651705716503194,0.7706890995280873,0.0,0.0,0.0,0.0,0.0,0.0,0.0,0.0,0.0,0.0,0.7949841284938708,0.7865361851025778,0.0,0.0,0.0,0.0,0.7361089238593798,0.7452053672122031,0.0,0.0,0.7594647295821038,0.0,0.748629724386176,0.7926370936206599,0.0,0.746799395252326,0.0,0.0,0.0,0.0,0.0,0.0,0.8284702175021831,0.0,0.0,0.7816590099420575,0.7964781926834904,0.7566693118466139,0.0,0.7690933353491856,0.0,0.0,0.0,0.7719750784530777,0.0,0.0,0.0,0.0,0.7588291233236606,0.0,0.7762409176274698,0.0,0.0,0.7506099784676443,0.0,0.0,0.7802092035195675,0.0,0.8232980147510136,0.8050785732878195,0.0,0.0,0.0,0.745640380073973,0.8067627757780175,0.7455737683259281,0.0,0.0,0.855641142768255,0.0,0.0,0.0,0.0,0.0,0.0,0.0,0.0,0.0,0.0,0.7846026106905359,0.0,0.0,0.0,0.0,0.7757856943801417,0.7705099795572539,0.0,0.7416627441813413,0.7875019808098266,0.7640961934983032,0.8039680530226133,0.8098219042447381,0.0,0.0,0.0,0.0,0.7759058766109703,0.0,0.0,0.0,0.733586567004791,0.0,0.0,0.7567205458434813,0.8112395087799397,0.7789839844501728,0.776765284525235,0.0,0.0,0.0,0.0,0.7820251592768798,0.0,0.0,0.0,0.0,0.0,0.775868142985927,0.7332040087663653,0.0,0.7664282048300364,0.0,0.0,0.8275604750099159,0.7608979440494565,0.0,0.0,0.7526644767030265,0.7659755983396894,0.0,0.0,0.0,0.0,0.8068560451920953,0.0,0.0,0.7540238231861862,0.7868941262781511,0.7947123803243129,0.0,0.0,0.7901086671349349,0.7673748486769797,0.0,0.748015516438805,0.0,0.7680228525262566,0.0,0.7699048724277726,0.7612331400180334,0.0,0.0,0.0,0.0,0.0,0.0,0.0,0.822161394734644,0.0,0.7331920449661352,0.777847840751882,0.7383748081404651,0.0,0.0,0.0,0.7918523505556712,0.0,0.7546294309249919,0.0,0.7703107169252548,0.0,0.0,0.7603771363940959,0.0,0.7767217349511144,0.0,0.0,0.8025729746667366,0.7788709214650017,0.7798858108208587,0.0,0.0,0.8032702190400722,0.772261390852857,0.0,0.0,0.0,0.8238119730237554,0.0,0.0,0.7329466674731272,0.7788046203235005,0.0,0.0,0.0,0.7958783869421291,0.7913558190322033,0.0,0.0,0.0,0.0,0.0,0.0,0.0,0.7496820583984056,0.0,0.0,0.0,0.7662396346515762,0.8111033081419322,0.0,0.805997494035503,0.7955635998372953,0.0,0.0,0.0,0.7355514193075292,0.0,0.0,0.0,0.729899221720016,0.0,0.7974920707267293,0.0,0.0,0.7753013443739921,0.0,0.0,0.0,0.0,0.0,0.0,0.7889391707025217,0.0,0.0,0.7938309732623049,0.0,0.0,0.0,0.0,0.0,0.8136771947406723,0.7738686433776403,0.7478515038847642,0.0,0.0,0.0,0.0,0.0,0.0,0.0,0.0,0.0,0.7800242407704141,0.78391577005761,0.0,0.7730961760226541,0.0,0.0,0.0,0.0,0.0,0.0,0.0,0.0,0.0,0.0,0.0,0.0,0.0,0.0,0.0,0.0,0.8154383274800755,0.8111281979067563,0.0,0.0,0.0,0.0,0.7721569733487099,0.7724456015748222,0.0,0.0,0.0,0.0,0.72783877578928,0.0,0.7525515193986498,0.7799841402369458,0.7708596083146942,0.0,0.0,0.7617456261060028
0.0,0.0,0.7119871733051247,0.0,0.0,0.6660371747547597,0.0,0.0,0.0,0.0,0.0,0.0,0.0,0.0,0.6810034537008051,0.6540529416010493,0.703463779167516,0.0,0.6982192513607942,0.6636848421487336,0.0,0.6955813516650148,0.0,0.0,0.0,0.0,0.0,0.698621567062519,0.0,0.0,0.0,0.0,0.0,0.0,0.0,0.7093444398949457,0.0,0.0,0.0,0.6678416315070085,0.0,0.0,0.0,0.6334898603132416,0.7054177856499768,0.7198353079805928,0.700493767940136,0.0,0.0,0.0,0.7026038467421108,0.0,0.6401903317151951,0.6794535190647736,0.6772388761408201,0.7233472408026115,0.6911663545836746,0.7170237417432924,0.0,0.7137029883073621,0.0,0.0,0.6881629491652443,0.697264647524427,0.0,0.0,0.0,0.0,0.0,0.0,0.0,0.0,0.0,0.0,0.0,0.0,0.0,0.0,0.0,0.0,0.0,0.6947907633039538,0.0,0.653385034797863,0.0,0.0,0.6576494467199248,0.721300266123243,0.0,0.0,0.0,0.6754950709472098,0.7071973880369323,0.0,0.0,0.0,0.0,0.6681524704605427,0.0,0.0,0.0,0.6448918598517314,0.6562738816688667,0.6819512213227567,0.0,0.6886837775072191,0.6939358645659705,0.0,0.0,0.7402659671400947,0.0,0.6963628045123091,0.6549603834546512,0.0,0.6374150255925723,0.0,0.0,0.6933397436657173,0.0,0.0,0.6871465402313133,0.0,0.6993938797190937,0.0,0.6739676923872248,0.0,0.6958558381938599,0.6774088809117345,0.0,0.706718906686415,0.6648678778043174,0.6965078311767995,0.0,0.6733857284638942,0.7038889400425918,0.0,0.0,0.0,0.0,0.0,0.0,0.7028801315123133,0.668509605413117,0.0,0.0,0.0,0.0,0.0,0.6666010790528835,0.0,0.0,0.0,0.6926943575814968,0.0,0.7200809419491857,0.0,0.7240500554137044,0.0,0.0,0.7155066063768779,0.0,0.0,0.6840281491262901,0.7089237862070381,0.0,0.691695931932409,0.6649173826879456,0.0,0.6828327370647811,0.679635964885831,0.0,0.0,0.0,0.0,0.7027183172845077,0.0,0.0,0.0,0.0,0.7179760648182518,0.0,0.0,0.6701735897739661,0.0,0.0,0.0,0.6855074255608596,0.0,0.0,0.6685996992986596,0.0,0.0,0.0,0.7085073803877383,0.0,0.7067764319604621,0.0,0.6717540615414804,0.0,0.0,0.6628569747893962,0.0,0.0,0.0,0.7132700429771378,0.668147829340514,0.0,0.6798230699265575,0.6688044275824919,0.0,0.0,0.7016219389741862,0.0,0.0,0.0,0.7557497423971217,0.6900791693443203,0.0,0.0,0.0,0.0,0.7072968940311956,0.0,0.0,0.0,0.6759869789609776,0.6847390631180393,0.0,0.0,0.0,0.6867472932469946,0.0,0.7136837813424213,0.0,0.0,0.683670712960779,0.0,0.0,0.0,0.7178794661856954,0.0,0.6689351114419901,0.0,0.0,0.0,0.0,0.0,0.0,0.7085093740776194,0.0,0.657993499180976,0.0,0.6522234266968855,0.6704497971440475,0.6683188345788963,0.0,0.7178741751280081,0.0,0.688170534763643,0.700898521576357,0.0,0.0,0.7004435029279198,0.0,0.6717537861010929,0.7064097029092165,0.0,0.6563327438826573,0.0,0.0,0.0,0.660731828327932,0.6876960965372514,0.6706664637057878,0.0,0.0,0.6724730028419246,0.0,0.0,0.0,0.0,0.0,0.6702652543553206,0.6753781773757699,0.0,0.0,0.0,0.7243622221525636,0.6520738394770114,0.0,0.0,0.0,0.6879692682291808,0.671051058567587,0.0,0.6780963282974833,0.0,0.0,0.0,0.6623227433058702,0.0,0.0,0.7160212521698517,0.0,0.7094173822101623,0.0,0.0,0.6715450869525867,0.7016132799803242,0.0,0.7207384563177244,0.6665374441183191,0.0,0.0,0.0,0.698960746692004,0.6463348002479516,0.6617889750021219,0.6891328311335496,0.0,0.6701558190328284,0.6927638160421894,0.0,0.0,0.6503715547881058,0.0,0.0,0.0,0.6548712335380791,0.6946339055435176,0.0,0.0,0.0,0.0,0.0,0.0,0.734786809870478,0.0,0.6846022621204524,0.0,0.7081379016135886,0.0,0.0,0.0,0.6696442888706423,0.0,0.0,0.0,0.6738467019309385,0.0,0.0,0.0,0.0,0.7112668576742155,0.0,0.0,0.7183554442087081,0.0,0.6921696255714482,0.0,0.0,0.0,0.0,0.7044145031845664,0.706376557174719,0.0,0.0,0.0,0.7059840519946307,0.699482733965104,0.6678434579101444,0.6744852349132265,0.0,0.0,0.6826988284705491,0.6748258748841287,0.0,0.6626826140826807,0.0,0.0,0.0,0.6941515933611987,0.0,0.0,0.6994767609368364,0.6757750788007592,0.6727200476173717,0.7154392815521485,0.0,0.0,0.0,0.0,0.0,0.6877770303485131,0.7222116031727914,0.0,0.6896465818970381,0.6783229582350028,0.0,0.0,0.0,0.7210927229391453,0.0,0.0,0.701249277551207,0.675291378902397,0.0,0.670104805590926,0.0,0.0,0.728025959832015,0.0,0.0,0.6714779296635277,0.7125039377742709,0.0,0.7279091775396094,0.0,0.7181838572630739,0.731201209786165,0.0,0.7060413194794574,0.0,0.0,0.0,0.6554207582988694,0.0,0.0,0.0,0.0,0.0,0.0,0.0,0.683820959129353,0.6909607989082043,0.0,0.0,0.7221143973916849,0.0,0.6949293785415324,0.0,0.0,0.0,0.0,0.6496743951635606,0.0,0.0,0.0,0.0,0.0,0.0,0.0,0.7137598737993452,0.702687859076593,0.0,0.0,0.7161697070532212,0.0,0.6890555349079245,0.0,0.0,0.6309164446479913,0.7112168794081805,0.0,0.639791043925986,0.0,0.6842762271125611,0.0,0.7063146616969045,0.0,0.0,0.6994061958730732,0.0,0.0,0.0,0.6840289922744276,0.0,0.0,0.0,0.6476475959124159,0.6429432583509384,0.0,0.0,0.6865905281880461,0.0,0.725658277072301,0.0,0.0,0.0,0.0,0.6921349949164998,0.0,0.0,0.0,0.0,0.0,0.0,0.0,0.0,0.0,0.679248614477926,0.6635974905379767,0.0,0.0,0.0,0.7242520291227166,0.0,0.0,0.0,0.0,0.0,0.0,0.0,0.0,0.0,0.0,0.0,0.7165501589631478,0.0,0.0,0.6789572210194271,0.6946244627363494,0.0,0.7074207947562868,0.0,0.6857343690428581,0.0,0.0,0.0,0.0,0.0,0.6690911758123481,0.7084334438341161,0.7133559782790431,0.6883434065786724,0.729761044956343,0.0,0.0,0.7183367161514176,0.0,0.0,0.6960066126164245,0.0,0.6720819907689098,0.6983989769673768,0.7234319911913315,0.0,0.6709345491298991,0.6995547734911853,0.0,0.0,0.6806695563475708,0.0,0.7145624692673874,0.0,0.0,0.0,0.6538596220266839,0.0,0.0,0.6708649700788281,0.0,0.6527329774362624,0.0,0.0,0.0,0.0,0.6891230126643627,0.0,0.0,0.6277864810285826,0.0,0.0,0.6569342910069401,0.0,0.0,0.0,0.0,0.0,0.0,0.0,0.7031077260020334,0.0,0.6994379403514609,0.0,0.0,0.6822387846716641,0.6792513900669144,0.0,0.684026704802633,0.0,0.6982877210706326,0.7220659394456796,0.0,0.0,0.0,0.0,0.0,0.0,0.6935487963571471,0.689888096233285,0.0,0.0,0.0,0.6942774119055234,0.6868177624461386,0.7033992577330936,0.0,0.0,0.7161842430345519,0.0,0.0,0.0,0.0,0.6849237827658717,0.6720585217562707,0.676185956189576,0.0,0.6494707290639145,0.7007885431002511,0.0,0.0,0.0,0.6873178849396189,0.7220124409152475,0.6934445020223454,0.0,0.0,0.0,0.7030633855645977,0.0,0.0,0.6873764171606556,0.0,0.6970605719217551,0.0,0.0,0.0,0.6742471575298344,0.7108190573916275,0.0,0.0,0.706101891916759,0.0,0.69750129254303,0.0,0.0,0.0,0.0,0.0,0.0,0.0,0.0,0.0,0.6755523330448995,0.0,0.0,0.6999174456131707,0.0,0.0,0.0,0.0,0.0,0.7178281185137751,0.0,0.7016262785056163,0.0,0.0,0.0,0.6988929517735847,0.688334692292925,0.0,0.0,0.0,0.6545617770694425,0.0,0.6685256436212298,0.0,0.7070282203341327,0.0,0.6808637415199701,0.659931974618116,0.7107685647591178,0.0,0.0,0.7043580609888582,0.0,0.0,0.6898653830816599,0.0,0.0,0.6897185084381933,0.0,0.0,0.0,0.6748131671525454,0.0,0.0,0.0,0.6836242776317009,0.6993634084809369,0.6604548961217136,0.0,0.0,0.6876655555855925,0.0,0.6814308855478272,0.0,0.6888266242243724,0.6912415213023293,0.0,0.0,0.0,0.0,0.6971992572993747,0.0,0.0,0.7049171471584318,0.6794911394184201,0.0,0.0,0.6942971405891679,0.6919625135084607,0.7216270442138116,0.0,0.0,0.0,0.0,0.0,0.0,0.6909834141883839,0.0,0.6330431418704647,0.0,0.6982897262502828,0.0,0.0,0.0,0.0,0.0,0.6790734513882379,0.0,0.0,0.0,0.0,0.0,0.0,0.6823126767011505,0.640288597903816,0.0,0.0,0.0,0.6971179088567366,0.6864957169119339,0.7236387513554142,0.6773616445046388,0.0,0.0,0.0,0.6917718542328554,0.0,0.7061724291027078,0.0,0.6967006640015841,0.0,0.0,0.0,0.0,0.7056306470301587,0.0,0.6950209383070817,0.0,0.0,0.6954544816496411,0.7474814958564087,0.6903546796432963,0.6802797313819565,0.642759332370358,0.0,0.0,0.7415573747736323,0.0,0.0,0.0,0.0,0.6952775362525779,0.0,0.7022166831657128,0.0,0.0,0.0,0.0,0.0,0.0,0.6770715446663166,0.6362429793420705,0.6904354322791559,0.7081435460841353,0.0,0.0,0.0,0.0,0.6956604327898648,0.0,0.0,0.0,0.0,0.6656797736197954,0.0,0.7145432131332177,0.6834991950979599,0.6580909521419741,0.6611483264508459,0.0,0.0,0.6553233852745769,0.6624797782287586,0.0,0.0,0.0,0.0,0.0,0.7064725887273372,0.7083248452089996,0.0,0.0,0.0,0.0,0.7000543906974664,0.6390051739855094,0.6711010173785728,0.6715456081641152,0.0,0.0,0.0,0.0,0.6879893494262769,0.0,0.0,0.7252962034124822,0.0,0.0,0.6803205756557659,0.7209328260607806,0.6759137545472019,0.0,0.7172356366142466,0.7056254753793672,0.7031831646448272,0.6637050083539866,0.0,0.6892250637289691,0.6346567731976264,0.0,0.6622228550655971,0.687191847976314,0.0,0.0,0.0,0.0,0.0,0.0,0.6658600726225108,0.0,0.6521112424111396,0.0,0.6557976764379909,0.717405324883068,0.6923072462677534,0.0,0.0,0.0,0.6449007987744686,0.0,0.6624538300260046,0.0,0.6746786219770337,0.0,0.6964452016457373,0.6932214468828137,0.0,0.6912783555504003,0.0,0.6942278342381673,0.6754875811463765,0.0,0.6617841511413767,0.730027305614255,0.0,0.0,0.0,0.6998716669927684,0.0,0.6924147970554985,0.6726841537283701,0.0,0.0,0.6874899223679811,0.6765182894848313,0.0,0.0,0.0,0.6564828880109295,0.6760827784025927,0.0,0.0,0.0,0.0,0.0,0.0,0.648008130455367,0.0,0.0,0.0,0.0,0.6720131686790076,0.0,0.720184926897905,0.6626005729284481,0.0,0.0,0.0,0.6883813929481043,0.0,0.0,0.0,0.7189260796187626,0.6789243426658604,0.0,0.0,0.0,0.0,0.715148276076218,0.7089398453231045,0.6953976866622771,0.0,0.0,0.0,0.6716157255846216,0.0,0.0,0.0,0.6551703926817114,0.0,0.0,0.680642883042673,0.0,0.0,0.6792664278959706,0.7016659988192793,0.0,0.7009912988655949,0.0,0.0,0.0,0.0,0.0,0.0,0.0,0.6833207279703634,0.0,0.0,0.0,0.0,0.7216131238257852,0.0,0.0,0.0,0.0,0.0,0.0,0.7232524663898103,0.6751245403259086,0.0,0.7039629451814009,0.0,0.0,0.6972712913458373,0.0,0.0,0.6802648471114259,0.6515654528810177,0.0,0.7484514165938388,0.0,0.707112940349491,0.0,0.6720938340724624,0.0,0.0,0.0,0.0,0.0,0.6985842756109825,0.0,0.0,0.6719199846785369,0.0,0.6693194189651785,0.6840727677910746
0.0,0.0,0.0,0.0,0.0,0.894269190426434,0.0,0.0,0.8365410588018135,0.0,0.0,0.0,0.0,0.8690055011533403,0.8650283049869781,0.8655892488646759,0.0,0.0,0.0,0.0,0.0,0.0,0.0,0.0,0.0,0.0,0.0,0.8878657933508105,0.0,0.0,0.0,0.0,0.0,0.0,0.8477824027503753,0.0,0.0,0.0,0.8604645324759597,0.0,0.8843163059787148,0.8897516576026909,0.0,0.8618823132064224,0.0,0.0,0.9038339068468417,0.0,0.8507328606248956,0.0,0.8849912542426069,0.0,0.0,0.8541667326708432,0.9084029482922737,0.8462862381183838,0.0,0.0,0.8431645781194602,0.0,0.0,0.0,0.0,0.0,0.0,0.0,0.8733078325822098,0.0,0.0,0.0,0.0,0.0,0.0,0.0,0.0,0.0,0.8742391452681271,0.8821462550923044,0.0,0.0,0.0,0.8697586765154954,0.0,0.0,0.8710647522307942,0.0,0.0,0.0,0.9027307812926952,0.8864244501521775,0.0,0.0,0.8873915809384733,0.0,0.0,0.0,0.0,0.0,0.0,0.0,0.0,0.0,0.0,0.0,0.0,0.0,0.0,0.8875984496365822,0.8705500731695927,0.0,0.8290201713992479,0.0,0.0,0.0,0.8635450709760039,0.9112954763214668,0.8877762887414553,0.8950598726904201,0.0,0.0,0.914097684616014,0.0,0.0,0.8713673213987972,0.0,0.8666646727601954,0.0,0.0,0.8959933165208224,0.0,0.0,0.8738540893544866,0.8632905268988385,0.890985514443748,0.8677343599810589,0.869426699132388,0.8865360115725576,0.0,0.9077430798971012,0.0,0.8910009272118948,0.0,0.9159091557725594,0.0,0.8624789836457639,0.8568151761327775,0.8632694168798174,0.0,0.0,0.8401765049715979,0.0,0.0,0.0,0.8840563820933522,0.0,0.8663249106220399,0.8362649092609674,0.8534883300276608,0.8938369156167587,0.8938383614282717,0.0,0.0,0.0,0.8741040214448595,0.844241554737758,0.0,0.855027352604692,0.0,0.9038368566592728,0.0,0.8669721617820084,0.0,0.8945192090060038,0.8843299412321126,0.8818950723323776,0.0,0.0,0.0,0.0,0.0,0.0,0.8640240148751834,0.8815041868444355,0.0,0.0,0.0,0.0,0.0,0.0,0.0,0.8654683978471018,0.0,0.8650580519160433,0.0,0.0,0.0,0.873353986101699,0.0,0.0,0.0,0.0,0.0,0.8667957410445858,0.0,0.0,0.0,0.0,0.0,0.8015857596741599,0.0,0.0,0.853469048979491,0.0,0.0,0.0,0.0,0.8880909536013555,0.8945908162684897,0.0,0.8925048859960071,0.9082191719784108,0.0,0.0,0.0,0.8934404363041979,0.8904391398907776,0.8775297457224249,0.0,0.0,0.8703124236441391,0.8381299908172922,0.0,0.9043539160952725,0.0,0.8685728815592539,0.8254969613977088,0.0,0.0,0.8615359123738676,0.8557850061217642,0.0,0.0,0.8654127577029449,0.8972422499422128,0.9002902606067176,0.8599274541737796,0.0,0.0,0.0,0.0,0.9016395367489984,0.0,0.0,0.848531660122183,0.8933909196261053,0.8659682446144056,0.0,0.8562292033501072,0.0,0.0,0.8572515703594751,0.8435609073667102,0.8988418814858073,0.8893315784872514,0.0,0.0,0.0,0.9212833022121681,0.0,0.0,0.0,0.0,0.8777916044760714,0.8458668722597833,0.0,0.8511989540961189,0.9070374113589197,0.0,0.0,0.0,0.0,0.884715970414215,0.0,0.0,0.0,0.0,0.0,0.0,0.8794163173935501,0.0,0.86570099532298,0.0,0.0,0.8929910700378617,0.0,0.0,0.0,0.0,0.0,0.8315983648644136,0.8599491412683423,0.0,0.0,0.8464001533262573,0.8240936960440913,0.0,0.0,0.0,0.0,0.9001854153102311,0.0,0.9039713263664132,0.0,0.0,0.0,0.8365022284002144,0.8903245007064636,0.0,0.8716336614635096,0.9150903699021466,0.0,0.8968178140703646,0.0,0.8543931001338392,0.0,0.0,0.0,0.0,0.8652781481671784,0.8914077484861945,0.8864474244553878,0.0,0.0,0.8684193086334498,0.0,0.0,0.8443153020723779,0.9084413152012543,0.8654362602012531,0.0,0.0,0.0,0.0,0.0,0.0,0.8853660791651022,0.8659363667007343,0.0,0.882253449826365,0.0,0.0,0.0,0.848192554287096,0.0,0.8626285343705536,0.0,0.0,0.0,0.0,0.0,0.0,0.0,0.0,0.0,0.8667629321678534,0.0,0.9050765376993183,0.0,0.9238795978743946,0.8167513669786332,0.8787663998192999,0.0,0.0,0.0,0.0,0.860791066130497,0.0,0.871280009572681,0.0,0.0,0.8763301324328633,0.0,0.0,0.0,0.8559504321545566,0.0,0.8706698893859515,0.0,0.0,0.0,0.8906087913285763,0.0,0.8747528929698103,0.8651575523246839,0.0,0.8574091435873222,0.0,0.892615736180695,0.0,0.0,0.894415734932449,0.0,0.8660832192969705,0.8613177739352019,0.0,0.8880759089899009,0.8975846516274781,0.0,0.0,0.0,0.8713046595042421,0.0,0.8576878964352491,0.8693087877466661,0.9365864513980496,0.8909969647264704,0.8736200464779061,0.0,0.0,0.8935096829086477,0.8430471121960688,0.8593936157407794,0.0,0.0,0.8584970130273565,0.8742437757491748,0.8823377877920582,0.858426081316264,0.0,0.9053878046714774,0.8872587288908441,0.0,0.0,0.0,0.0,0.0,0.0,0.0,0.8741000875565994,0.901672306957439,0.0,0.8516695336822392,0.0,0.0,0.844620834951502,0.0,0.8714757706463815,0.0,0.0,0.0,0.0,0.8831453770699742,0.0,0.0,0.0,0.8839040636066631,0.0,0.0,0.0,0.0,0.0,0.8967188083074284,0.0,0.0,0.8811389311582978,0.8833544967605795,0.8667225696618022,0.897922480645347,0.0,0.0,0.0,0.0,0.0,0.0,0.884235555469822,0.0,0.896834984796482,0.0,0.8462869042762632,0.0,0.8574438227581804,0.0,0.0,0.0,0.9107030288227916,0.0,0.0,0.0,0.0,0.854823203639391,0.889797469315746,0.9151075705793021,0.0,0.0,0.8905247467998703,0.0,0.0,0.8784965859187963,0.0,0.8712873172704351,0.860796717478431,0.0,0.0,0.8238816418023588,0.0,0.0,0.0,0.8673904843070802,0.8528695169640391,0.9036524914372795,0.8776214116195573,0.898967624624251,0.0,0.0,0.8665877038926765,0.8663733793806141,0.0,0.0,0.0,0.0,0.8790884305567901,0.9003483438171537,0.0,0.0,0.8835361608486509,0.0,0.0,0.8636105497665102,0.8571685700723001,0.0,0.0,0.0,0.8640230350893616,0.8446768118226555,0.8509658275439146,0.0,0.0,0.0,0.8557497446540833,0.8642739121458467,0.0,0.0,0.8919876266423975,0.0,0.8395368121216641,0.0,0.8679424272910563,0.8771423284648814,0.0,0.0,0.0,0.9072806287138765,0.859175438167679,0.8738019325213771,0.900705141861982,0.8874477257066071,0.0,0.8732679820842669,0.0,0.0,0.9061143804221558,0.0,0.886150493510354,0.0,0.8750246581765083,0.8554560314780527,0.8926334049315026,0.0,0.9010993764402282,0.0,0.0,0.0,0.0,0.0,0.0,0.0,0.0,0.0,0.0,0.0,0.0,0.0,0.8535911503273316,0.0,0.0,0.8384405552697173,0.0,0.0,0.0,0.8932902613291434,0.0,0.0,0.0,0.0,0.0,0.0,0.0,0.0,0.0,0.8323764625002086,0.0,0.0,0.0,0.0,0.0,0.9061703115597092,0.0,0.0,0.866928938296561,0.9132461757683381,0.0,0.0,0.0,0.0,0.0,0.8428283578878228,0.0,0.0,0.8775517649011666,0.0,0.0,0.0,0.0,0.8309573992446418,0.0,0.0,0.8870953333070464,0.8977350081187981,0.0,0.0,0.0,0.8566864477951537,0.8708204924146133,0.8806460489960901,0.8696441987852467,0.0,0.8811205733301749,0.8876431011737033,0.0,0.8803810748193202,0.888997733838171,0.8854289683559774,0.0,0.0,0.0,0.0,0.0,0.0,0.8459221149981707,0.0,0.8488564135248834,0.9063723953531152,0.0,0.0,0.8594823230579428,0.0,0.0,0.0,0.0,0.0,0.0,0.0,0.0,0.0,0.0,0.0,0.8967413823946905,0.0,0.8792569479799792,0.0,0.8599177786878643,0.8734688320975907,0.0,0.8433623121742473,0.9060244392944073,0.0,0.0,0.0,0.8862522663516429,0.8806494680586515,0.8849319764577024,0.0,0.0,0.0,0.0,0.9166035123822478,0.0,0.9162542955395316,0.8977900538853705,0.0,0.0,0.0,0.8820972172177304,0.0,0.0,0.8728554999212502,0.0,0.0,0.8339415554516696,0.8852482779623334,0.0,0.8619034156716212,0.0,0.0,0.8792220625921736,0.0,0.8537156589178603,0.87387038048864,0.0,0.0,0.0,0.0,0.0,0.0,0.0,0.8853563227036575,0.8866665803068345,0.9077742262731756,0.0,0.0,0.8666274939463573,0.0,0.8965995495217118,0.0,0.0,0.0,0.0,0.0,0.0,0.0,0.8927371958476541,0.8803806565580305,0.8624618804696318,0.0,0.8988902059625137,0.8761753984139686,0.8671316400548472,0.8741204797247213,0.8730838400112718,0.8917162846484534,0.0,0.922725575486728,0.0,0.0,0.8749457032874327,0.0,0.8562375493773899,0.0,0.8959195077497325,0.0,0.8739478231404783,0.8834522682552851,0.8474148060413429,0.0,0.0,0.8705357016769866,0.0,0.0,0.0,0.8637160696923232,0.0,0.874785779431909,0.0,0.9060259595314446,0.0,0.8840195160062991,0.8506849052337699,0.0,0.8937363562465112,0.0,0.8539143387712874,0.0,0.0,0.0,0.0,0.8824844149386628,0.0,0.8840716247501177,0.0,0.0,0.0,0.0,0.0,0.9100067835766991,0.0,0.0,0.0,0.0,0.0,0.0,0.0,0.0,0.0,0.0,0.0,0.0,0.8840725520747728,0.90433918534986,0.870134282478032,0.0,0.0,0.0,0.0,0.9101948278989643,0.0,0.0,0.8897159087141862,0.0,0.0,0.0,0.8946228415772386,0.8610192994308052,0.0,0.0,0.0,0.0,0.8763837350218482,0.0,0.0,0.0,0.8761565775073679,0.8644011128505575,0.0,0.0,0.0,0.0,0.0,0.0,0.8496408223307859,0.8931541766801443,0.0,0.8596379214511034,0.0,0.0,0.0,0.0,0.0,0.0,0.0,0.0,0.9005183662765394,0.0,0.8740686156872133,0.0,0.8933156162550122,0.0,0.0,0.0,0.8888599393857163,0.0,0.8695787629983343,0.8717908173761523,0.8973433836265695,0.0,0.8505423670614115,0.0,0.8877802488311561,0.0,0.8883817385692988,0.0,0.0,0.0,0.8839680622634529,0.0,0.861694896389357,0.8675490637226729,0.0,0.8824635612908079,0.8598395959022186,0.8764218415945478,0.8415567888694682,0.0,0.9049311682921806,0.8385681398214144,0.8724320295812724,0.8930222007779681,0.0,0.0,0.0,0.8480499606880392,0.9129743427723044,0.8529843513281579,0.0,0.0,0.8922021909747515,0.0,0.873994079561715,0.0,0.0,0.8825675016144642,0.0,0.0,0.8624779183969061,0.8887968444864132,0.0,0.0,0.0,0.8798925775968396,0.0,0.0,0.8726252172210457,0.0,0.0,0.8852389543743319,0.0,0.0,0.0,0.0,0.0,0.0,0.8790132037892785,0.0,0.0,0.0,0.8727226079124153,0.8943967093851475,0.9085263936305529,0.0,0.8697273465796428,0.0,0.8984973744565373,0.0,0.846034480592246,0.8564945898489355,0.0,0.8635035207188179,0.0,0.8794275150553804,0.0,0.0,0.0,0.0,0.8764298114094015,0.83874277065474,0.0,0.8526509780185865,0.8580647908840938,0.0,0.0,0.9011066338983578,0.0,0.0,0.0,0.8968628141153072,0.0,0.0,0.0,0.8606933178356342,0.9158466977839672,0.0,0.0,0.8521495988736667,0.0,0.0,0.0,0.0,0.8492085431399633,0.0,0.883750309137643,0.0,0.0,0.0,0.8453483871503641,0.8699708601849313,0.0,0.0,0.0,0.8849769059559897,0.0,0.0,0.0,0.0,0.0,0.0,0.9165048603481885,0.0,0.8577648101805578,0.8866671912688402,0.0,0.8629135618923587,0.8849884466034275,0.0,0.0,0.0,0.0,0.893855506018124,0.0,0.8421290385509195,0.0,0.8379511638524479,0.8868448904800919,0.8764715240607457,0.0,0.9282281459556244,0.0,0.0,0.0,0.0,0.0,0.0
0.9575999507454681,0.0,0.0,0.0,0.9166521565595305,0.9609555826360815,0.0,0.0,0.0,0.0,0.0,0.976421393736951,0.0,0.0,0.0,0.0,0.9348903627947993,0.0,0.0,0.0,0.9352483433566083,0.0,0.9581897370188567,0.0,0.0,0.0,0.0,0.0,0.0,0.0,0.0,0.0,0.9335261529859484,0.0,0.9529285478335521,0.0,0.0,0.0,0.9467725239559418,0.9351182504534349,0.0,0.0,0.9633843347880433,0.0,0.0,0.0,0.0,0.95299578987419,0.0,0.9604565640763866,0.0,0.0,0.0,0.9647030785599255,0.0,0.9858997936261622,0.0,0.0,1.0054062799783912,0.0,0.0,0.0,0.999667314187789,0.91847984095241,0.0,0.0,0.9710852364022017,0.9445920065538944,0.0,0.952037996453114,0.9222688122272782,0.0,0.0,0.9586442774578128,0.0,0.0,0.9612449598758194,0.0,0.0,0.0,0.0,0.9407499744374802,0.9672439012020847,0.0,0.0,0.0,0.0,0.0,0.0,0.0,0.9403843364314085,0.0,0.0,0.9568551454824487,0.0,0.0,0.0,0.9411858372671944,0.0,0.0,0.0,0.0,0.9746977017160948,0.0,0.0,0.9498933011747497,0.9616313496972684,0.0,0.0,0.0,0.979524088767008,0.0,0.0,0.0,0.9438198995108896,0.9682249641588908,0.927406945808233,0.9374633476004617,0.0,0.0,0.0,0.9098639381717533,0.9578444252662809,0.9705258446630184,0.9743092014876564,0.9531098090725463,0.0,0.0,0.9579468527213589,0.9940344195889936,0.0,0.0,0.0,0.0,0.0,0.0,0.0,0.0,0.0,0.0,0.0,0.0,0.0,0.0,0.9662749714210841,0.0,0.0,0.0,0.9659492327933396,0.9375614998412335,0.9654517484786455,0.0,0.9600696636651798,0.9188497525970228,0.0,0.0,0.0,0.9469087104542161,0.0,0.0,0.0,0.0,0.9618014456880793,0.9397387989038647,0.9907742612050384,0.9322090912979348,0.9937656903598028,0.0,0.0,0.9505911565983408,0.9687898460992541,0.0,0.0,0.0,0.9392321248246929,0.0,0.9222218227478193,0.0,0.0,0.0,0.9481595100380561,0.0,0.0,0.0,1.0043904731440803,0.9337645201100716,0.9407690550344896,0.0,0.0,0.0,0.0,0.9321052938453964,0.0,0.0,0.0,0.9431633969205276,0.0,0.0,0.0,0.0,0.0,0.0,1.0024407983277184,0.0,0.0,0.9513078212666455,0.0,0.0,0.0,0.0,0.0,0.0,0.9352645411861642,0.0,0.0,0.9359452697453436,0.0,0.9642119181976263,0.0,0.9763656303218066,0.0,0.0,0.0,0.0,0.0,0.0,0.9610555582605498,0.0,0.0,0.0,0.0,0.0,0.968948465535812,0.0,0.0,0.9741395880901923,0.9360310506646113,0.0,0.0,0.0,0.9580849237899388,0.0,0.9536414589944592,0.9524351876269932,0.9278414306450541,0.0,0.0,0.0,0.9545742725310492,0.0,0.0,0.0,0.0,0.0,0.0,0.9610754017056193,0.0,0.0,0.9767458578639986,0.0,0.0,0.0,0.92614816952279,0.9886681027669083,0.0,0.0,0.9380978084125337,0.0,0.0,0.9573923917335766,0.9425741614314749,0.0,0.0,0.9051395313943148,0.9314028932690469,0.9663358277897234,0.0,0.0,0.0,0.0,0.9570308934614437,0.9247663001074391,0.9749766230422645,0.0,0.9951206046716711,0.0,0.0,0.9155965539653178,0.0,0.0,0.0,0.9595335149756454,0.0,0.962369462170583,0.0,0.0,0.0,0.0,0.0,0.0,0.9585840766605445,0.0,0.0,0.0,0.0,0.0,0.0,0.0,0.0,0.9243950281909872,0.0,0.0,0.0,0.0,0.0,0.0,0.0,0.0,0.0,0.9659763765649071,0.0,0.0,0.0,0.9385867455543455,0.9345304534750389,0.0,0.0,0.9125424669901484,0.0,0.0,0.9429088390223042,0.9625786051425428,0.0,0.9680526760106976,0.0,0.0,0.9378670799883566,0.0,0.0,0.9635805671311221,0.9354415318267112,0.0,0.9437606543295209,0.0,0.0,0.0,0.0,0.9524655390574857,0.0,0.0,0.0,0.0,0.0,0.0,0.9447250853527228,0.9743086797034326,0.9778373111082778,0.0,0.9711368182545771,0.0,0.0,0.9356610733059398,0.0,0.9862318639883388,0.0,0.9600054732776233,0.9425763839001615,0.9279053309526831,0.0,0.0,0.9575901245003103,0.9737816111609386,0.0,0.0,0.9193418863865773,0.9724063221851542,0.0,0.0,0.0,0.0,0.946421666094713,0.0,0.0,0.0,0.977436223711308,0.9572970845683973,0.0,0.0,0.0,0.0,0.9609390378379717,0.0,0.9352822036208441,0.0,0.0,0.0,0.0,0.9399524506029919,0.0,0.9465377010335494,0.0,0.964748672805038,0.0,0.9351143471721794,0.0,0.0,0.0,0.95915465800357,0.0,0.0,0.9583388998256446,0.9389045591862699,0.0,0.0,0.9448022058700299,0.0,0.9462365496494245,0.0,0.9596372442401322,0.9788838044716295,0.0,0.92049480700016,0.0,0.0,0.0,0.0,0.9675624515432175,0.0,0.0,0.9408289021012916,0.9543491737373312,0.0,0.0,0.9663508894788513,0.0,0.0,0.0,0.9633207651912374,0.0,0.0,0.0,0.0,0.0,0.0,0.0,0.0,0.0,0.0,0.0,0.0,0.0,0.9565813564914453,0.0,0.0,0.0,0.95882596296473,0.9777914148917317,0.0,0.9299132338826505,0.0,0.9324691383579778,0.0,0.900765373119619,0.9521608871028475,0.0,0.0,0.9383800754153054,0.9420681029854202,0.960917115310809,0.9635086886971292,0.0,0.9515808740397536,0.9497836614739651,0.9443025717657157,0.9617522343657208,0.9330766265715023,0.9406819484648193,0.0,0.0,0.9573230781453677,0.0,0.0,0.0,0.0,0.0,0.0,0.0,0.0,0.0,0.9574675766690696,0.0,0.0,0.0,0.0,0.0,0.0,0.0,0.0,0.9430804255250631,0.0,0.9593190899271368,0.0,0.9184563714235737,0.0,0.0,0.948336195169755,0.9724642451939064,0.0,0.0,0.0,0.9671721564666235,0.932475811269693,0.9516546891013923,0.0,0.0,0.916859207860212,0.0,0.9767078131023629,0.0,0.0,0.9610405132188644,0.9446415009934344,0.0,0.9938933827730102,0.9403950800997145,0.9433524999570784,0.0,0.0,0.0,0.9354907346352264,0.0,0.9167322831873637,0.0,0.0,0.0,0.0,0.0,0.0,0.9139054663186177,0.0,0.0,0.9612299215506657,0.0,0.9487531556546421,0.9300534304283877,0.0,0.0,0.9542724613131655,0.9624817089806675,0.0,0.9414213245688647,0.0,0.0,0.9420611015850913,0.9223032557938518,0.9470380849222876,0.0,0.9535637607510213,0.9673158042971242,0.0,0.9501136068545475,0.0,0.0,0.0,0.9307520886880829,0.9557077253581582,0.0,0.0,0.0,0.9909448528737007,0.9542257305208293,0.945421481934338,0.9249620529901784,0.0,0.9830771365294839,0.0,0.0,0.0,0.0,1.0223533062418824,0.0,0.0,0.0,0.0,0.0,0.9864703390893467,0.0,0.0,0.0,0.0,0.0,0.0,0.0,0.0,0.970144389844139,0.0,0.0,0.9440516520770006,0.9689298773931149,0.0,0.0,0.941434546029029,0.0,0.0,0.0,0.0,0.9664903599734588,0.0,0.0,0.0,0.0,0.0,0.0,0.9225510347652002,0.0,0.0,0.9142838100843369,0.0,0.958868195496657,0.0,0.0,0.0,0.0,0.9940668687501489,0.0,0.9883494808090926,0.0,0.0,0.9857700666552915,0.0,0.0,0.0,0.0,0.0,0.0,0.0,0.9864751702708355,0.9565519565301543,0.0,0.9868153999693507,0.9402877003634728,0.0,0.0,0.0,0.0,0.9436099539061881,0.0,0.0,0.9559233074094633,0.0,0.9410481827263018,0.9948948593721859,0.0,0.0,0.9524450988108075,0.0,0.0,0.967191023005141,0.0,0.0,0.992075207087689,0.0,0.0,0.9588430682876409,0.9791115403702196,0.0,0.0,0.0,0.0,0.9554612995250983,0.9685315907461531,0.0,0.0,0.0,0.0,0.0,0.9723601587515224,0.0,0.9587518769048227,0.0,0.9699838858142997,0.9661086311551115,0.0,0.0,0.0,0.0,0.9604550930301153,0.0,0.0,0.9458211289083504,0.0,0.0,0.0,0.9738282746762819,0.0,0.0,0.9621259756493412,0.0,0.0,0.9539032853638215,0.9633680123039392,0.944331826251461,0.0,0.9321782853770094,0.9182666753382915,0.0,0.0,0.9298228846408619,0.0,0.950107669603348,0.973924960420235,0.0,0.9364805146171601,0.0,0.932872991431699,0.0,0.0,0.899220481044415,0.0,0.0,0.9242932603922871,0.0,0.0,0.0,0.0,0.0,0.0,0.9796085860618131,0.0,0.0,0.9498611438855665,0.0,0.0,0.0,0.0,0.9378665861323547,0.0,0.9595425072457223,0.0,0.0,0.9857138871248206,0.9631388377785325,0.0,0.0,0.0,0.0,0.931165810265068,0.9469767534107284,0.0,0.0,0.9294897243550843,0.9419954221404342,0.0,0.0,0.0,0.0,0.0,0.9245693418627123,0.0,0.9654430507904509,0.0,0.9154084650559638,0.0,0.9660868499258315,0.9551338125710854,0.9570326736505813,0.9837628221004666,0.9281517597784013,0.0,0.0,0.0,0.0,0.0,0.0,0.9928004999572707,0.9766312965310017,0.0,0.9395839319903221,0.9562921019900957,0.9407576539979045,0.9337533426636805,0.0,0.9082199035044463,0.9947478582173866,0.0,0.0,0.0,0.0,0.0,0.0,0.9371475689172628,0.0,0.9982649991245056,0.0,0.9632570186903617,0.9477395257623241,0.0,0.0,0.0,0.0,0.0,0.0,0.0,0.9441884015419261,0.0,0.0,0.9529769386014804,0.0,0.0,0.9517734109459358,0.0,0.9940792561511663,0.981977020704681,0.0,0.0,0.0,0.0,0.0,0.0,0.0,0.0,0.0,0.0,0.0,0.0,0.0,0.9422497810672749,0.0,0.9339912270137483,0.9648519892436179,0.9725512028212697,0.0,0.0,0.0,0.9267212526359148,0.0,0.9818365802101833,0.0,0.0,0.0,0.9478164667885544,0.0,0.0,0.0,0.9633163645883351,0.9506182169799547,0.9687013072629128,0.0,0.0,0.9576851795692478,0.0,0.954168122406093,0.0,0.9441285937597024,0.0,0.0,0.983326554248799,0.0,0.9584884045016321,0.0,0.0,0.9207901488446051,0.0,0.0,0.0,0.0,0.9537512545569421,0.9390705846516707,0.9686057980134658,0.0,0.9387014176747732,0.0,1.0018924750084919,0.0,0.0,0.0,0.929891348942789,0.0,0.0,0.9753662974539007,0.9543630642500529,0.0,0.9549726044415777,0.9862622902304088,0.0,0.9521160416704575,0.0,0.0,0.0,0.967629893590108,0.0,0.9472922306313564,0.9847092931797286,0.9802383156107828,0.9602230220814792,0.937021635209193,0.0,0.0,0.947026332396926,0.0,0.0,0.0,0.0,0.9405041079917869,0.0,0.0,0.0,0.0,0.0,0.0,0.924281956928463,0.0,0.0,0.0,0.0,0.0,0.0,0.0,0.973929400379083,0.0,0.9191487234526302,0.0,0.0,0.0,0.9396371726395547,0.0,0.9564543774156629,0.0,0.0,0.0,0.0,0.9931509223629285,0.0,0.0,0.0,0.0,0.9171755944091917,0.9685597450193075,0.0,0.0,0.0,0.0,0.0,0.9278687670345583,0.0,0.0,0.9629729612891589,0.0,0.9682584401720166,0.9331602339956931,0.9336874675403638,0.0,0.949257033359648,0.0,0.9664929156450319,0.0,0.0,0.0,0.0,0.0,0.0,0.0,0.0,0.0,0.0,0.0,0.0,0.0,0.9299937645020179,1.0010034783562842,0.0,0.0,0.0,0.9468065296400112,0.911610513507476,0.0,0.0,0.9541250489901041,0.0,0.0,0.9754448494946726,0.9409997134718597,0.0,0.0,0.0,0.9673983879412822,0.9326317255926075,0.965990405014227,0.0,0.0,0.9720276499889194,0.0,0.0,0.0,0.9883961087680416,0.0,0.0,0.0,0.0,0.0
0.0,0.0,0.752967045027805,0.0,0.0,0.7943414112675314,0.8071996954734492,0.0,0.0,0.757698797659217,0.0,0.0,0.7773696943560156,0.7744799947898059,0.7700842570547821,0.7552953430605126,0.0,0.0,0.7767524969832249,0.7627413700484456,0.7785855975313593,0.0,0.739419125370204,0.0,0.0,0.0,0.757968684907152,0.0,0.0,0.0,0.0,0.7781348266918727,0.0,0.0,0.7866042390228325,0.0,0.0,0.0,0.7836916260890423,0.0,0.0,0.0,0.765511939506967,0.8138226239915998,0.0,0.0,0.0,0.0,0.7734699305371635,0.7472812259185101,0.0,0.7590339551528792,0.7846631453048636,0.0,0.7959168543966693,0.0,0.7741995244145772,0.0,0.7493888312486138,0.0,0.0,0.0,0.7784706731010922,0.7350591144125163,0.0,0.0,0.0,0.7567637295417275,0.0,0.742559362325337,0.0,0.0,0.0,0.7579497130623863,0.0,0.0,0.0,0.0,0.754016730344266,0.0,0.0,0.7676730703903827,0.0,0.0,0.7454246631954773,0.0,0.7640177958550016,0.0,0.7866873081765399,0.7835465847394469,0.0,0.7583037612825929,0.0,0.0,0.7645888276327689,0.0,0.7846747358914452,0.0,0.0,0.7535381497915171,0.7369351350271015,0.0,0.0,0.0,0.7438745173416725,0.0,0.0,0.0,0.7732241095943243,0.0,0.7887428593107046,0.7596842558856464,0.7658640164199215,0.0,0.7570702065508553,0.0,0.7500178050269624,0.0,0.0,0.7884412427873454,0.7834807846152304,0.7557891458521268,0.0,0.7765643037960785,0.761388039000487,0.7513352016659295,0.0,0.0,0.0,0.0,0.7567757432472678,0.7714511682213829,0.7923311353325924,0.0,0.0,0.7494861540574299,0.7776412428208205,0.0,0.7540030084761158,0.0,0.8065481399761215,0.0,0.0,0.0,0.0,0.0,0.0,0.0,0.0,0.0,0.7272359121384517,0.0,0.0,0.7714144705954139,0.0,0.7771605340413109,0.7736358816373158,0.0,0.0,0.0,0.7662652687876415,0.76775258693607,0.0,0.0,0.7897481139413352,0.0,0.7518893188055744,0.0,0.0,0.7499145291164135,0.0,0.0,0.7632300312290471,0.0,0.7694257383723615,0.7580071373148175,0.7326005206232021,0.0,0.0,0.7493000790642335,0.0,0.0,0.0,0.7602510554553286,0.0,0.0,0.7706610238021641,0.0,0.7676089637245379,0.0,0.0,0.7433653336969137,0.0,0.0,0.0,0.0,0.0,0.7549135213796866,0.7645399667857207,0.74593905830209,0.0,0.0,0.0,0.0,0.7953696104831884,0.0,0.7473021252128518,0.0,0.7646209211917538,0.770038656677854,0.0,0.0,0.0,0.7639525438945787,0.0,0.0,0.0,0.7723837183056865,0.0,0.778655161792343,0.7839089204353495,0.0,0.7675176553120795,0.0,0.0,0.0,0.7697175457908255,0.0,0.0,0.0,0.7851402839113366,0.0,0.7551354328398848,0.0,0.7807474477281515,0.0,0.746241634669159,0.0,0.7682030235729399,0.7877622167454249,0.0,0.0,0.0,0.0,0.7803437523651852,0.0,0.7719425195662211,0.0,0.7810013261556683,0.0,0.0,0.7820921909160116,0.7968096668528311,0.7755250418282457,0.7763068278107624,0.7588920423304122,0.0,0.0,0.0,0.0,0.0,0.7538920628697222,0.8033084758330532,0.0,0.0,0.7300136236627788,0.0,0.0,0.0,0.0,0.0,0.7677032821719297,0.0,0.0,0.7504798736894409,0.781252713495373,0.0,0.0,0.0,0.0,0.0,0.7657028480677001,0.7336185360092293,0.8031348705944737,0.7512671268364024,0.0,0.0,0.7353914452455265,0.0,0.0,0.784000580229506,0.7327359579185283,0.7512693900329344,0.7971305475570141,0.0,0.0,0.0,0.0,0.0,0.7726878932098806,0.7640024435197732,0.0,0.0,0.0,0.0,0.0,0.7674890292801572,0.8080912434361118,0.768860248368516,0.0,0.0,0.790912536088325,0.0,0.0,0.7822056570751234,0.0,0.7699696147002597,0.0,0.0,0.7891784534584974,0.7489348194038399,0.0,0.0,0.7685366691483415,0.7627192429724187,0.0,0.0,0.0,0.0,0.0,0.7701634242017056,0.0,0.0,0.7822847628433137,0.0,0.0,0.0,0.7943012221748961,0.0,0.8080324105272326,0.0,0.7262911372068239,0.7819599383690626,0.0,0.0,0.0,0.0,0.743214099521633,0.7909666354103312,0.0,0.0,0.0,0.0,0.0,0.7876374735711282,0.0,0.0,0.7557511509148548,0.7604257494723896,0.0,0.0,0.0,0.0,0.0,0.787669787452756,0.0,0.7351098449211129,0.0,0.0,0.0,0.7707821226061679,0.761975992934017,0.0,0.0,0.0,0.7777569317187819,0.7782415553072507,0.7928229483176211,0.0,0.0,0.0,0.0,0.0,0.7706777111784472,0.7828737266820668,0.0,0.0,0.0,0.0,0.7753655360353456,0.7866788047542169,0.0,0.0,0.0,0.0,0.7874762100217556,0.0,0.0,0.0,0.0,0.0,0.0,0.0,0.7913466387781578,0.0,0.786941646752516,0.0,0.0,0.7644091222739653,0.0,0.0,0.0,0.0,0.0,0.7565046165013006,0.0,0.0,0.0,0.7636558173958012,0.0,0.0,0.7936879520196211,0.7673891353187586,0.0,0.758462796327032,0.0,0.0,0.7658621572278284,0.0,0.7381490665917817,0.0,0.0,0.0,0.0,0.7915169357753944,0.0,0.0,0.7569372968417785,0.7717738581211675,0.780543419833025,0.0,0.0,0.7575117012568218,0.0,0.7528683494320381,0.0,0.0,0.7726399063856082,0.7696339402599615,0.0,0.0,0.7555583308457406,0.7572166808172844,0.7620089737938931,0.7558656444906379,0.7791144757388744,0.0,0.0,0.0,0.7751948755447242,0.7895012595386222,0.7663215888486237,0.0,0.7755558416551634,0.745854211188399,0.0,0.0,0.7654778009752697,0.0,0.0,0.0,0.0,0.0,0.7569050759160202,0.0,0.0,0.734325217649901,0.0,0.7860535556076638,0.0,0.0,0.7715647147082607,0.0,0.0,0.0,0.0,0.0,0.0,0.0,0.0,0.0,0.7836177588111899,0.0,0.0,0.0,0.0,0.7764596410279184,0.7805201148924661,0.0,0.0,0.7897837927820954,0.7873832623472431,0.0,0.7872534993333872,0.0,0.0,0.0,0.0,0.772294861227613,0.7919568924519056,0.0,0.0,0.0,0.0,0.0,0.7675027557381705,0.7685303591334223,0.0,0.0,0.0,0.0,0.0,0.0,0.0,0.771460037583481,0.7680893924372314,0.7700029306005587,0.0,0.0,0.0,0.0,0.0,0.7915424478234948,0.7959310309920611,0.8019074119427755,0.7592269818326208,0.0,0.7638953099873228,0.7577525256249772,0.0,0.0,0.0,0.0,0.7786708133094772,0.7596427403235075,0.0,0.7941340795176743,0.7631520728444612,0.7396378684943171,0.7715296178142289,0.0,0.7598562586176966,0.0,0.7491291126951671,0.0,0.7737020199064831,0.0,0.0,0.7705205057592442,0.0,0.0,0.0,0.7657702327999741,0.0,0.0,0.7706939845499547,0.778331595033656,0.0,0.0,0.7642599074147618,0.778352020543065,0.7527349493748186,0.0,0.78116552508482,0.7503417451998495,0.7511689412622038,0.0,0.0,0.0,0.7308290230718143,0.0,0.0,0.0,0.7713973119951985,0.0,0.7714913940478297,0.0,0.0,0.7642804356778573,0.0,0.0,0.0,0.7579163159368868,0.0,0.0,0.0,0.0,0.7729317306723732,0.7532761114242645,0.7727561364515364,0.7760015927584322,0.0,0.0,0.7624879770540054,0.0,0.7594311249413822,0.0,0.7901925703562812,0.0,0.0,0.0,0.0,0.0,0.0,0.0,0.0,0.7422360561706335,0.0,0.0,0.7888088097441582,0.0,0.0,0.0,0.8064035558523561,0.76652571413533,0.0,0.0,0.7745087476672483,0.753834033481569,0.0,0.0,0.0,0.0,0.0,0.7794499808051596,0.0,0.7793875768640426,0.7658889740505269,0.7505909700217569,0.0,0.0,0.774166174329606,0.7625726402550779,0.0,0.7684004341301431,0.0,0.0,0.0,0.7841353519192042,0.0,0.7834200830358363,0.7675453406244703,0.0,0.0,0.0,0.0,0.0,0.0,0.0,0.0,0.0,0.0,0.0,0.7477253717154742,0.0,0.7521107065623487,0.7965654615098067,0.0,0.0,0.0,0.0,0.0,0.0,0.7922046303670193,0.7834969580926566,0.0,0.0,0.7620447901287248,0.0,0.7660472853504362,0.7474792004063882,0.7692436583441798,0.0,0.0,0.0,0.7482020441688455,0.0,0.7642549836493754,0.754313824404508,0.0,0.7633042127762464,0.0,0.7932132733914187,0.7497011728258501,0.0,0.0,0.7560203822367512,0.0,0.0,0.0,0.0,0.0,0.0,0.767070941033493,0.0,0.0,0.7887132239861081,0.0,0.7749711215431301,0.0,0.0,0.0,0.0,0.0,0.0,0.7725357672955416,0.0,0.0,0.7443360655297788,0.0,0.0,0.758497757032391,0.7968720315660008,0.7730717508515398,0.7818731116627939,0.0,0.0,0.7321623724638144,0.0,0.7655640963287415,0.0,0.0,0.7831705942646092,0.7921509515525791,0.7663735673394256,0.7873863302238282,0.0,0.7749086962494455,0.0,0.7810066142057243,0.0,0.0,0.0,0.0,0.0,0.784744665378868,0.7897260447320349,0.754504107097512,0.7816806237212355,0.0,0.0,0.0,0.7986446867898214,0.7464974078234776,0.0,0.0,0.0,0.7508875810995832,0.0,0.0,0.0,0.0,0.7754190127278127,0.7895524350968166,0.7640390123547532,0.7569279697418662,0.0,0.0,0.0,0.0,0.0,0.0,0.0,0.0,0.0,0.7523033230714896,0.0,0.7683946265157999,0.0,0.7418609917617845,0.0,0.7589996681732347,0.0,0.7820436988049935,0.0,0.0,0.0,0.0,0.7994654244960027,0.0,0.7325678002239016,0.7729668066430566,0.779704684275534,0.754393502064763,0.0,0.7748044851699736,0.0,0.0,0.7778483459528341,0.0,0.7720166820379232,0.0,0.0,0.0,0.0,0.0,0.0,0.0,0.0,0.0,0.768705090546707,0.7673302227607751,0.0,0.0,0.0,0.0,0.752971422332464,0.0,0.0,0.0,0.0,0.0,0.0,0.0,0.0,0.0,0.0,0.0,0.7518599263254431,0.0,0.0,0.8044863978436678,0.7766958631753499,0.0,0.7633566542133705,0.0,0.0,0.0,0.0,0.0,0.0,0.0,0.7689786202083152,0.0,0.7840546216445228,0.0,0.7222145841671092,0.7787403076803674,0.0,0.7851256014583706,0.0,0.7863749805542981,0.7737590347768226,0.7439317219082346,0.7956870064637751,0.7628783513569914,0.0,0.7653849905167757,0.0,0.7743276435973449,0.0,0.7856319976064935,0.7749605307027777,0.7831285379345673,0.7901170958920966,0.0,0.0,0.7650327919212795,0.771668311004457,0.0,0.0,0.0,0.7804222828771107,0.7334600892439447,0.0,0.0,0.7728873759231358,0.0,0.0,0.0,0.0,0.7864621881342708,0.0,0.7496820539716416,0.7347392010133278,0.0,0.0,0.0,0.0,0.7723436469156002,0.7738766629599835,0.7748350088735756,0.7666031442383846,0.7539823450645032,0.7326989374036471,0.0,0.0,0.0,0.796950982818969,0.0,0.7833100683687826,0.0,0.7686081837495621,0.0,0.0,0.0,0.0,0.0,0.0,0.0,0.8129934014834482,0.7654856685939561,0.7781054016366684,0.0,0.7652637032326921,0.0,0.7719554556389137,0.0,0.7662078922121843,0.7637829904697863,0.7440657718797926,0.0,0.0,0.7893202914435083,0.0,0.0,0.7445646695062157,0.0,0.0,0.0,0.0,0.0,0.0,0.0,0.7507247347657633,0.0,0.0,0.7743166918877056,0.7586652051439059,0.7792990850983857,0.0,0.7446121464178124,0.0,0.7475061553109724,0.0,0.8005503226799929,0.0,0.0,0.0,0.742416631980986,0.7830815960726982,0.0,0.0,0.0,0.0,0.7656689986469399,0.7792652163764481,0.0,0.0,0.7430095744226373,0.0,0.0,0.7978368628517148,0.0,0.0,0.0,0.7605624161902088,0.7864644681463879,0.0,0.7737845267242317,0.0,0.0,0.7460949901675006,0.7697370325101376,0.0,0.0,0.8024870155212906,0.7438698729923632,0.0,0.0,0.0,0.7384405637555531,0.0,0.0,0.7668527578057603,0.0,0.0,0.7928315573131487,0.7718303384656227,0.7519270389528296,0.0,0.0,0.7915055791881588,0.0,0.7497568631049013,0.7540700296995192,0.0,0.0,0.0,0.7751026642908266
0.0,0.0,0.0,0.0,0.0,0.19421436684221863,0.0,0.2063191616665145,0.0,0.0,0.2297085555333744,0.0,0.0,0.19254942954939036,0.22029193224864788,0.18379100321309208,0.0,0.0,0.0,0.0,0.0,0.2117382209196659,0.21220537671268108,0.0,0.0,0.0,0.0,0.20958917685364795,0.0,0.23518849263400754,0.19335527663842722,0.0,0.0,0.0,0.0,0.0,0.0,0.0,0.20337098430811018,0.0,0.0,0.0,0.0,0.20401169588271542,0.0,0.0,0.0,0.19977769928621814,0.19525337237416593,0.23055268784747163,0.0,0.0,0.1739033548699392,0.0,0.0,0.0,0.0,0.20168491712973227,0.16462989830066427,0.0,0.0,0.0,0.0,0.0,0.0,0.0,0.0,0.21725135279416005,0.0,0.20803278317555254,0.21336042395666868,0.22407078560720342,0.0,0.0,0.19481677381670798,0.0,0.0,0.21668366810098783,0.0,0.0,0.19248142757700745,0.0,0.0,0.1968733726275608,0.19963699423958856,0.0,0.0,0.0,0.0,0.0,0.0,0.0,0.19109695094463275,0.0,0.0,0.0,0.19656717515901662,0.20263055705468216,0.2135302038586219,0.0,0.0,0.0,0.22569288632465337,0.0,0.0,0.2453772314852419,0.22517012137740955,0.1839090560937076,0.2216202057153247,0.23511045917360324,0.0,0.21159932526986103,0.0,0.0,0.21892382518220901,0.22429773303403253,0.23220974437761405,0.0,0.18379575833978612,0.0,0.0,0.0,0.21197053833764098,0.0,0.21852092280704366,0.0,0.0,0.2187213435169958,0.24745060939373953,0.23080836160072804,0.1860675997445015,0.21964926998273385,0.18583100700399557,0.21560098910695374,0.0,0.22291439209468394,0.0,0.20752519558782628,0.24161792367986182,0.0,0.0,0.0,0.0,0.0,0.0,0.0,0.2111663958237341,0.0,0.0,0.1871936541923523,0.0,0.0,0.0,0.0,0.0,0.17963737897654314,0.21705989812716814,0.0,0.0,0.18847503127786291,0.18343446431095434,0.2223962318326358,0.0,0.0,0.0,0.19498915920306964,0.17523551213949076,0.1972996484812954,0.21296107013129556,0.0,0.0,0.21988464388910234,0.0,0.0,0.18835903144416394,0.0,0.0,0.24375191816130803,0.0,0.2039748599771353,0.0,0.22465166237826,0.21742646297137366,0.0,0.0,0.21773863447547037,0.0,0.0,0.20944070274622648,0.2265375413864301,0.0,0.19574532994377547,0.23482720424761425,0.0,0.0,0.21579729523141267,0.0,0.0,0.18635747141610853,0.0,0.0,0.0,0.20458709518157336,0.0,0.0,0.193843505013918,0.0,0.2003001387389941,0.20421971666790056,0.0,0.2164029322248214,0.1715631882836869,0.0,0.18952395704594455,0.0,0.0,0.0,0.0,0.0,0.19387006684366528,0.23011597436682565,0.0,0.0,0.0,0.0,0.0,0.0,0.19163420682429091,0.0,0.0,0.0,0.0,0.21274467830066535,0.0,0.0,0.20605160948767803,0.19865397645796967,0.23748060762806555,0.22366111947969022,0.229528036841946,0.0,0.0,0.0,0.20662789896077363,0.0,0.2251724813202098,0.25299908029143914,0.0,0.0,0.1924186254433799,0.23864186621889524,0.0,0.24105648064892923,0.18605943026598562,0.0,0.20070102520985642,0.0,0.0,0.23468702587944137,0.0,0.21595570244411907,0.0,0.19428500589766518,0.18543587766360714,0.0,0.0,0.1924045158209146,0.0,0.19398837122090887,0.0,0.0,0.22473119834893296,0.20773977549172495,0.0,0.19651003322263438,0.0,0.0,0.0,0.0,0.2223157907336377,0.1912145246276813,0.0,0.23389268798966553,0.19450071272703195,0.0,0.19567983407261527,0.0,0.23752499626163473,0.0,0.0,0.0,0.0,0.0,0.19678973632019373,0.0,0.22808646892004938,0.0,0.0,0.0,0.0,0.0,0.0,0.20236378953120626,0.0,0.0,0.0,0.19622540933767396,0.0,0.0,0.0,0.21298719600782692,0.2078234106936826,0.0,0.0,0.0,0.20334673914072962,0.20446155668033036,0.20523275357403425,0.0,0.20351232505326264,0.2231585674826866,0.23452093932575485,0.0,0.23319915786264073,0.0,0.0,0.2154541789586835,0.22632818503372298,0.2284319849220357,0.20535391578049986,0.0,0.23577844897724629,0.0,0.18615075088923072,0.0,0.19748208591230795,0.18762855981899795,0.0,0.21158997380053676,0.0,0.0,0.22043962176357956,0.0,0.1900124956789167,0.20189334173483192,0.0,0.0,0.2652223514589924,0.0,0.0,0.0,0.0,0.0,0.0,0.0,0.21863420161325212,0.20804381969665914,0.0,0.23218114206296425,0.2086237449393248,0.0,0.0,0.0,0.0,0.18454341179917222,0.22923727463484744,0.2590698639069505,0.0,0.19289623831800382,0.2030011559099004,0.0,0.23519019029520266,0.0,0.0,0.0,0.2118910458781819,0.21547151111205037,0.0,0.0,0.0,0.0,0.0,0.0,0.2061607378719444,0.0,0.0,0.0,0.0,0.0,0.204492098328374,0.19013097847616223,0.0,0.21671520895832827,0.2054831384071567,0.22559712264553605,0.19827735051590636,0.19476238346667582,0.0,0.0,0.0,0.23872085831098033,0.0,0.0,0.2263439207431221,0.19443931158633426,0.20641914247767393,0.21664955949645986,0.0,0.0,0.0,0.0,0.19048231116037967,0.0,0.0,0.0,0.0,0.18200554605166785,0.2212108975231509,0.19741249236094763,0.22136009850716876,0.0,0.21305680658867263,0.20663958236665875,0.0,0.0,0.0,0.0,0.0,0.0,0.2093496128316178,0.19104395647303107,0.0,0.0,0.18964731089710435,0.19379118191872502,0.0,0.18773832741975255,0.17106144043911467,0.2074778475518782,0.0,0.0,0.0,0.0,0.0,0.23824120915771319,0.0,0.0,0.0,0.18116635136466408,0.0,0.0,0.19757583705259885,0.0,0.20693775020861435,0.0,0.23333681494522657,0.0,0.2172705800571541,0.0,0.0,0.0,0.0,0.20808908513787067,0.0,0.18519332474650524,0.0,0.0,0.19644851133199026,0.0,0.0,0.0,0.18362667066087937,0.0,0.19420166714056247,0.0,0.0,0.24567170717492748,0.0,0.0,0.0,0.21032563851656666,0.0,0.0,0.0,0.0,0.19134441780053668,0.0,0.0,0.2067747377064444,0.0,0.0,0.2003727308315269,0.0,0.18198274276457363,0.0,0.0,0.21547224295397338,0.0,0.0,0.2171823011987566,0.2489261681053188,0.0,0.2345296860064278,0.21899967614159777,0.0,0.0,0.0,0.0,0.0,0.212912075085869,0.0,0.24417829972844016,0.21727727679858208,0.0,0.0,0.2094475413702026,0.19561342533273013,0.19409515269016,0.0,0.0,0.0,0.20670254759976248,0.0,0.21130063788961317,0.0,0.23731610261849223,0.0,0.0,0.1862748384659611,0.0,0.0,0.0,0.20400124700384134,0.0,0.20549180918795193,0.0,0.0,0.0,0.0,0.21673520338384503,0.0,0.22218123485814315,0.19134012421772792,0.218902864823984,0.0,0.0,0.20039127128053733,0.19729577983202148,0.2331473323851541,0.0,0.0,0.0,0.20073915688242294,0.0,0.0,0.19184724030920833,0.0,0.0,0.2133227448927276,0.0,0.21612006180982143,0.0,0.2217475232460171,0.0,0.2128352243307694,0.0,0.0,0.22115085035471857,0.0,0.22312576251600127,0.24856447856374506,0.0,0.20875283605082712,0.21960929505014265,0.20717756539946866,0.20533236641670924,0.0,0.20120703614263097,0.0,0.21659345354446904,0.0,0.0,0.19518823039018368,0.0,0.21859094631065906,0.0,0.0,0.20333782660066904,0.21913201255470524,0.23097960128463804,0.24432684985974742,0.0,0.0,0.0,0.0,0.216059019778336,0.22598731038840453,0.20291618885743776,0.0,0.24093081737847652,0.22633189377286886,0.0,0.0,0.20954630758889534,0.0,0.0,0.0,0.0,0.0,0.0,0.0,0.21798874305422586,0.0,0.19626460609647797,0.0,0.0,0.21303442019459318,0.0,0.0,0.0,0.0,0.0,0.0,0.18628343114142362,0.21072406791620538,0.2507346822054547,0.0,0.0,0.1947922704203826,0.0,0.0,0.0,0.0,0.0,0.0,0.0,0.0,0.22078830470019795,0.0,0.0,0.0,0.22431402024641797,0.20585564326895092,0.0,0.0,0.0,0.18089749445098582,0.22686723339878614,0.23147247336727156,0.0,0.0,0.0,0.0,0.0,0.0,0.0,0.0,0.0,0.0,0.0,0.2058613167746954,0.0,0.21224518351924965,0.21527979482604423,0.0,0.0,0.0,0.21264341144746524,0.0,0.0,0.0,0.2261442832693195,0.0,0.21973191055328362,0.23111634809447576,0.20381258094739843,0.0,0.19528137462096312,0.0,0.21171585513224225,0.0,0.0,0.0,0.0,0.0,0.2354158175989287,0.0,0.20091494635824803,0.0,0.0,0.0,0.0,0.0,0.0,0.0,0.0,0.0,0.0,0.2293918330798885,0.0,0.18474565858524697,0.0,0.21374259601767506,0.2250900591711174,0.0,0.21330266659866481,0.0,0.23132038828393914,0.0,0.0,0.0,0.0,0.0,0.0,0.0,0.21780247884869086,0.0,0.0,0.0,0.0,0.0,0.23540618279809053,0.0,0.0,0.19567139777282924,0.0,0.0,0.0,0.0,0.0,0.22024124292905772,0.0,0.19977387142850128,0.0,0.2489886252730531,0.2160043205637438,0.0,0.193375855190616,0.0,0.0,0.17121317861679783,0.0,0.0,0.0,0.0,0.0,0.21048225449026178,0.0,0.22301722040318062,0.0,0.0,0.18493786975058027,0.23456630502636405,0.0,0.19004144076773996,0.0,0.0,0.0,0.0,0.0,0.0,0.18761189021463884,0.0,0.22372792386677637,0.0,0.189637639273895,0.0,0.23875961532324658,0.0,0.0,0.19532124983158433,0.0,0.23489823639099353,0.0,0.0,0.0,0.0,0.20620526590120583,0.0,0.0,0.0,0.0,0.21419499424201474,0.21226418790539364,0.0,0.0,0.2228482938782968,0.0,0.0,0.20512738152862428,0.0,0.0,0.0,0.0,0.2320416894094676,0.2076777239247528,0.21969235589342656,0.0,0.0,0.0,0.0,0.0,0.0,0.20682302150112844,0.0,0.0,0.2092645994081782,0.0,0.0,0.0,0.0,0.2068896768419434,0.21653192740272553,0.0,0.0,0.0,0.21009281538228564,0.0,0.22897087173396818,0.1919744757624876,0.22993463247588047,0.0,0.1990105574097915,0.0,0.20062640861750017,0.20305680632267947,0.0,0.0,0.0,0.18000127745944913,0.20895803566485582,0.0,0.0,0.0,0.20148576746344624,0.0,0.2059919443061311,0.0,0.0,0.0,0.0,0.22833131688763764,0.0,0.0,0.22105893177214858,0.180154563237864,0.2329729376863486,0.0,0.0,0.2031774302774054,0.0,0.22711945499576847,0.0,0.0,0.21492903306252475,0.0,0.0,0.18724129600062916,0.0,0.0,0.0,0.0,0.2218593729029341,0.0,0.0,0.0,0.22665404681377485,0.2337254695697047,0.17893597020866153,0.0,0.22620330702003588,0.0,0.0,0.21390956516338822,0.2384671984963191,0.0,0.21333330741484202,0.0,0.0,0.0,0.0,0.0,0.0,0.0,0.0,0.0,0.0,0.21221141839635227,0.0,0.19597850950821022,0.0,0.22630994091471096,0.0,0.2455881496693972,0.25102256211852153,0.24438239598103348,0.0,0.20258129715410927,0.22625563877470029,0.0,0.0,0.0,0.19723512559595344,0.2017675052927298,0.0,0.0,0.19151904842759554,0.0,0.21288389520187784,0.0,0.22889323527352848,0.22186178121451045,0.0,0.0,0.0,0.2204326119959289,0.20915973057611695,0.0,0.21378210657239602,0.0,0.0,0.0,0.0,0.19544364210894083,0.0,0.0,0.216031532860624,0.0,0.0,0.0,0.0,0.2202678212092705,0.0,0.224133744325622,0.0,0.0,0.0,0.0,0.22857468199708098,0.20101142933573707,0.0,0.2063822441340503,0.2424281538531802,0.0,0.0,0.20069766069444944,0.0,0.0,0.1974673046508916,0.20143310609111786,0.20228466320912064,0.23206435504020034,0.0,0.0,0.0,0.1973727300190625,0.0,0.0,0.0,0.24165838627510747,0.0,0.24533102887830002,0.0,0.18402705726492014,0.0,0.21245576341009134,0.20466483454406867,0.22600660188483895,0.19841607056102273,0.22426717591263215,0.0,0.19419593367947618,0.2484817319261408,0.0,0.22007142304538044,0.0,0.0,0.0,0.0,0.0,0.19041294830999717,0.0,0.0,0.2311100746038217,0.0,0.22179232521891873,0.24651813959189525,0.0,0.21016029995994145,0.22293299022821056,0.0,0.0,0.0,0.0,0.0,0.1984563614755683,0.21404233921739912,0.0,0.0,0.21066396743526025
0.0,0.0,0.0,0.0,0.0,0.0,0.0,0.0,0.0,0.8216605091814784,0.8215392343894513,0.0,0.0,0.8288360426795623,0.8287138605090174,0.7968502114458668,0.0,0.0,0.0,0.7728331689779606,0.0,0.7701127646863818,0.8402324811464105,0.0,0.0,0.7837410726703032,0.8205744113560559,0.8281622759523906,0.7993670965908752,0.0,0.7889270169179622,0.0,0.0,0.0,0.0,0.0,0.8331845418233775,0.0,0.8103362048432095,0.0,0.7914491997043753,0.0,0.7809622092639361,0.8219677849672836,0.7765133795444816,0.0,0.0,0.7736597240976124,0.8178734120468205,0.8220230532419888,0.0,0.0,0.7759988741647122,0.8156798358596242,0.7864000364362738,0.0,0.0,0.0,0.0,0.754306935551968,0.7835580060770204,0.0,0.7404851695826874,0.0,0.0,0.7595922920790645,0.7566991706298525,0.7995586469410758,0.8079728956563558,0.0,0.0,0.7675238802699988,0.0,0.0,0.0,0.0,0.7987626180709343,0.8297249955135824,0.0,0.0,0.0,0.7748948248040108,0.0,0.8350844011578797,0.0,0.7784588488466296,0.8162221554482281,0.0,0.0,0.0,0.0,0.7917469955009037,0.0,0.0,0.0,0.0,0.8097177956280631,0.8514827869685804,0.0,0.0,0.7721712037190865,0.8097384182994377,0.7964110396865055,0.8087074882413875,0.7701660808124984,0.76865733407695,0.0,0.0,0.0,0.0,0.0,0.0,0.8422894981088985,0.0,0.8325309157747919,0.8277740377392453,0.0,0.0,0.8080673265036634,0.0,0.0,0.0,0.8332238628112726,0.0,0.0,0.7763900077143867,0.0,0.7753304971717203,0.0,0.0,0.7678693382174365,0.8412713986324515,0.0,0.8490378277574296,0.0,0.8458120953855314,0.0,0.0,0.0,0.0,0.0,0.0,0.8240959173891711,0.0,0.0,0.8101589530724208,0.0,0.0,0.8254889950656823,0.0,0.0,0.0,0.8141284707372647,0.0,0.0,0.0,0.7872456487392991,0.0,0.0,0.0,0.791232395764736,0.0,0.0,0.0,0.0,0.0,0.0,0.853279535192368,0.8051941940078129,0.0,0.8066560233799946,0.7541889931363721,0.0,0.831171044766043,0.0,0.0,0.0,0.798308527579226,0.0,0.0,0.0,0.8035574015966114,0.7917122223618129,0.0,0.7833997098268667,0.0,0.0,0.0,0.0,0.7375371434455541,0.8486621331786646,0.0,0.8072856946740108,0.0,0.0,0.0,0.0,0.0,0.7411429434226144,0.0,0.8495342910747722,0.0,0.7935750550570223,0.0,0.0,0.7951084415682781,0.8255227866461898,0.7902781142081368,0.0,0.7716866305200554,0.0,0.8413971931951146,0.0,0.0,0.0,0.0,0.0,0.8189995224937637,0.0,0.0,0.8148589568858737,0.0,0.0,0.0,0.0,0.7719176128272847,0.8366992601997062,0.8188339739529741,0.0,0.0,0.0,0.0,0.7732727370900879,0.0,0.8292427690152564,0.8272199050832894,0.0,0.0,0.8213796681967934,0.7796559163707548,0.0,0.7881922562643038,0.7854793899157351,0.7738309897495752,0.0,0.7936651358874309,0.0,0.8229965567194445,0.0,0.8172396213892895,0.8148348895935911,0.0,0.7957249052454639,0.0,0.8265371202561459,0.0,0.0,0.0,0.8280379154972303,0.790197041849257,0.0,0.0,0.0,0.7995808564029016,0.0,0.0,0.0,0.794668469530596,0.8071421245276553,0.0,0.7721901813260558,0.0,0.0,0.0,0.0,0.0,0.8000738060926433,0.8105391209131624,0.0,0.0,0.7879454719749146,0.0,0.836218742888023,0.0,0.8254913683398075,0.8087280764465751,0.0,0.0,0.8660153751599274,0.0,0.0,0.0,0.0,0.8192684090308108,0.0,0.0,0.0,0.0,0.0,0.8152028426745396,0.781334035250835,0.0,0.814321032474933,0.0,0.7973875623809553,0.0,0.8049919912012995,0.0,0.0,0.0,0.7699857148555707,0.7829734847889763,0.0,0.0,0.0,0.8331731392274787,0.8482670117707378,0.7964361946485711,0.0,0.0,0.8309645298208725,0.0,0.0,0.0,0.7787897445400007,0.0,0.0,0.0,0.8295510285314596,0.0,0.7982690562315182,0.7872610349551815,0.0,0.0,0.0,0.0,0.0,0.0,0.0,0.7826844345834794,0.0,0.0,0.0,0.0,0.8482429405621983,0.0,0.0,0.8063951928087801,0.8181361659263436,0.0,0.0,0.7995403741774391,0.0,0.0,0.8008814087751192,0.0,0.0,0.0,0.8088937767079605,0.0,0.0,0.8274564879810494,0.0,0.7970492658789251,0.0,0.8110833815493055,0.0,0.0,0.7923881451231665,0.0,0.8663905357601878,0.8044674865006894,0.0,0.0,0.0,0.7882815049072633,0.8148062720926988,0.0,0.0,0.0,0.8252359295662876,0.0,0.8155662730997099,0.8250084978835358,0.7586700577855824,0.0,0.8247693606370222,0.0,0.0,0.0,0.0,0.0,0.7820437502740409,0.0,0.7549570665206659,0.8183992017387848,0.8039716203212626,0.8350719930972152,0.0,0.0,0.0,0.8019851932854332,0.0,0.8170308849560823,0.8047621678791502,0.0,0.0,0.7818207729948997,0.0,0.0,0.0,0.0,0.0,0.8361765307639161,0.7827358868685604,0.0,0.0,0.0,0.0,0.7890001246828204,0.0,0.0,0.0,0.8183109046661764,0.8047011185983565,0.8020169734235201,0.81610928545327,0.8205706132125108,0.0,0.0,0.0,0.0,0.0,0.775061973951141,0.7943413839931733,0.0,0.7860052070929073,0.7671260370018724,0.0,0.0,0.0,0.8190670717202538,0.0,0.0,0.894902339755206,0.0,0.0,0.8195575543842328,0.7859533744593624,0.0,0.0,0.8147473914327747,0.0,0.8209930344600259,0.0,0.0,0.8158026070418444,0.0,0.0,0.0,0.8148123119300235,0.8411601170726788,0.0,0.0,0.8523601646951304,0.0,0.0,0.8269706376778054,0.0,0.7792288407061232,0.0,0.7895929683256361,0.0,0.0,0.0,0.8277635246744935,0.0,0.8378615920044712,0.0,0.8035672342094228,0.0,0.0,0.0,0.801439022947839,0.0,0.0,0.0,0.0,0.0,0.8162447142563313,0.0,0.8080079129001215,0.0,0.7866394627715108,0.0,0.0,0.7884456357411394,0.0,0.8274210982785921,0.0,0.7684387309443911,0.8418558005282657,0.0,0.0,0.0,0.0,0.0,0.0,0.0,0.0,0.0,0.8025346098776746,0.7814071609035046,0.7858943358465058,0.0,0.0,0.0,0.0,0.0,0.0,0.8357991360178714,0.0,0.0,0.7506477576319054,0.0,0.7867242903463475,0.0,0.0,0.7955641301531609,0.0,0.0,0.0,0.8094141796747708,0.0,0.0,0.0,0.0,0.0,0.0,0.0,0.0,0.796993938664098,0.0,0.7921109622179423,0.0,0.0,0.8034309733313443,0.8459210472091763,0.8244212724373834,0.0,0.0,0.0,0.0,0.0,0.0,0.0,0.0,0.8065862354039357,0.7897615983226076,0.0,0.0,0.0,0.8194249348408521,0.0,0.81236441685768,0.0,0.0,0.7764311793799826,0.0,0.7865514606242627,0.8547559013742312,0.8119218720329962,0.0,0.0,0.790320273703093,0.0,0.0,0.0,0.0,0.8066475878619394,0.0,0.782871000092336,0.8372970778325521,0.0,0.0,0.0,0.7715712454055487,0.0,0.0,0.0,0.0,0.0,0.0,0.8064999158952852,0.0,0.7877542917345076,0.0,0.0,0.8015391248079468,0.0,0.0,0.0,0.0,0.0,0.785711879719491,0.8168840979258974,0.8433604784482966,0.785711126712307,0.798223536006873,0.0,0.0,0.8160702905635672,0.0,0.0,0.0,0.8400474770270411,0.0,0.0,0.7970385236387137,0.7935087366659087,0.8085551557368524,0.0,0.0,0.7980037232258389,0.0,0.0,0.0,0.0,0.782929701605011,0.0,0.0,0.0,0.0,0.0,0.0,0.0,0.8024159628287517,0.7997885324951256,0.8619058054584215,0.785281942730741,0.0,0.0,0.0,0.0,0.7937312200321255,0.0,0.7945581109976777,0.0,0.0,0.0,0.0,0.8290674474637403,0.0,0.0,0.8131118334079248,0.0,0.0,0.8597239345443236,0.0,0.0,0.8149754025170037,0.7941804106416968,0.8146280185515805,0.0,0.0,0.0,0.0,0.0,0.0,0.8237958554320107,0.0,0.0,0.0,0.0,0.8139681186295163,0.0,0.8370855911961117,0.0,0.0,0.0,0.0,0.8065656474464278,0.0,0.7983287255752208,0.8017692646410566,0.7853745363034293,0.8564564485362737,0.8209223041936803,0.0,0.0,0.0,0.0,0.811591520894261,0.0,0.0,0.0,0.0,0.0,0.8136306821284982,0.0,0.0,0.8015502893629193,0.0,0.804624819434103,0.8144928024215898,0.843976531432633,0.7744026862462389,0.0,0.0,0.0,0.0,0.0,0.0,0.0,0.0,0.7705584626453765,0.8062167422097098,0.0,0.0,0.0,0.0,0.0,0.7885378523797962,0.0,0.0,0.0,0.8165752907915007,0.0,0.0,0.0,0.8060836692538504,0.0,0.8103712437182613,0.7811436504380597,0.8230351086448073,0.0,0.0,0.0,0.7948072535475438,0.8298270337404696,0.8022447845936487,0.0,0.8145266447257351,0.801487505713367,0.8171452452308667,0.8246353752933434,0.0,0.0,0.0,0.0,0.8195448434706795,0.0,0.0,0.8138692207479763,0.0,0.0,0.0,0.0,0.0,0.8586669066260818,0.0,0.0,0.0,0.8193677610481777,0.8074236475492292,0.8590843730723186,0.8569553518370592,0.819278035385621,0.0,0.0,0.0,0.0,0.0,0.7621559987301856,0.0,0.7794983819813726,0.0,0.8334662307316566,0.0,0.0,0.0,0.0,0.0,0.7970349339227849,0.0,0.0,0.0,0.8131863689840949,0.0,0.8402082352530479,0.7736795068216515,0.0,0.8297995362546433,0.0,0.8037357044306014,0.0,0.0,0.0,0.8449159105739834,0.0,0.0,0.0,0.0,0.8399994010360969,0.0,0.0,0.8152156876393266,0.8177608037421037,0.0,0.0,0.0,0.7992933389831584,0.7921901724158948,0.0,0.0,0.7945823908938187,0.0,0.0,0.8288233355839005,0.806915529695353,0.8249028836746086,0.0,0.0,0.0,0.8267135414471507,0.0,0.813400510362082,0.0,0.0,0.7917905093134335,0.7998917225196004,0.8435874939812112,0.822989589586515,0.7957831906619992,0.0,0.0,0.8243525739692175,0.0,0.0,0.0,0.0,0.0,0.8113864489413005,0.0,0.8238963324576906,0.7959781002850518,0.8064667382985344,0.0,0.0,0.8407614897600262,0.7976444053667856,0.0,0.0,0.0,0.807790452640527,0.7811181865109658,0.0,0.0,0.0,0.0,0.8124447977770557,0.0,0.0,0.0,0.8114530368248003,0.7850154544365185,0.0,0.7819277985344918,0.8189658365532027,0.8056227657918951,0.7740071833208225,0.0,0.0,0.0,0.84030485859125,0.0,0.0,0.0,0.0,0.0,0.0,0.8012613765772943,0.8082127721359775,0.789459997051511,0.8251457649135412,0.0,0.0,0.0,0.7993105049241019,0.0,0.0,0.0,0.791193864078265,0.0,0.7673072450543446,0.0,0.0,0.8204363444215362,0.7841172027727191,0.0,0.0,0.0,0.0,0.0,0.0,0.0,0.0,0.0,0.0,0.0,0.0,0.8063941607523764,0.0,0.0,0.0,0.7950186504170124,0.0,0.0,0.0,0.7773290600266825,0.0,0.0,0.0,0.806828546001005,0.0,0.0,0.0,0.0,0.0,0.7821243470323647,0.0,0.0,0.0,0.0,0.0,0.0,0.0,0.8267221496469979,0.0,0.0,0.0,0.7986636542118692,0.7996521313869647,0.0,0.8007837330555309,0.0,0.7727013427896261,0.0,0.8138038832970347,0.0,0.0,0.0,0.0,0.0,0.7804351624619554,0.0,0.8233098244215892,0.0,0.0,0.8030988886286937,0.0,0.0,0.824291032151548,0.7717310257621205,0.0,0.0,0.0,0.0,0.8071767272077683,0.8156327921246689,0.0,0.0,0.0,0.0,0.0,0.0,0.8061811084194697,0.0,0.0,0.0,0.8090393408851696,0.8167128290498569,0.0,0.0,0.0,0.7899824004183594,0.0,0.7963726176100208,0.0,0.0,0.7835498346322675,0.7989332104987799,0.0,0.7857604821779862,0.8048208810604781,0.0,0.8269080182591861,0.0,0.7832635832893852,0.0
0.0,0.0,0.0901985432159822,0.0756405995478783,0.08664731655054946,0.0,0.0,0.0,0.0,0.0,0.0805031011270104,0.09923898487131642,0.0,0.0,0.08026193886193352,0.0,0.0,0.05283619075080625,0.0,0.0,0.0,0.0,0.07832675067071139,0.0,0.0,0.0,0.0,0.08082562682082756,0.10028366382838633,0.0,0.0,0.0,0.04896857050798023,0.0,0.0,0.0,0.0,0.0,0.08125440529191316,0.0,0.0,0.0,0.056388828271594915,0.12286035121114441,0.0,0.08424676988718893,0.1063848311115336,0.061394369914685595,0.08195860432203791,0.0,0.0,0.08160278346963366,0.0,0.0,0.08270870540445076,0.0,0.10366190901795393,0.0703159367131695,0.0,0.0,0.0,0.0932496799375122,0.07434523997297929,0.07137339986304676,0.0,0.03923649099080118,0.08885631323850936,0.07022676630892952,0.0,0.07551744474801805,0.0739249590330696,0.0,0.044520777799614414,0.07598055492516118,0.0,0.0,0.1333469753382318,0.11018150233940162,0.0,0.0,0.032074027205488534,0.0,0.07988265834581142,0.10229549191522688,0.09305729569879012,0.092940359246336,0.0,0.07435670649517007,0.0,0.06427968650219146,0.11256137646053174,0.0,0.0,0.0,0.0,0.0,0.0,0.10754595098310918,0.0,0.0,0.06895329265345572,0.09802304548553659,0.0,0.0,0.0,0.09192493205431325,0.08428041079978985,0.0,0.0,0.0,0.07242626918041314,0.09666657729236976,0.10848918171411838,0.0,0.0,0.0,0.0,0.06871295194592611,0.0,0.0,0.0,0.091914610325052,0.0,0.09797996928471756,0.1038047038399684,0.07234325413598512,0.0,0.0,0.0,0.0,0.0,0.0,0.0,0.0,0.0,0.09804399704407712,0.0759620562159341,0.0,0.0818218739576376,0.0,0.0,0.06595124089752014,0.11253754303651006,0.0,0.04415721594838001,0.0,0.0,0.05945967486382526,0.0,0.08461242136483303,0.07684834708753263,0.0,0.10635086699870673,0.0,0.0,0.0,0.0,0.0,0.0,0.0,0.09166885188949912,0.0,0.0,0.0,0.0,0.0,0.10386574951286492,0.11210872511316179,0.10809298202962059,0.09439744504920283,0.0,0.0,0.0,0.0,0.0,0.0,0.07243028040243689,0.0,0.0,0.0,0.0,0.0,0.0,0.0,0.0,0.0,0.0,0.0,0.08675958172379966,0.05607608368513788,0.08305572609125075,0.0,0.09235818662035208,0.08899526042065913,0.0,0.0,0.0,0.0,0.0,0.0,0.07986337536260028,0.0,0.09725277272188525,0.0,0.0,0.09065038701160141,0.12397671061359,0.10639947893415816,0.09219070300371485,0.08051298957127506,0.0,0.0,0.0,0.10004010300221938,0.0,0.07702230599526254,0.0,0.06915285954653548,0.09295386873061917,0.1086432184314812,0.0,0.0,0.0,0.0,0.11615284966628095,0.0,0.0,0.0,0.11550813843306518,0.0,0.0,0.0,0.09591823393278576,0.0,0.09916223357438472,0.0,0.12133239969735564,0.064194744995675,0.10346051465544606,0.0,0.0,0.0,0.0,0.0799297691275599,0.0,0.0,0.08687533675642517,0.0,0.0,0.10656949067359296,0.0,0.0,0.08014128979134949,0.056270322469986984,0.07572422720252946,0.11491655864965175,0.0,0.0,0.0,0.0,0.12072562320565758,0.0937095793589316,0.0,0.058259768584329824,0.06403835480554887,0.0,0.08770386582890632,0.0694944682061496,0.09199263880377184,0.0,0.0,0.0,0.0,0.0,0.0,0.11781304042771457,0.0,0.0,0.0,0.0,0.0,0.08007407297628495,0.10907969639247787,0.0,0.10882693180771487,0.06648353803556248,0.0,0.11613849069834138,0.12414390578071674,0.0,0.0,0.0,0.0,0.11152035734243002,0.0,0.09651373734216406,0.0,0.0,0.0,0.0,0.0,0.0,0.0,0.0,0.06064369394044319,0.0,0.0,0.0,0.0,0.08476761820685885,0.10167990901638013,0.0,0.09129041482711112,0.0,0.07663128140774417,0.0,0.0,0.10648507034997859,0.10743630508843388,0.0,0.10442851089285954,0.0,0.0,0.09894361682304588,0.07974871062496917,0.0,0.0,0.0,0.0,0.0,0.10485338547109188,0.0781203737592667,0.0,0.09055937938586289,0.0,0.0,0.0,0.06805861917132212,0.09162794493419049,0.09908874625363573,0.0,0.06915790878470698,0.0,0.0,0.0,0.0,0.0,0.08975509466441493,0.10136549084758104,0.07511684576837568,0.0,0.05083743955779747,0.0754717819703959,0.0,0.08316990054470297,0.07374371911438471,0.09675118517730699,0.0,0.10582223313937922,0.0,0.0,0.0,0.0,0.0,0.0,0.095061857551481,0.0,0.11297393933730024,0.0545943595383955,0.0,0.09993272452634527,0.08599355059031333,0.0,0.0,0.06198044460482238,0.0,0.07813361675780676,0.11384964472967231,0.0,0.0,0.10118929520906843,0.09966134630592038,0.0,0.0,0.08001244818965342,0.0,0.09577456430809828,0.07494719988742096,0.0,0.0,0.11059343097107836,0.0,0.09324320702450505,0.0,0.0,0.0,0.0,0.0,0.0,0.0,0.06066595145079467,0.0,0.0,0.08422031345408458,0.05437809934050203,0.05565640359820202,0.08215006499497686,0.0,0.0,0.08032223695353416,0.0,0.0,0.0,0.09289384099322062,0.09287218855642482,0.0,0.0,0.09838987204756387,0.0,0.045668584313639224,0.0,0.0,0.0,0.09538783986961513,0.0605122705068932,0.06468861559846065,0.0,0.08358938993647198,0.0,0.0,0.11072681441137164,0.0,0.0,0.0,0.0,0.0,0.056896825872622986,0.05542307201243972,0.0,0.0,0.0,0.079933721769514,0.0,0.09775104160703992,0.12176736963608809,0.0,0.0,0.0,0.0,0.0,0.0,0.08605805805873146,0.0,0.0,0.0,0.08955020485882133,0.0,0.0,0.0,0.0,0.0,0.0,0.0733811263116239,0.0,0.0,0.0,0.07063327838535681,0.11314839409015472,0.1160277912290052,0.0,0.0,0.0,0.06280553891667101,0.08229144043055814,0.0,0.0,0.0,0.0810850030635933,0.07964881108756973,0.0,0.11327123638317131,0.0,0.06067460844995414,0.11186446555938391,0.07722172056443062,0.08242899052493198,0.0,0.0,0.0,0.0,0.0,0.0,0.0,0.0780072368898878,0.0,0.0,0.0,0.09899095547268423,0.0,0.10455240876097514,0.0,0.0,0.0,0.0,0.0,0.09422607927496783,0.07289696069636588,0.0,0.07251413871438056,0.08620443233505382,0.0,0.0,0.0,0.0,0.0,0.0,0.0891056872198889,0.08988168228393639,0.0,0.0,0.0744812218448304,0.07281285474305856,0.06766802199509712,0.06319872884388252,0.0,0.1059107772513567,0.0,0.0,0.0,0.0,0.0,0.0,0.0,0.0,0.0,0.07382986587820675,0.0,0.0,0.09691882608069485,0.0,0.0,0.10925030980565145,0.08297562018843266,0.0,0.09715461495402544,0.0,0.060487555108311324,0.0,0.08848158115006524,0.0,0.0,0.0,0.0,0.11063781048502726,0.0,0.0,0.0,0.0,0.06250038524480771,0.0,0.0,0.09324967919384233,0.0637482920485102,0.0,0.10084247245206565,0.06486016230171031,0.0,0.0,0.0,0.0,0.10842181680078133,0.0,0.0,0.0,0.09295681192302317,0.07695004911860576,0.0,0.0816167144108822,0.0,0.0,0.0,0.0,0.0,0.0,0.08885348873870141,0.06843720940092164,0.10006847241633962,0.07167937547480961,0.0,0.0,0.0,0.0,0.0,0.0,0.0,0.06216530303349804,0.07985510830542351,0.0,0.0,0.0,0.13047676183655924,0.0,0.10330003661289695,0.07254837805920739,0.047938728221196075,0.0,0.07744945831333663,0.07663877074340544,0.0,0.0,0.0,0.0,0.0,0.0,0.0,0.11176543094052985,0.0779140847088613,0.0,0.0,0.0,0.0,0.0,0.0,0.10162679676311583,0.0,0.0,0.0,0.08842824329279378,0.08807671722245417,0.0,0.0403935979190032,0.0,0.06611932603526696,0.0,0.07740792824821152,0.0,0.0,0.07898193317207891,0.0,0.0,0.0,0.0,0.062311366113195765,0.0,0.0,0.0,0.09126689182815069,0.0540915278786745,0.0,0.0,0.08452684994566384,0.0,0.0,0.0,0.0,0.0,0.0,0.10384549797577808,0.0,0.0,0.05308278764745977,0.0,0.0,0.0,0.0,0.0,0.0,0.0,0.0,0.0,0.0,0.0,0.0,0.0852644194496609,0.062092003474321075,0.0,0.11279207686861392,0.0,0.0,0.09317893678267007,0.08299584916678156,0.12511934162121535,0.0,0.0,0.06050061971135409,0.09734870769783946,0.09449276944112742,0.0,0.06996401117030392,0.09954310734155918,0.09065981295955723,0.0741533602864563,0.0,0.06256707676102918,0.0900275397270636,0.0,0.0,0.10965205481778666,0.082256852377028,0.0,0.0,0.04602594012741356,0.0616016724671436,0.0,0.10021093041561939,0.0,0.0,0.09918506653947247,0.0,0.0,0.07174760570546297,0.0,0.0,0.0,0.09255777326442605,0.0,0.0,0.07514836460752325,0.06458603478617182,0.07202568413932431,0.09211896879465573,0.0,0.0,0.0,0.0,0.04863692907563697,0.0,0.0,0.0,0.0,0.06174085143192944,0.0,0.0,0.0,0.0904618012261319,0.0,0.0,0.0,0.0,0.0872382463946321,0.0,0.0,0.08836191102018914,0.08670604997289186,0.0,0.13211275020460034,0.0,0.0,0.0,0.0,0.11104755807026731,0.0,0.0,0.10030113931591686,0.0,0.0,0.0,0.0,0.0,0.0,0.05771181459902853,0.09926737741039843,0.0,0.0,0.11954061312404668,0.0,0.0890363194986921,0.0,0.0,0.0,0.1399480509180098,0.08287731053395518,0.0,0.11559974127103928,0.11902421447824038,0.05349165384857714,0.08222531873094173,0.09828907087542156,0.0,0.0,0.0463115450686649,0.0,0.0,0.07713782211231121,0.0,0.0,0.09376926599950035,0.0,0.0,0.0,0.06578856730471683,0.0,0.08067639526153718,0.0,0.0,0.09407338780411226,0.04721645821892971,0.07745637268132202,0.07730268488292447,0.0,0.08106708385583061,0.0,0.04520767739841201,0.097181638562217,0.0,0.0,0.10478225632254558,0.08886566290151826,0.0,0.11663878100673959,0.08441741165797366,0.08833003613410927,0.0,0.0,0.07344194741324071,0.07869806266701346,0.06926008575757706,0.07951283365899993,0.09351250135678825,0.0,0.0,0.0,0.0519432326849319,0.07860059604321733,0.0786053782640592,0.0,0.0,0.0,0.0791273320883392,0.08784540584040058,0.07671086954938372,0.13967651034728706,0.0,0.0,0.0,0.0,0.0,0.09045183850246194,0.0,0.04444861018106042,0.0,0.06431603818181732,0.10768875921483348,0.0,0.0968227833709407,0.0,0.06374272904558911,0.0,0.12592065780876424,0.1038221116866974,0.0,0.03365803508269671,0.08926956048568616,0.09402906189212469,0.0,0.0,0.0,0.07929572650809032,0.0,0.05580838068926175,0.0,0.0,0.07698832185587579,0.09947783058401656,0.08173042930461671,0.07586708200470035,0.0,0.0924556204937231,0.0,0.0,0.0,0.0,0.0,0.09965942613034531,0.0,0.0724496192910118,0.07461037132935047,0.0,0.07353515405536494,0.10066033708388562,0.09956641199096665,0.07137234734815287,0.0,0.040726143972192534,0.0,0.10142088216190781,0.09340224264016875,0.0,0.0,0.0,0.0,0.0976022388869156,0.0,0.09100079357651936,0.06244769508526673,0.0,0.0,0.09824960978490227,0.0657338411820384,0.0,0.0,0.0,0.07047767531195352,0.07043283998735575,0.0904798135001272,0.0817386486372347,0.0,0.0,0.0,0.09447730691534956,0.10786539707539618,0.07906002058875036,0.0,0.0,0.07181651847895232,0.09798116247032918,0.0,0.0,0.10473817226973531,0.0,0.11782695707588417,0.0,0.0,0.07716383437922497,0.0,0.0,0.0,0.11319540694415467,0.0,0.0,0.0,0.05224171372760844,0.09425451439630893,0.0,0.09544249577828562,0.0,0.14087415254993238,0.0,0.053456069394729064,0.0,0.06166314051242749,0.0,0.11450845798893314,0.11905393140214715,0.0,0.09568386368109501,0.07643217946918623,0.09067004841275848,0.0,0.07333327291786798,0.0,0.0,0.0,0.0,0.04073612725549307,0.0,0.0,0.0,0.0,0.047124877924068366,0.0,0.10114469740226918,0.10053590881801294,0.07715839123102725,0.0,0.09838138529071655,0.0966321897834796,0.0,0.12717050543990452,0.07855212840565838,0.0,0.0,0.07225610358512416,0.0,0.0,0.0,0.07844285795613033,0.0,0.08807861944260491,0.0,0.0,0.0,0.0,0.0,0.0,0.05838789847039965,0.0,0.11306894727234457,0.10065514780642179,0.0,0.06694729196862728,0.0,0.0,0.0,0.0,0.0,0.09190749073789393,0.0,0.0,0.0
0.0,0.0,0.768264037604764,0.0,0.0,0.7338185947273941,0.0,0.0,0.0,0.0,0.0,0.0,0.7533459340846479,0.0,0.0,0.8185425262284131,0.7458163380649759,0.7552760654071666,0.7544178047197111,0.7847247719892987,0.0,0.0,0.0,0.0,0.7968084746461532,0.7476827531206728,0.0,0.0,0.0,0.0,0.7344383277315821,0.0,0.0,0.7791035980265189,0.0,0.0,0.0,0.0,0.7304824119233061,0.8092446523793506,0.7832887799504752,0.0,0.0,0.8340065001918153,0.0,0.0,0.0,0.0,0.7423920620816177,0.7205545326438527,0.0,0.0,0.8286492571046882,0.7942301085541545,0.7884595243585096,0.0,0.7616224448483226,0.0,0.7577300459029136,0.0,0.0,0.0,0.7518761765185189,0.746979957705861,0.0,0.7806781380912842,0.0,0.0,0.0,0.7543360162552911,0.0,0.0,0.7617538037167495,0.0,0.7685372713564406,0.0,0.7285837194562329,0.0,0.7160925123445667,0.7597846657724473,0.0,0.7435643155982204,0.7347917785640856,0.786098072368322,0.7895165381054283,0.8171904265938792,0.7494000219370077,0.0,0.7615351381539132,0.0,0.7540334865944873,0.0,0.0,0.0,0.0,0.0,0.0,0.7657224912334651,0.0,0.0,0.7628785279009004,0.0,0.0,0.0,0.0,0.0,0.0,0.0,0.0,0.0,0.8010743732060219,0.0,0.7940418200695656,0.0,0.7771209296731505,0.0,0.0,0.7836406870420053,0.7683738638710174,0.0,0.0,0.7283735967729235,0.7816483043578767,0.7852155992073488,0.0,0.7447045081797351,0.0,0.0,0.7855734477716949,0.0,0.0,0.0,0.0,0.0,0.0,0.7370494855024953,0.0,0.0,0.7806131030252655,0.0,0.0,0.0,0.705966525814504,0.7576799186256529,0.7906640821116255,0.0,0.0,0.0,0.0,0.7644761936351504,0.770969576775433,0.0,0.0,0.0,0.0,0.0,0.0,0.0,0.7385190407123534,0.0,0.7581807895757505,0.7952768193365471,0.8292003054493103,0.0,0.7775520649105063,0.7745833740891185,0.0,0.7665552354932632,0.8053743645805013,0.8011454171623099,0.0,0.0,0.0,0.7927145570573976,0.7089617341974522,0.75822673108495,0.0,0.0,0.0,0.0,0.0,0.7730817984877644,0.0,0.0,0.0,0.0,0.7374753313184269,0.0,0.0,0.0,0.7520721361939303,0.0,0.0,0.0,0.0,0.0,0.0,0.7665317856941668,0.7468899413889808,0.0,0.761830096402206,0.0,0.0,0.0,0.0,0.7745933509855208,0.7686284538538863,0.0,0.7807411473070321,0.0,0.0,0.0,0.7543682094542418,0.769634495306568,0.0,0.7722806408356391,0.0,0.7817767383680385,0.786335666725718,0.0,0.0,0.0,0.0,0.0,0.7623348522689708,0.7826912858990812,0.0,0.0,0.0,0.0,0.0,0.0,0.8069044650806954,0.0,0.0,0.0,0.7777916216161511,0.772439491349708,0.7395608030742019,0.0,0.0,0.0,0.0,0.0,0.7095607355846089,0.7825094700073907,0.0,0.748060164111138,0.0,0.0,0.0,0.0,0.0,0.0,0.752595097829904,0.0,0.0,0.0,0.7766326865306912,0.7460405191656293,0.8198601532337156,0.7907170681064115,0.7525822408836598,0.7464071889578073,0.0,0.7771120779236388,0.7800516759639166,0.0,0.0,0.0,0.7854956163872294,0.7907174980862633,0.7508870036042691,0.0,0.792667263291864,0.7559581478538893,0.8364748588243186,0.0,0.0,0.0,0.7858689605845088,0.0,0.7722922413675865,0.0,0.0,0.8275765467994041,0.0,0.7544869025222127,0.0,0.0,0.0,0.0,0.8089806659470647,0.78560389483885,0.0,0.0,0.0,0.0,0.0,0.0,0.7565014701546326,0.0,0.0,0.7574971641230531,0.7600959273877927,0.0,0.7886462473328255,0.7616321156227966,0.0,0.7564261381494235,0.8156320365135499,0.7915381372588483,0.0,0.0,0.0,0.0,0.7564717477413719,0.7874257538786398,0.0,0.0,0.0,0.7904856530814751,0.0,0.0,0.0,0.0,0.0,0.748819924417925,0.0,0.0,0.7459272457612757,0.0,0.0,0.7513773101735933,0.0,0.0,0.0,0.0,0.0,0.0,0.0,0.7487984056112822,0.7526999343389964,0.0,0.0,0.0,0.7931858605810055,0.0,0.8237363204780785,0.0,0.0,0.0,0.0,0.0,0.718615144699035,0.0,0.0,0.0,0.7933470152897476,0.0,0.0,0.7967271596360017,0.7749607905619966,0.0,0.7358052841194263,0.0,0.0,0.0,0.0,0.7635954801589002,0.7429750584014106,0.0,0.0,0.7623425554633506,0.762633449133348,0.7434495448488914,0.0,0.7611033302207836,0.7791687198217464,0.0,0.0,0.0,0.0,0.0,0.0,0.7816681597489026,0.7366679947574968,0.0,0.7615222441330092,0.0,0.7483509905758678,0.0,0.780787309945557,0.0,0.0,0.0,0.7815635155797678,0.7774246572283475,0.0,0.0,0.0,0.774534070464502,0.7854136827076027,0.0,0.7854749658532884,0.0,0.0,0.0,0.0,0.0,0.7622738100647846,0.0,0.0,0.0,0.0,0.0,0.0,0.0,0.7992341118004844,0.7907507537352247,0.0,0.0,0.0,0.0,0.0,0.7632064473904017,0.0,0.7963942135621808,0.754086430185507,0.0,0.7954075333647832,0.0,0.0,0.0,0.0,0.0,0.0,0.0,0.0,0.0,0.0,0.0,0.7676640418548583,0.0,0.7902204599069926,0.0,0.7338229933525373,0.0,0.7536443011802446,0.0,0.7794239455819562,0.7586473347798478,0.0,0.0,0.0,0.0,0.7881267907568552,0.7140044483211379,0.0,0.7955358611876534,0.7489959110785106,0.0,0.709756657988477,0.0,0.7942906069974911,0.0,0.0,0.760586570580006,0.0,0.0,0.0,0.8155674714625555,0.0,0.0,0.7402542381493377,0.7750818290636832,0.7643409303346097,0.7859028265774145,0.7315230558338784,0.7597697211688244,0.7823244022201075,0.0,0.0,0.8201555686102483,0.770496497126695,0.7489211812159787,0.0,0.0,0.0,0.7440121406339855,0.0,0.0,0.7449981464367139,0.0,0.7953064950848916,0.7750238640162913,0.0,0.0,0.7803670838779083,0.0,0.0,0.0,0.0,0.0,0.0,0.7661197657022445,0.0,0.786749317283294,0.0,0.0,0.8003802517587792,0.0,0.0,0.0,0.0,0.7437841363041957,0.0,0.7397456197783914,0.7344286821413509,0.0,0.7877842155912813,0.8248076641811566,0.0,0.8268620014773749,0.0,0.0,0.0,0.0,0.0,0.0,0.0,0.0,0.7650096729330089,0.0,0.0,0.0,0.0,0.0,0.0,0.0,0.0,0.0,0.822007359247304,0.7865588129666837,0.0,0.0,0.0,0.0,0.0,0.0,0.7609695088452465,0.7670146167725854,0.0,0.0,0.0,0.7460471216047807,0.0,0.7805206728312835,0.7702368439190875,0.0,0.0,0.7545931586040018,0.0,0.0,0.0,0.0,0.0,0.0,0.0,0.0,0.0,0.7542113020498123,0.0,0.786255226606741,0.0,0.7606215981655692,0.0,0.785368099601808,0.0,0.0,0.0,0.0,0.7599085538032263,0.8106470076443082,0.0,0.7745653929313214,0.0,0.8022849989175845,0.7328652372518701,0.0,0.0,0.7900839975913438,0.0,0.7515004364068026,0.7976730888060418,0.766909313060564,0.0,0.7913277037050981,0.7445848160192133,0.7507448473913259,0.0,0.0,0.0,0.0,0.0,0.8020532821293824,0.8447279851990638,0.0,0.0,0.0,0.0,0.7322874688469299,0.0,0.0,0.0,0.7674566320204419,0.7026207885067688,0.0,0.8312011861229754,0.0,0.0,0.0,0.0,0.0,0.0,0.0,0.0,0.0,0.0,0.0,0.8013205319714388,0.8081199247090203,0.0,0.7568451757934083,0.0,0.0,0.7512956521608122,0.7163851324898691,0.0,0.7911659717228341,0.0,0.0,0.7868442785455798,0.0,0.7328119279262753,0.0,0.0,0.7720340563334916,0.7996330153742278,0.0,0.7617765644496272,0.0,0.0,0.8182712784868543,0.7636557950231787,0.0,0.0,0.7630445912098894,0.0,0.0,0.7834441916757028,0.0,0.0,0.7209095579962643,0.0,0.7826639127758095,0.7661479479989596,0.0,0.0,0.0,0.775664228051934,0.0,0.760596389170491,0.7600071513760489,0.7623244620929438,0.0,0.7683811706214161,0.0,0.7713030005713152,0.0,0.7771750663118496,0.7874345952459787,0.0,0.0,0.0,0.7821748306293046,0.0,0.7815396794382398,0.0,0.0,0.0,0.0,0.0,0.0,0.7706421930219727,0.8157352708804843,0.7744317670456433,0.7500739437609407,0.0,0.0,0.819119709041809,0.7583770716747705,0.7720531773133494,0.0,0.0,0.8131089674738582,0.0,0.0,0.7409054379140564,0.7916653907130398,0.0,0.0,0.0,0.0,0.0,0.0,0.0,0.0,0.0,0.7561251608566291,0.0,0.0,0.7390499969743136,0.0,0.0,0.0,0.0,0.764245558462538,0.0,0.0,0.7917689230478785,0.0,0.0,0.0,0.0,0.7166392588334608,0.0,0.7225039477249711,0.0,0.0,0.7784662343638864,0.0,0.7886587283869633,0.0,0.0,0.0,0.7343701847814136,0.73619204532501,0.0,0.0,0.790398070800609,0.7310431080399159,0.0,0.7519491884352225,0.7709384265503867,0.0,0.0,0.0,0.0,0.0,0.0,0.7762854295813933,0.0,0.7732772520823119,0.7443141055467092,0.8157645340634962,0.8094765755485671,0.0,0.0,0.0,0.0,0.0,0.0,0.7693577850971697,0.7782568604375363,0.7870556535772271,0.0,0.7681748159613488,0.7210319442169499,0.0,0.0,0.7509811984101677,0.7682278816802871,0.0,0.0,0.0,0.7593079556779186,0.0,0.0,0.0,0.0,0.0,0.0,0.0,0.0,0.7597056802919769,0.0,0.0,0.0,0.0,0.0,0.0,0.7427500324390605,0.0,0.0,0.0,0.0,0.0,0.0,0.0,0.0,0.808476615535917,0.0,0.0,0.0,0.812352889188972,0.7656411461358807,0.0,0.7940310081822055,0.0,0.0,0.0,0.0,0.0,0.7753583641258788,0.80747158535955,0.0,0.0,0.7709750105531037,0.7602944980977351,0.0,0.0,0.7490955178191633,0.0,0.0,0.0,0.0,0.775268394925752,0.0,0.0,0.7892771043917279,0.0,0.0,0.0,0.0,0.7937132672652298,0.0,0.7610328743752032,0.7855819378523092,0.764042805656251,0.7973223078760358,0.0,0.0,0.8079145583168256,0.0,0.0,0.7245984255321659,0.0,0.0,0.76583771089753,0.0,0.7113874601129438,0.0,0.7531246706380962,0.0,0.0,0.0,0.0,0.0,0.0,0.0,0.0,0.0,0.7966596602946676,0.0,0.0,0.7586598253778715,0.0,0.0,0.804591943962106,0.7772537696435425,0.7640921746991189,0.0,0.0,0.7692033144996727,0.0,0.7716460510421238,0.7674156193250036,0.0,0.0,0.7508690027235495,0.0,0.0,0.7682520715299545,0.0,0.0,0.0,0.0,0.0,0.0,0.0,0.0,0.7173416019331342,0.0,0.0,0.0,0.0,0.0,0.0,0.0,0.0,0.0,0.7389610661909634,0.0,0.7405075965778276,0.0,0.0,0.0,0.0,0.0,0.7248452281225171,0.0,0.0,0.7558783843001944,0.7414497789088363,0.0,0.0,0.8224373179941488,0.0,0.0,0.0,0.7645268055960827,0.0,0.0,0.7674308707234592,0.7425437669756304,0.0,0.0,0.0,0.7787742792300208,0.0,0.783768672355133,0.0,0.0,0.0,0.0,0.0,0.0,0.0,0.8237736917940806,0.0,0.0,0.0,0.0,0.0,0.7395202021771435,0.0,0.0,0.0,0.0,0.0,0.0,0.0,0.8062823067981592,0.0,0.7692410238808279,0.0,0.0,0.0,0.7509685802749814,0.0,0.7491506235525472,0.0,0.0,0.7337393670393336,0.0,0.7309917536283246,0.0,0.0,0.7559217914627031,0.790724758318072,0.0,0.0,0.0,0.742239673060567,0.8144636381969003,0.7504316555654715,0.7883666742257874,0.0,0.0,0.7472301848577853,0.7577379578242813,0.7598176532874757,0.0,0.7913889879403475,0.7687334116324496,0.8284548573106834,0.0,0.77672885507064,0.0
0.0,0.0,0.05257319429248579,0.0,0.08063478952015808,0.0,0.0,0.0,0.06295997775616846,0.0693212113341979,0.0,0.0605513196927383,0.0,0.06234456613092306,0.06307094152919816,0.06753859119455252,0.0,0.0,0.0,0.07066772236135761,0.06201969626628191,0.05272464534849856,0.07511202829593433,0.0,0.09196944668639939,0.05426611275730559,0.0,0.0,0.04724850381784079,0.0790486104377288,0.0,0.0,0.059011798423955805,0.06346694879358294,0.041288401782923125,0.0,0.08360900849212347,0.0,0.0,0.0,0.059225636645597476,0.0,0.0,0.0,0.05824980252372419,0.11009368550514319,0.0,0.0,0.0,0.08340440470499919,0.05379905657734888,0.0,0.0,0.03640027991243739,0.0,0.0,0.0,0.0,0.07657272727532512,0.07305425926368143,0.0,0.04568387388346644,0.0,0.0,0.0,0.05800071036890831,0.04124173763377242,0.0,0.0,0.07936516617178511,0.0,0.09285008589747874,0.04724586919162789,0.10224467539009732,0.0,0.0,0.053761459987376504,0.0,0.0,0.0,0.0,0.062485353374948746,0.06621781325072745,0.0,0.0,0.0,0.0939504946464651,0.0,0.0,0.06710646761072539,0.0,0.07683792550315623,0.0,0.0,0.0,0.0,0.09302876003269131,0.0,0.0,0.05846761187404104,0.07408415995020312,0.09494153343844411,0.0,0.0,0.0,0.0,0.0,0.0,0.0685365162143873,0.0,0.0,0.0,0.10017636103709916,0.0,0.0,0.0,0.06263212714965584,0.0,0.0,0.0,0.04279257260391245,0.0,0.0,0.0,0.09367341687309279,0.0,0.0,0.09825441679200633,0.0,0.09712120533316146,0.0,0.0,0.09233521893883008,0.07332655457266093,0.0,0.0,0.07564226440835718,0.0,0.0,0.0,0.0,0.07258768896888688,0.06490359903539135,0.0,0.07051020383016053,0.0,0.0,0.0,0.0,0.029501240023441407,0.0,0.0,0.046064930021914446,0.0,0.0,0.0404717093132813,0.0,0.0,0.0925418728160637,0.05555777060263335,0.0,0.0,0.0,0.0,0.0,0.08897082934902864,0.0,0.07205506463135872,0.0,0.0,0.0,0.09737008377173385,0.07749835147101175,0.06729951591426335,0.09224572314085583,0.08317406358685375,0.0,0.08269764236517729,0.0,0.07247721208566649,0.0,0.0,0.0881804049813922,0.0,0.0,0.0,0.05789724159793395,0.0,0.0,0.08768299313927125,0.0,0.0,0.02778395701884283,0.08969018406353728,0.0,0.0,0.11633434888178248,0.0736466152236328,0.0,0.0,0.051059834180812495,0.0,0.0,0.0,0.0,0.0,0.08056011327984419,0.0,0.07695701508441925,0.07892932683118109,0.0,0.03240811641756694,0.0,0.0,0.0,0.0,0.0,0.08481054882422281,0.11400909625481392,0.07348273288736541,0.0,0.0,0.0,0.0,0.0,0.10424591586290875,0.0,0.0,0.0,0.0,0.06164259133168805,0.07056049616117673,0.0,0.07156947482777559,0.058246509800852046,0.05837429923716676,0.05422219309345204,0.0,0.0,0.0,0.0,0.06649925127357043,0.025340501010888018,0.0493299097921964,0.0,0.0,0.0,0.0412790104216917,0.0,0.0,0.0,0.0,0.0,0.0,0.06570123035496496,0.07608818440545091,0.06328942975631331,0.0,0.0,0.0,0.0,0.07164644930633597,0.0938659349055666,0.07575589648592272,0.0,0.0,0.06458297347516123,0.07791808885670652,0.0,0.08092129721568339,0.0830152591223976,0.0,0.0,0.0,0.0,0.07927677030629113,0.0,0.0,0.0,0.0,0.0977212500164047,0.08127268499627113,0.08068434632331246,0.0,0.07203190411190173,0.0,0.04022688403613244,0.0,0.06304804717264158,0.0,0.0,0.0,0.0,0.0,0.0,0.0,0.0,0.0,0.0,0.0,0.01764668300296253,0.0,0.0,0.0,0.04709685632070956,0.0,0.08538078727681464,0.0,0.0,0.07978613764664477,0.06336768802106392,0.08517059798422835,0.0,0.0,0.0,0.0766391571971964,0.07099443895657821,0.0,0.0,0.0,0.08554218184207095,0.0,0.0,0.053884760894185126,0.0,0.0,0.0,0.0,0.08390957346157403,0.08745750644236046,0.0,0.0,0.0,0.0,0.0,0.0,0.07576340676335794,0.061285077861242994,0.07169431790768839,0.06138122293628195,0.049827077351310936,0.0,0.0,0.0,0.0,0.0,0.0,0.0,0.0,0.08817441459353055,0.0,0.0,0.0,0.0,0.0,0.0,0.0,0.04834929628240775,0.04421073593277766,0.0,0.0,0.06404705196816494,0.0,0.09795899561447549,0.0,0.08157098905011184,0.0,0.0909997612975987,0.0816920090692418,0.0,0.06863137598591004,0.07733538984657538,0.0,0.0,0.08739581055600756,0.09800931233071616,0.08076753600076114,0.0,0.0,0.0,0.0,0.0,0.04893980848708664,0.0,0.04379856568407944,0.06366420098590865,0.0,0.0,0.0,0.0,0.0,0.0,0.0,0.0,0.03176029273536973,0.02559618562666461,0.0,0.03637215124274176,0.0,0.0,0.05144590372698018,0.11336714210737404,0.07819831455242397,0.0,0.0,0.06076112650056661,0.0,0.0,0.05882626998129335,0.06604314718655255,0.0,0.05577030006482398,0.0,0.05218739951703966,0.0,0.051902385566181576,0.07637208644667362,0.0,0.0,0.05363354556247578,0.0,0.0,0.0,0.0,0.0,0.0,0.0,0.04550447353805681,0.0,0.05265647869715039,0.07823721930393226,0.0,0.0,0.0,0.0,0.0,0.0789801031719575,0.018326052578470475,0.04938826073569577,0.0,0.0,0.09415235953853268,0.039076689583806334,0.0,0.0859999863433737,0.0,0.0,0.0,0.07794924023258087,0.0,0.0,0.041277110677585764,0.0,0.09008515558906632,0.0,0.09561761477141743,0.0,0.0,0.0,0.0,0.0,0.06250790926103579,0.06537800654251953,0.0,0.03864578055116971,0.0,0.0,0.0,0.0801701626637189,0.05757454123709995,0.0,0.04502293814318717,0.0,0.06960788668140491,0.0,0.0,0.07345539351518975,0.0,0.0,0.06890413140444254,0.08604692962548942,0.0,0.0,0.05497993900461749,0.0,0.0,0.0,0.0,0.08053026138931992,0.0,0.0,0.0,0.0,0.0,0.05654668170778682,0.0,0.07038777471960136,0.08185134960874464,0.0861120213497123,0.06765060118976746,0.06139287220130141,0.0,0.0,0.0,0.0,0.0,0.0,0.0,0.0,0.05842676917259489,0.0,0.0,0.0,0.0,0.09341940965169303,0.0,0.0,0.0,0.0,0.09782944852120633,0.07288565354848614,0.0,0.0,0.0,0.0,0.08537502886448828,0.0,0.06247410145395071,0.0,0.0,0.0,0.08351534858074451,0.0,0.0,0.07906433397451207,0.062198025517938946,0.0,0.0,0.0,0.0,0.0,0.0,0.0,0.05190351606315285,0.07056350815345461,0.0,0.050174887831807596,0.0,0.0,0.07856782661305388,0.0507954371288369,0.0,0.0,0.08193861249408421,0.0,0.06329166647413627,0.0,0.040452178561773855,0.08276047034932951,0.0,0.0,0.06404730300538272,0.0,0.0,0.0,0.08529079735526718,0.0,0.0,0.0,0.07862378501636366,0.05283505099646573,0.0,0.0,0.09907571650605923,0.10128651552809861,0.0,0.0,0.0,0.05041747452462624,0.0,0.0,0.0,0.07271141748374325,0.0,0.0,0.05873569734659371,0.0,0.06406974798447225,0.0,0.0,0.08985785512664556,0.0,0.0,0.0,0.053401820245166626,0.0,0.0,0.0,0.0,0.0,0.0,0.06925467294637608,0.09722070385467824,0.0,0.0,0.0,0.0,0.09963756755766912,0.0,0.0,0.0,0.0,0.0,0.06473717085426667,0.06160924839316068,0.08598902531221378,0.048831411921888807,0.0,0.04349027709840677,0.0521677949205913,0.0,0.0,0.07019748702697326,0.06684473355558673,0.0,0.07214059297210659,0.0,0.06052873046378468,0.0798250198725939,0.055621718985449334,0.04776591674746636,0.0,0.049215315167229094,0.0,0.0,0.0,0.0,0.06176076260278137,0.09289293671567851,0.0,0.0,0.06514301674906792,0.07571244280287967,0.08336362142425667,0.08104720338649754,0.0,0.0,0.06217679633986776,0.06448884343712213,0.0,0.0,0.0,0.0,0.0,0.058947463727519,0.0,0.0,0.0,0.0,0.08128446028509723,0.04287643634814884,0.0,0.0881583156845606,0.0,0.0,0.05064796200003514,0.0,0.06485264528573889,0.06832863238545833,0.08960115195397872,0.02986114871215624,0.0,0.0,0.0,0.07345412687173539,0.07324145737086574,0.0,0.0,0.06828172619988729,0.09180550925448647,0.0,0.07367795392385913,0.0,0.0,0.03878254928690856,0.05731811216864998,0.05777555773392635,0.0,0.06615254802178598,0.0,0.06490493558229185,0.09622097262424245,0.054277616828658,0.0,0.07444823376986888,0.05695748226820196,0.04768322474035798,0.0,0.0,0.0,0.060759625631119654,0.0,0.0,0.08233617526917406,0.06112131468565446,0.0,0.0,0.09309157442958867,0.025188472532334444,0.0,0.0,0.0,0.0,0.0,0.08486281533807363,0.0,0.0,0.056502106991190244,0.02293669776119916,0.0,0.0,0.08827602866587872,0.0,0.0,0.07321637986710076,0.0,0.0,0.0,0.0,0.0,0.08341004340921888,0.0,0.0,0.07476699345837168,0.023000417689677442,0.0,0.0,0.0,0.0,0.06552978239947221,0.0,0.0,0.0,0.05280018987366393,0.07097608588431303,0.06456219945416959,0.0,0.0,0.09944804137573374,0.0,0.07669118982190748,0.0,0.0,0.09132286847441864,0.0,0.0,0.0,0.0,0.0,0.0,0.0,0.07130327132054205,0.0,0.0,0.07349614843046288,0.03785323763479548,0.0,0.0,0.07957619523451857,0.0,0.05721790249300633,0.0,0.0,0.05161700851126716,0.0,0.0,0.0,0.07317469951180505,0.04436109918415862,0.0,0.06408197065077058,0.0,0.0,0.10771639598051841,0.0672951055381886,0.0,0.09405310429674335,0.0,0.0841586520904168,0.0,0.07023673886652984,0.0,0.0,0.0,0.0,0.10219884416025606,0.0,0.0,0.05481560170031708,0.0,0.08600175160941871,0.0,0.0,0.10435291214435671,0.0,0.0,0.0,0.0,0.0,0.0,0.0,0.0,0.0,0.06319035971153122,0.0,0.0,0.0,0.0,0.0,0.0,0.0,0.0,0.0,0.0,0.0,0.0,0.0,0.0,0.06353210406506746,0.0807113634862596,0.1094797353307737,0.0,0.0,0.0,0.07731343559314918,0.0,0.0,0.06192877595571106,0.0,0.06796709135630297,0.0664300809724546,0.0,0.0,0.057700301489659545,0.046013084174646085,0.0,0.05500935493278125,0.0,0.0,0.09310216643634271,0.0,0.0,0.0,0.0,0.08247797199408083,0.06334159020934359,0.0,0.0,0.0,0.0,0.0,0.054107179298843566,0.06040317621967386,0.0,0.0,0.0,0.05969955889178025,0.09108553660609989,0.06325889425733486,0.07631574700947953,0.0,0.0,0.07906699584741261,0.0,0.0,0.0,0.0,0.0,0.0,0.0,0.03322281214751098,0.0496517621091086,0.0,0.059390798896712844,0.0,0.10046313444392331,0.0,0.0,0.0,0.06982819432244945,0.0,0.0,0.0,0.0,0.0,0.0,0.0,0.08733576495550498,0.07179838020458984,0.0,0.0,0.0,0.07650873169109482,0.0,0.0,0.0,0.0,0.0,0.0,0.0,0.0,0.0,0.0,0.0,0.0,0.0,0.09460201245374328,0.0,0.0623567875450946,0.058479698042037315,0.0,0.0,0.07905564726364835,0.059073449997614644,0.06355947977465307,0.0,0.0,0.08973692143630058,0.0,0.0,0.0,0.0,0.0,0.0,0.059220979098294976,0.0,0.0,0.0,0.0,0.0,0.0,0.03920497377537662,0.06590355680372434,0.06223583825801107,0.0,0.0,0.0,0.08793755913215816,0.0,0.06838159866942814,0.0,0.06480603725871353,0.0,0.0,0.0,0.05926517641844343,0.0,0.0,0.0,0.1138433409036837,0.0,0.0,0.07128797615894748,0.0,0.0,0.0,0.08122245114568934,0.0,0.10278735459168879,0.08098627888845122,0.06011806105660722,0.0,0.08317280707887607,0.04254095975013833,0.06938463798125484,0.0,0.04702521411252426,0.07495693557194896,0.0,0.0,0.0,0.0,0.0,0.0,0.0,0.0,0.0,0.0,0.08464699774652615,0.03804519348082413,0.0,0.03838746938995167,0.0,0.0,0.0,0.0771224920041377,0.09220499134171889,0.06292034377746888,0.0,0.0
0.0,0.0,0.0,0.0,0.873153882650145,0.0,0.0,0.0,0.0,0.0,0.0,0.0,0.0,0.0,0.8509943111613228,0.8739395890901849,0.0,0.0,0.0,0.8722510761472916,0.886175714088078,0.0,0.0,0.0,0.866206630110047,0.0,0.8597453748072444,0.0,0.0,0.8943024257076851,0.0,0.0,0.0,0.0,0.8364988812226539,0.0,0.0,0.8504674155140116,0.0,0.0,0.8826490064975667,0.0,0.0,0.0,0.8765538413489651,0.8688352753130583,0.8644105464531131,0.0,0.0,0.0,0.8350670588051531,0.0,0.8338303921281329,0.0,0.0,0.0,0.8632399558244063,0.8645743937894922,0.8733231898772517,0.868337772943865,0.0,0.0,0.0,0.0,0.0,0.8589015722851127,0.8073936670857029,0.856426930355278,0.8697750257168625,0.0,0.8607629594878786,0.0,0.8943123810387053,0.8723967975954846,0.0,0.0,0.8923334053571762,0.0,0.0,0.0,0.0,0.0,0.883884652791984,0.8809529882899692,0.8531611614761448,0.8946473616793887,0.0,0.8597986152628613,0.0,0.0,0.8749492657436908,0.8867583172693501,0.0,0.8879144519022949,0.0,0.8936077224943134,0.8516151909617431,0.0,0.0,0.8868493218494699,0.0,0.8851571599656517,0.0,0.0,0.0,0.0,0.0,0.0,0.0,0.0,0.8852789055885076,0.8665764827309052,0.8578168370378506,0.8867200624777366,0.8516787260658739,0.8685002150333333,0.0,0.0,0.0,0.0,0.8390588003516514,0.0,0.0,0.8710569385250684,0.855802246382975,0.8527537559277992,0.0,0.0,0.0,0.0,0.8790420104394472,0.0,0.0,0.879770294029422,0.0,0.0,0.8424492222605658,0.0,0.856580778394235,0.0,0.8745651490076527,0.0,0.9060524895190742,0.0,0.8699818634284039,0.0,0.8704649421901163,0.0,0.8932961330966166,0.0,0.8676157269944498,0.0,0.8665341556267184,0.0,0.8610446197392321,0.0,0.0,0.0,0.8947096752567288,0.0,0.8653335887018804,0.828504689349695,0.8447331024033558,0.8892996760308454,0.0,0.8608142340355632,0.8651039368406988,0.8905118479112323,0.8511071516092635,0.9014515910820546,0.8609651756931189,0.0,0.8654059866980305,0.0,0.0,0.0,0.884109863745941,0.0,0.0,0.0,0.863463541540292,0.0,0.0,0.0,0.8776229121036654,0.0,0.8739608033783468,0.0,0.0,0.8886416800015497,0.0,0.8647627953406084,0.0,0.0,0.0,0.0,0.0,0.0,0.8561560974848802,0.8716704671562421,0.8980799800341343,0.0,0.8445203763542914,0.0,0.8856320640284314,0.8854215342527118,0.0,0.0,0.0,0.0,0.0,0.8836740792371423,0.0,0.0,0.0,0.0,0.9001322435218593,0.0,0.0,0.0,0.0,0.0,0.0,0.0,0.8544467921850757,0.8821134370137389,0.0,0.0,0.0,0.8934734892694897,0.8652359018545341,0.0,0.8433256852308688,0.0,0.8471341593579328,0.8812748385405211,0.8312545231785833,0.0,0.8857800677947328,0.0,0.0,0.0,0.837623815641114,0.8578098480186445,0.0,0.8676769988980203,0.0,0.8666642476357014,0.0,0.0,0.0,0.0,0.0,0.8791140876456874,0.9031063121514749,0.8682326264892973,0.0,0.0,0.0,0.8836279944708936,0.8754840006138249,0.8962497683905618,0.0,0.0,0.864856799956653,0.8631468990453037,0.8651779915393787,0.0,0.8500287941421225,0.0,0.8796753870402165,0.0,0.0,0.0,0.8670114533321497,0.0,0.8381514329681286,0.0,0.0,0.0,0.0,0.0,0.0,0.8683397370310467,0.8762308738074132,0.8663990229749446,0.0,0.0,0.0,0.0,0.8737632959360717,0.0,0.8667234948180077,0.0,0.0,0.0,0.0,0.0,0.0,0.0,0.8456630924323673,0.8910083259282975,0.9008816422685171,0.8855867001655557,0.850789745957561,0.8697053705286851,0.8670514700630715,0.0,0.0,0.0,0.0,0.0,0.0,0.8517237958389495,0.0,0.0,0.0,0.9013250863993608,0.8903208069119994,0.0,0.0,0.0,0.0,0.0,0.9037109434428259,0.0,0.0,0.0,0.0,0.8666395691656308,0.0,0.0,0.0,0.0,0.0,0.8761402771908319,0.0,0.0,0.8490486037960735,0.0,0.0,0.8590009594738914,0.0,0.8735008623012375,0.8737462444079823,0.0,0.0,0.0,0.8685710566010557,0.0,0.0,0.0,0.8802274766835733,0.0,0.0,0.0,0.0,0.0,0.0,0.8786491499242598,0.0,0.8784116678865695,0.0,0.0,0.0,0.8821364988078665,0.8318493751228827,0.8652130652188408,0.884255875417454,0.864130382451889,0.883616754016083,0.0,0.0,0.0,0.868867618637793,0.8845438690098895,0.0,0.875788273224863,0.0,0.0,0.8417564746150974,0.9087091602677468,0.0,0.8678644460083174,0.0,0.8423188360382313,0.8760818578850663,0.0,0.0,0.8724580593142748,0.0,0.8578060801748986,0.0,0.0,0.0,0.87401872995207,0.0,0.0,0.0,0.0,0.0,0.0,0.0,0.8744598537177423,0.0,0.0,0.8493177304425229,0.0,0.9012210692245598,0.0,0.9112888079409864,0.0,0.0,0.871020848320345,0.8509438627075775,0.8434465522383202,0.8648377078682439,0.0,0.0,0.0,0.0,0.0,0.0,0.0,0.8639938996009234,0.8662950757349555,0.8709596955630978,0.843218473556415,0.0,0.849527745707434,0.852627632564997,0.0,0.8645169231504847,0.0,0.0,0.0,0.0,0.8569613053551879,0.0,0.8993358012564967,0.0,0.9038576283156357,0.894844452462357,0.0,0.8942686162846081,0.0,0.0,0.0,0.8647893888527732,0.0,0.0,0.8560314346039116,0.868578341011336,0.0,0.0,0.8982874766770615,0.8627765607866079,0.0,0.0,0.8802466647534453,0.0,0.8384772621938459,0.0,0.0,0.8477630671652264,0.0,0.0,0.8743804700077227,0.888572335294457,0.0,0.0,0.8863690960298133,0.0,0.8816910810171458,0.0,0.0,0.0,0.0,0.8417895541111012,0.8840648002451489,0.8590999616956038,0.0,0.0,0.8439882048641326,0.0,0.9071562008810898,0.0,0.8865184790277783,0.8707336701138357,0.0,0.0,0.8842748244848505,0.0,0.0,0.0,0.8718983059823419,0.0,0.8760580020462841,0.0,0.8949453762025783,0.8390051783473601,0.0,0.8499116700226835,0.0,0.0,0.0,0.0,0.0,0.8429343213792571,0.8745977688009564,0.8636009996875949,0.8623623325290263,0.0,0.8563315616000985,0.0,0.0,0.8646671641637618,0.0,0.8776787315039491,0.8639135577147953,0.0,0.8601994951405599,0.8893316556367078,0.8629579915671424,0.0,0.8985214176309432,0.0,0.0,0.0,0.0,0.0,0.0,0.0,0.0,0.0,0.0,0.0,0.0,0.8649204921862296,0.8920796363695787,0.0,0.8777617458532865,0.0,0.8843072140817925,0.8711826665794941,0.0,0.8532737474861692,0.0,0.0,0.0,0.0,0.8691517844645716,0.914437814919316,0.0,0.0,0.0,0.0,0.8503191961974912,0.0,0.8615288208925169,0.8682774720196273,0.869651682728916,0.8770473584001862,0.0,0.8657854451558586,0.8921518787303825,0.0,0.8487172436035466,0.8470290601324106,0.8513509483152356,0.8392843798719055,0.8734731513148928,0.0,0.0,0.8810895663704915,0.0,0.8860951669554318,0.8515319087417811,0.0,0.8675961961893388,0.0,0.0,0.8591982364166271,0.8327450970092173,0.8827556879563719,0.8895875679674331,0.0,0.0,0.0,0.0,0.0,0.0,0.8869152244025945,0.0,0.0,0.0,0.0,0.0,0.0,0.0,0.862941852075951,0.8775741838042169,0.0,0.8622909933430244,0.0,0.0,0.8523919498602115,0.866147983608184,0.0,0.0,0.0,0.0,0.0,0.8632187454873314,0.0,0.0,0.0,0.0,0.8855303964182687,0.0,0.0,0.0,0.8793382385009518,0.8922637837698284,0.872293604202996,0.881511672068626,0.0,0.0,0.8985186438486106,0.0,0.0,0.8806969728520381,0.8443375349257691,0.8822504299422811,0.0,0.0,0.0,0.0,0.0,0.0,0.0,0.0,0.0,0.8689870894342917,0.0,0.8909865356373836,0.8896237159557361,0.8566102245040335,0.8477311113510274,0.8829759450433944,0.0,0.0,0.0,0.0,0.0,0.0,0.0,0.8845008395239865,0.0,0.8746844649792249,0.855946024145415,0.0,0.0,0.0,0.0,0.0,0.0,0.0,0.0,0.8917399025286298,0.0,0.8969727647160213,0.0,0.0,0.8747044917635891,0.8716868366552242,0.0,0.8841574963465724,0.8661821272637311,0.0,0.8756824929210149,0.85515767901939,0.0,0.0,0.871226792031336,0.0,0.8717597813289635,0.0,0.8629204674824899,0.8792283532642611,0.0,0.0,0.0,0.8445088666865229,0.0,0.8493605870268641,0.0,0.8406006852907717,0.8528063144465345,0.8645395640087788,0.8566838012723872,0.0,0.0,0.877289344911612,0.0,0.0,0.8832322093164459,0.0,0.0,0.8685136302589062,0.0,0.0,0.8378345230977301,0.0,0.8624291272015808,0.0,0.0,0.0,0.8570843795070754,0.0,0.0,0.0,0.0,0.0,0.8806411498912663,0.0,0.8590437120057376,0.8778607589964302,0.0,0.0,0.858320056364267,0.9060669315710101,0.8578174345064236,0.0,0.0,0.0,0.0,0.8696545899586713,0.0,0.8591328994153985,0.8680895505415781,0.8646796759665962,0.0,0.8589861957310007,0.0,0.0,0.90108221628201,0.0,0.0,0.0,0.0,0.0,0.0,0.0,0.0,0.0,0.0,0.0,0.0,0.0,0.0,0.0,0.0,0.8856385531146967,0.8727821676935164,0.8351341459083561,0.887482259829477,0.0,0.0,0.0,0.0,0.8650418266162498,0.0,0.8619239641402459,0.0,0.8779330374152526,0.8549293530061958,0.0,0.0,0.8782658791436898,0.8793141403278317,0.8638713282756046,0.0,0.0,0.8463029219414496,0.0,0.8610179260661717,0.0,0.0,0.0,0.9170308406283406,0.8567599198930338,0.8755665903108224,0.8412763709556994,0.0,0.0,0.8613187019281008,0.0,0.0,0.0,0.0,0.0,0.0,0.0,0.0,0.0,0.0,0.0,0.0,0.0,0.8826346184535934,0.8322343671149867,0.0,0.8687751836089633,0.8717720403255651,0.8594068067365689,0.8578304838295062,0.0,0.8605518483906158,0.0,0.8548055420830529,0.0,0.8550580476257549,0.0,0.8587286919537426,0.0,0.0,0.0,0.0,0.859890199869336,0.0,0.0,0.0,0.8789836679248896,0.0,0.0,0.8559754911545095,0.0,0.0,0.8737817734242849,0.0,0.0,0.8593229782090934,0.0,0.0,0.8368370228815358,0.8797576084462494,0.8960724489905199,0.8643340050176288,0.8687039332041225,0.0,0.0,0.0,0.0,0.0,0.0,0.0,0.0,0.0,0.0,0.0,0.8686595468590126,0.8670958218166254,0.0,0.8976068090192608,0.0,0.8527299063835617,0.8942577997411981,0.887588455433606,0.0,0.0,0.0,0.8577749641919334,0.857754007844117,0.0,0.0,0.0,0.0,0.0,0.8949400139969791,0.0,0.0,0.0,0.8683501046766552,0.8813315649438073,0.0,0.8874324428742915,0.0,0.0,0.8836762596523752,0.0,0.8664621210954283,0.8989859068077101,0.8482312539373774,0.8549784346184274,0.9000512668718219,0.0,0.0,0.0,0.0,0.0,0.0,0.8863506880782432,0.8362128847598131,0.0,0.0,0.0,0.0,0.0,0.0,0.0,0.0,0.0,0.0,0.0,0.0,0.0,0.0,0.8554470259443805,0.8622788420498915,0.8501958934397107,0.0,0.8806418257928875,0.0,0.0,0.0,0.0,0.8566563408973776,0.0,0.0,0.0,0.0,0.0,0.0,0.8750260912910097,0.0,0.0,0.8601978531128552,0.0,0.0,0.0,0.8527495684609205,0.0,0.0,0.0,0.0,0.0,0.0,0.0,0.8734460367435279,0.0,0.0,0.0,0.0,0.8734034317049107,0.0,0.0,0.0,0.0,0.0,0.0,0.0,0.8769641792574018,0.0,0.0,0.0,0.0,0.0,0.8346773426680726,0.0,0.0,0.0,0.8805234852677299,0.0,0.0,0.0,0.0,0.0,0.0,0.0,0.0,0.858523247010157,0.0,0.0,0.0,0.8579177335077389,0.0,0.0,0.865783688049178,0.8986442800193406,0.0,0.8524880491299379,0.0,0.8705513404651128,0.0,0.0,0.8699485519560738,0.0,0.0,0.8733489679433847
0.0,0.0,0.0,0.0,0.0,0.3873558885666321,0.0,0.0,0.0,0.0,0.38173233545647905,0.0,0.0,0.0,0.3937596488775014,0.0,0.0,0.4018890375701365,0.0,0.4105099103367158,0.38430664143978693,0.0,0.4204878150942014,0.0,0.40268051804202276,0.0,0.0,0.40505130691333247,0.0,0.0,0.3622603502227986,0.0,0.0,0.3664822302962801,0.38885351525426376,0.0,0.39285567315639985,0.4076329480684408,0.38304972623491695,0.0,0.37908314996045767,0.0,0.35865509144472274,0.4105276853149841,0.0,0.38798199292384156,0.39351203342245006,0.3806620731048339,0.0,0.0,0.36830863656142276,0.0,0.4536386432496592,0.4256685687013635,0.0,0.0,0.0,0.0,0.0,0.4164803288060043,0.4040335675036812,0.0,0.0,0.0,0.0,0.40230113946630175,0.41232447668800426,0.44291179893340965,0.3988299134460069,0.0,0.3640235883974103,0.0,0.40180863091415486,0.0,0.3934095010896832,0.36546187756171683,0.0,0.3748703959047862,0.0,0.0,0.0,0.4203984773401941,0.3762736758602035,0.0,0.40398639442132683,0.0,0.0,0.4358364004086735,0.3960479695202747,0.3863658593777356,0.42299652534703636,0.4121801802867244,0.3857759529549989,0.38450379084039693,0.0,0.0,0.0,0.40432680700405776,0.0,0.0,0.0,0.41889481042413684,0.4126584463018515,0.0,0.0,0.3622383913262461,0.0,0.3770416732976255,0.4153849355236818,0.0,0.0,0.0,0.41906715002731637,0.0,0.4149969203706185,0.0,0.0,0.38059046065711083,0.4179617967468434,0.0,0.41461836282792613,0.0,0.0,0.3875324712191051,0.4037417729102712,0.38714707665753884,0.0,0.0,0.3793625468504493,0.0,0.0,0.42654861069679495,0.0,0.0,0.0,0.3923880647964747,0.4114707221684689,0.0,0.37555214445075386,0.0,0.0,0.42066425797209367,0.40307394225520504,0.37974168580270207,0.0,0.0,0.0,0.0,0.43706340021742685,0.0,0.38366925270070434,0.0,0.41565624180320315,0.0,0.4139922054349792,0.38404600260062177,0.38598401354886663,0.0,0.38929044592313533,0.4055811601897063,0.417401924651905,0.0,0.430794685593999,0.0,0.0,0.40703737982187466,0.0,0.4028164790348059,0.38484739767639053,0.0,0.0,0.0,0.37794268722879365,0.41456169756045796,0.37415536317137044,0.0,0.0,0.3624665519124868,0.0,0.0,0.0,0.0,0.4153025733670062,0.0,0.0,0.0,0.41657436200903303,0.0,0.0,0.0,0.0,0.39793959067756335,0.0,0.0,0.0,0.44004039576027076,0.0,0.40338649288662215,0.0,0.0,0.0,0.0,0.4286291392096611,0.0,0.4311960292759958,0.3769391036406583,0.0,0.0,0.0,0.0,0.0,0.4126649619555685,0.0,0.0,0.0,0.0,0.0,0.0,0.41331150329057637,0.4094463950802016,0.41097808845904643,0.0,0.0,0.0,0.0,0.0,0.0,0.0,0.0,0.0,0.42116933832879744,0.0,0.432674299517017,0.0,0.0,0.0,0.40254387914981615,0.0,0.0,0.0,0.391224583744022,0.0,0.3815066389711601,0.4230637736458862,0.0,0.0,0.3985734760442638,0.0,0.0,0.0,0.0,0.0,0.4100971158352457,0.0,0.36056069564850657,0.41963152622959426,0.0,0.3676373077049808,0.40588333526304315,0.0,0.4173563036527927,0.0,0.41228435861765167,0.3982944480081472,0.0,0.0,0.40024417358753284,0.41631229481296844,0.0,0.0,0.0,0.4098200562235161,0.0,0.0,0.3924627587019837,0.0,0.41332920048935473,0.0,0.0,0.0,0.0,0.0,0.4115761407789807,0.0,0.3840779778625326,0.4177897189840082,0.0,0.37918510739508837,0.0,0.0,0.4016160753481794,0.0,0.0,0.0,0.0,0.0,0.0,0.0,0.0,0.0,0.0,0.0,0.3756880389376783,0.0,0.0,0.0,0.0,0.37246349894470343,0.0,0.39077743949035404,0.4179339510629196,0.0,0.0,0.0,0.0,0.43998942944046476,0.0,0.41214660972201006,0.4155153451538676,0.407597775205044,0.0,0.0,0.0,0.0,0.0,0.0,0.0,0.0,0.0,0.0,0.37412644284512525,0.38099250683666797,0.0,0.41346169130479066,0.0,0.37858477708080024,0.0,0.39591251776946335,0.42282096201786024,0.3922713763151253,0.0,0.0,0.0,0.3874541447993845,0.0,0.3922431721215732,0.0,0.4315232991802795,0.0,0.3470850475236187,0.0,0.0,0.0,0.0,0.0,0.0,0.0,0.39305911583469144,0.0,0.0,0.0,0.0,0.0,0.0,0.0,0.0,0.0,0.0,0.0,0.3705973954589807,0.0,0.4094968102459154,0.0,0.36215752602530493,0.0,0.3649873092925897,0.41846154320359186,0.0,0.0,0.0,0.3581287625716668,0.0,0.0,0.0,0.40050686767275273,0.4233883082758383,0.390151157783959,0.0,0.0,0.4238174103447563,0.0,0.0,0.40725049166075655,0.0,0.0,0.38418596089359536,0.0,0.0,0.0,0.0,0.0,0.42451147270864076,0.0,0.3922152268426554,0.42417901474244085,0.0,0.0,0.0,0.0,0.0,0.0,0.3820804391669068,0.39348384151662863,0.4146213114159237,0.4113111225093956,0.3803896772661352,0.0,0.0,0.0,0.0,0.0,0.0,0.39716300178289377,0.0,0.0,0.414635149491858,0.0,0.0,0.0,0.0,0.0,0.0,0.0,0.40742552456307973,0.0,0.0,0.0,0.0,0.38964647817912235,0.4157003426461878,0.0,0.0,0.3884442066346886,0.0,0.0,0.0,0.0,0.0,0.40508555120629364,0.0,0.43488959993507303,0.0,0.0,0.0,0.0,0.41127546151635613,0.38847353906429866,0.0,0.0,0.0,0.37775071447525177,0.4313420902950064,0.0,0.3840612494333629,0.4053876342979587,0.3813990023362506,0.0,0.0,0.0,0.37749148748131867,0.0,0.435800864178602,0.0,0.40531923298582667,0.0,0.0,0.0,0.0,0.4002240662084944,0.40490483331396604,0.4296154745579428,0.0,0.0,0.4554896903657923,0.0,0.0,0.0,0.0,0.0,0.0,0.0,0.37801337605268054,0.0,0.0,0.41261409033362256,0.37234052128489964,0.0,0.0,0.40425513450277883,0.41201730291798283,0.0,0.4102451038850619,0.3640856359145255,0.0,0.0,0.0,0.0,0.0,0.42930423234238824,0.0,0.4124567913862004,0.3836547657821244,0.0,0.38160341602480735,0.0,0.37045194724198016,0.0,0.4126497696747657,0.0,0.43018135358368753,0.0,0.40480616528216146,0.0,0.39855846977160564,0.38173497059406447,0.0,0.0,0.0,0.41628453937895954,0.0,0.0,0.0,0.0,0.0,0.3855727042453388,0.0,0.0,0.0,0.4028871957618162,0.0,0.0,0.0,0.0,0.0,0.4244505667426818,0.0,0.4085241459338135,0.38409967524979294,0.0,0.0,0.0,0.0,0.39970500671087106,0.0,0.382005488991337,0.0,0.0,0.383274721059072,0.38501041109111145,0.0,0.0,0.3941921273690974,0.41272774702907594,0.3943757239022597,0.35435702644216105,0.41270800618290876,0.419425544980883,0.4109071560823805,0.0,0.3848979880780986,0.0,0.3964795857303458,0.0,0.4137160030182867,0.0,0.0,0.0,0.0,0.3735572482616861,0.0,0.3716125739284424,0.0,0.0,0.3993399010621315,0.0,0.0,0.0,0.4431154560429638,0.0,0.39580905900182245,0.37175592812913405,0.0,0.0,0.0,0.3783563633711994,0.0,0.0,0.0,0.0,0.38944508766761243,0.42900946132202494,0.0,0.43780994889355485,0.0,0.0,0.4096247431690559,0.4234763887638689,0.0,0.0,0.0,0.0,0.0,0.0,0.0,0.0,0.3997388209394483,0.35913241419157826,0.0,0.0,0.3829137555737487,0.0,0.3844506435025229,0.0,0.0,0.40645051702763163,0.0,0.3617454688748437,0.0,0.40520221594914074,0.0,0.35796030425627096,0.0,0.0,0.0,0.0,0.0,0.0,0.0,0.0,0.4018451818186478,0.40432570865308376,0.0,0.0,0.37318614960542884,0.0,0.3557302882039101,0.0,0.39787651577289596,0.0,0.0,0.3811747563273376,0.40082062016535963,0.0,0.0,0.4218258811997706,0.39380600798023746,0.0,0.0,0.0,0.0,0.38460578342218,0.0,0.402581140811395,0.0,0.0,0.39252912947147106,0.4044423802065433,0.0,0.0,0.0,0.41239280684212926,0.0,0.0,0.0,0.40359144826104004,0.4023225340275023,0.3769145681406118,0.0,0.3900929071154503,0.0,0.4150348143039124,0.3987833931284375,0.0,0.0,0.0,0.40603507558015406,0.4048412678444288,0.0,0.4266046964593354,0.39616863986206874,0.0,0.43924187829445555,0.0,0.0,0.0,0.42824987693705385,0.386928046645935,0.0,0.39373968258405406,0.0,0.4183754312716537,0.0,0.0,0.0,0.42075173175908515,0.0,0.4091536962569697,0.4008770598992419,0.0,0.41462265945314725,0.0,0.0,0.3582148622383553,0.0,0.3781189281761602,0.0,0.4092578708962171,0.0,0.41230529209951905,0.0,0.0,0.0,0.0,0.0,0.0,0.3746665319318414,0.0,0.0,0.0,0.0,0.419956082084251,0.0,0.0,0.0,0.0,0.0,0.0,0.381299789768498,0.0,0.4044870449162824,0.0,0.0,0.40531769087595587,0.38858377010921447,0.0,0.40708005970433664,0.0,0.0,0.42463082995143864,0.4051019209891476,0.0,0.38988295178921,0.0,0.40748827311100866,0.0,0.42954934268066447,0.0,0.0,0.0,0.0,0.3824658682652288,0.37005244245128716,0.0,0.4112202131819314,0.0,0.41380413828561424,0.0,0.390754790338316,0.394774576210359,0.0,0.0,0.0,0.39335575407504497,0.41037894922944784,0.0,0.0,0.42682430373187674,0.43790519436694514,0.3759584137684287,0.0,0.3613523541946642,0.3791675508111014,0.0,0.0,0.0,0.0,0.3975320215507265,0.0,0.40045730015323694,0.0,0.39153600607434064,0.0,0.0,0.3773031672648366,0.0,0.0,0.38291449840012104,0.4185502857393074,0.0,0.38043549868507176,0.0,0.0,0.0,0.40020891832833144,0.0,0.0,0.0,0.0,0.0,0.0,0.0,0.0,0.0,0.0,0.0,0.41486261580124484,0.3928607151539878,0.3723381722977499,0.0,0.0,0.4114278843518265,0.0,0.0,0.0,0.41128958217498557,0.37948620474559785,0.3840047295946513,0.0,0.0,0.4029944831201069,0.0,0.39577879262732213,0.0,0.0,0.0,0.3658899883611343,0.4231102693114542,0.0,0.0,0.0,0.0,0.43090615399974785,0.4150289715030163,0.0,0.4234263617019933,0.40117028107646363,0.39659747808480766,0.0,0.4122198771770756,0.400072719888582,0.0,0.0,0.39441836444476475,0.0,0.0,0.39584130988065525,0.0,0.0,0.3862420187404464,0.41883230626133816,0.0,0.3949792302619124,0.0,0.0,0.4365059702556083,0.0,0.3931845978361353,0.0,0.40939328284059284,0.0,0.0,0.3662103084469565,0.390469118276985,0.0,0.0,0.0,0.0,0.0,0.0,0.0,0.3880787170879358,0.0,0.0,0.3946502367288874,0.0,0.0,0.0,0.0,0.39677054023740516,0.0,0.3863781811358999,0.0,0.0,0.425903508674612,0.4200998560874529,0.38765360505795987,0.0,0.41897474600951856,0.4096366165500927,0.4054750824881757,0.0,0.0,0.38763210337635956,0.39434056756999963,0.38182290329462293,0.0,0.3988314035144564,0.0,0.0,0.0,0.0,0.0,0.0,0.0,0.39305975822099937,0.0,0.4056960096142161,0.4119281807499238,0.0,0.38387156205700274,0.0,0.0,0.0,0.0,0.0,0.0,0.39874310488429066,0.42975277884026275,0.0,0.39836317082237227,0.0,0.0,0.0,0.4229748702717322,0.0,0.0,0.39828665866492785,0.3952120546477894,0.39666923309741464,0.0,0.0,0.4169920435594109,0.0,0.0,0.0,0.0,0.0,0.0,0.4164963931790079,0.3971652968229582,0.3756531541155153,0.4197764884332516,0.0,0.0,0.3938084744740731,0.0,0.0,0.0,0.37524365762492173,0.0,0.0,0.0,0.0,0.4016637391556514,0.0,0.38009871643139187,0.38250648088217415,0.0,0.3805764444098584,0.4119823086026718,0.0,0.3825935481681565,0.0,0.0,0.42539314739789036,0.0,0.41330488551887257,0.38946668886015723,0.0,0.0,0.4031262829565403,0.0,0.0,0.0,0.0,0.42483886296779805,0.3936488452612529,0.4267095770821571,0.0,0.38420030745498346,0.33831479325247893,0.3933264668989059,0.0,0.3544881654975211,0.0,0.0,0.0,0.0,0.0,0.0
